trial,model,decision,score,altscore,rt,distance,countA,countB,maxcount,maxspeed_front,maxspeed_back,correct_model,acc
ABABBABA,information,N,,,,4,4,4,4,0.5,0.5,relcount,-1
ABABBABA,information,N,,,,4,4,4,4,0.5,0.5,snr,0
ABABBABA,information,N,,,,4,4,4,4,0.5,0.5,gating_g04,-1
ABABBABA,information,N,,,,4,4,4,4,0.5,0.5,blca_l10_k01_wi01_leak01_beta01,0
ABABBABA,information,N,,,,4,4,4,4,0.5,0.5,naive,0
ABABBABA,information,N,,,,4,4,4,4,0.5,0.5,lba_k01_d01,0
ABABBABA,information,N,,,,4,4,4,4,0.5,0.5,abscount,-1
ABABBABA,information,N,,,,4,4,4,4,0.5,0.5,likelihood_ration,-1
ABABBABA,naive,B,0.75,0,4,4,4,4,4,0.5,0.5,information,0
ABABBABA,naive,B,0.75,0,4,4,4,4,4,0.5,0.5,snr,1
ABABBABA,naive,B,0.75,0,4,4,4,4,4,0.5,0.5,relcount,0
ABABBABA,naive,B,0.75,0,4,4,4,4,4,0.5,0.5,blca_l10_k01_wi01_leak01_beta01,1
ABABBABA,naive,B,0.75,0,4,4,4,4,4,0.5,0.5,gating_g04,0
ABABBABA,naive,B,0.75,0,4,4,4,4,4,0.5,0.5,lba_k01_d01,0
ABABBABA,naive,B,0.75,0,4,4,4,4,4,0.5,0.5,abscount,0
ABABBABA,naive,B,0.75,0,4,4,4,4,4,0.5,0.5,likelihood_ration,0
ABABBABA,lba_k01_d01,A,0.8,0.1,7,4,4,4,4,0.5,0.5,information,0
ABABBABA,lba_k01_d01,A,0.8,0.1,7,4,4,4,4,0.5,0.5,relcount,0
ABABBABA,lba_k01_d01,A,0.8,0.1,7,4,4,4,4,0.5,0.5,snr,0
ABABBABA,lba_k01_d01,A,0.8,0.1,7,4,4,4,4,0.5,0.5,gating_g04,0
ABABBABA,lba_k01_d01,A,0.8,0.1,7,4,4,4,4,0.5,0.5,blca_l10_k01_wi01_leak01_beta01,0
ABABBABA,lba_k01_d01,A,0.8,0.1,7,4,4,4,4,0.5,0.5,naive,0
ABABBABA,lba_k01_d01,A,0.8,0.1,7,4,4,4,4,0.5,0.5,abscount,0
ABABBABA,lba_k01_d01,A,0.8,0.1,7,4,4,4,4,0.5,0.5,likelihood_ration,0
ABABBABA,abscount,N,,,,4,4,4,4,0.5,0.5,information,-1
ABABBABA,abscount,N,,,,4,4,4,4,0.5,0.5,snr,0
ABABBABA,abscount,N,,,,4,4,4,4,0.5,0.5,gating_g04,-1
ABABBABA,abscount,N,,,,4,4,4,4,0.5,0.5,blca_l10_k01_wi01_leak01_beta01,0
ABABBABA,abscount,N,,,,4,4,4,4,0.5,0.5,naive,0
ABABBABA,abscount,N,,,,4,4,4,4,0.5,0.5,lba_k01_d01,0
ABABBABA,abscount,N,,,,4,4,4,4,0.5,0.5,relcount,-1
ABABBABA,abscount,N,,,,4,4,4,4,0.5,0.5,likelihood_ration,-1
ABABBABA,snr,B,2.0,0.0,2,4,4,4,4,0.5,0.5,information,0
ABABBABA,snr,B,2.0,0.0,2,4,4,4,4,0.5,0.5,gating_g04,0
ABABBABA,snr,B,2.0,0.0,2,4,4,4,4,0.5,0.5,relcount,0
ABABBABA,snr,B,2.0,0.0,2,4,4,4,4,0.5,0.5,blca_l10_k01_wi01_leak01_beta01,1
ABABBABA,snr,B,2.0,0.0,2,4,4,4,4,0.5,0.5,naive,1
ABABBABA,snr,B,2.0,0.0,2,4,4,4,4,0.5,0.5,lba_k01_d01,0
ABABBABA,snr,B,2.0,0.0,2,4,4,4,4,0.5,0.5,abscount,0
ABABBABA,snr,B,2.0,0.0,2,4,4,4,4,0.5,0.5,likelihood_ration,0
ABABBABA,blca_l10_k01_wi01_leak01_beta01,B,1.98,-0.98,1,4,4,4,4,0.5,0.5,information,0
ABABBABA,blca_l10_k01_wi01_leak01_beta01,B,1.98,-0.98,1,4,4,4,4,0.5,0.5,snr,1
ABABBABA,blca_l10_k01_wi01_leak01_beta01,B,1.98,-0.98,1,4,4,4,4,0.5,0.5,relcount,0
ABABBABA,blca_l10_k01_wi01_leak01_beta01,B,1.98,-0.98,1,4,4,4,4,0.5,0.5,gating_g04,0
ABABBABA,blca_l10_k01_wi01_leak01_beta01,B,1.98,-0.98,1,4,4,4,4,0.5,0.5,naive,1
ABABBABA,blca_l10_k01_wi01_leak01_beta01,B,1.98,-0.98,1,4,4,4,4,0.5,0.5,lba_k01_d01,0
ABABBABA,blca_l10_k01_wi01_leak01_beta01,B,1.98,-0.98,1,4,4,4,4,0.5,0.5,abscount,0
ABABBABA,blca_l10_k01_wi01_leak01_beta01,B,1.98,-0.98,1,4,4,4,4,0.5,0.5,likelihood_ration,0
ABABBABA,gating_g04,N,,,,4,4,4,4,0.5,0.5,information,-1
ABABBABA,gating_g04,N,,,,4,4,4,4,0.5,0.5,snr,0
ABABBABA,gating_g04,N,,,,4,4,4,4,0.5,0.5,relcount,-1
ABABBABA,gating_g04,N,,,,4,4,4,4,0.5,0.5,blca_l10_k01_wi01_leak01_beta01,0
ABABBABA,gating_g04,N,,,,4,4,4,4,0.5,0.5,naive,0
ABABBABA,gating_g04,N,,,,4,4,4,4,0.5,0.5,lba_k01_d01,0
ABABBABA,gating_g04,N,,,,4,4,4,4,0.5,0.5,abscount,-1
ABABBABA,gating_g04,N,,,,4,4,4,4,0.5,0.5,likelihood_ration,-1
ABABBABA,relcount,N,,,,4,4,4,4,0.5,0.5,information,-1
ABABBABA,relcount,N,,,,4,4,4,4,0.5,0.5,snr,0
ABABBABA,relcount,N,,,,4,4,4,4,0.5,0.5,gating_g04,-1
ABABBABA,relcount,N,,,,4,4,4,4,0.5,0.5,blca_l10_k01_wi01_leak01_beta01,0
ABABBABA,relcount,N,,,,4,4,4,4,0.5,0.5,naive,0
ABABBABA,relcount,N,,,,4,4,4,4,0.5,0.5,lba_k01_d01,0
ABABBABA,relcount,N,,,,4,4,4,4,0.5,0.5,abscount,-1
ABABBABA,relcount,N,,,,4,4,4,4,0.5,0.5,likelihood_ration,-1
ABABBABA,likelihood_ration,N,,,,4,4,4,4,0.5,0.5,information,-1
ABABBABA,likelihood_ration,N,,,,4,4,4,4,0.5,0.5,relcount,-1
ABABBABA,likelihood_ration,N,,,,4,4,4,4,0.5,0.5,snr,0
ABABBABA,likelihood_ration,N,,,,4,4,4,4,0.5,0.5,gating_g04,-1
ABABBABA,likelihood_ration,N,,,,4,4,4,4,0.5,0.5,blca_l10_k01_wi01_leak01_beta01,0
ABABBABA,likelihood_ration,N,,,,4,4,4,4,0.5,0.5,naive,0
ABABBABA,likelihood_ration,N,,,,4,4,4,4,0.5,0.5,lba_k01_d01,0
ABABBABA,likelihood_ration,N,,,,4,4,4,4,0.5,0.5,abscount,-1
ABABBABB,information,N,,,,3,3,5,5,0.5,0.75,relcount,-1
ABABBABB,information,N,,,,3,3,5,5,0.5,0.75,snr,0
ABABBABB,information,N,,,,3,3,5,5,0.5,0.75,gating_g04,-1
ABABBABB,information,N,,,,3,3,5,5,0.5,0.75,blca_l10_k01_wi01_leak01_beta01,0
ABABBABB,information,N,,,,3,3,5,5,0.5,0.75,naive,0
ABABBABB,information,N,,,,3,3,5,5,0.5,0.75,lba_k01_d01,0
ABABBABB,information,N,,,,3,3,5,5,0.5,0.75,abscount,-1
ABABBABB,information,N,,,,3,3,5,5,0.5,0.75,likelihood_ration,-1
ABABBABB,naive,B,0.75,0,4,3,3,5,5,0.5,0.75,information,0
ABABBABB,naive,B,0.75,0,4,3,3,5,5,0.5,0.75,snr,1
ABABBABB,naive,B,0.75,0,4,3,3,5,5,0.5,0.75,relcount,0
ABABBABB,naive,B,0.75,0,4,3,3,5,5,0.5,0.75,blca_l10_k01_wi01_leak01_beta01,1
ABABBABB,naive,B,0.75,0,4,3,3,5,5,0.5,0.75,gating_g04,0
ABABBABB,naive,B,0.75,0,4,3,3,5,5,0.5,0.75,lba_k01_d01,0
ABABBABB,naive,B,0.75,0,4,3,3,5,5,0.5,0.75,abscount,0
ABABBABB,naive,B,0.75,0,4,3,3,5,5,0.5,0.75,likelihood_ration,0
ABABBABB,lba_k01_d01,A,0.8,0.1,7,3,3,5,5,0.5,0.75,information,0
ABABBABB,lba_k01_d01,A,0.8,0.1,7,3,3,5,5,0.5,0.75,relcount,0
ABABBABB,lba_k01_d01,A,0.8,0.1,7,3,3,5,5,0.5,0.75,snr,0
ABABBABB,lba_k01_d01,A,0.8,0.1,7,3,3,5,5,0.5,0.75,gating_g04,0
ABABBABB,lba_k01_d01,A,0.8,0.1,7,3,3,5,5,0.5,0.75,blca_l10_k01_wi01_leak01_beta01,0
ABABBABB,lba_k01_d01,A,0.8,0.1,7,3,3,5,5,0.5,0.75,naive,0
ABABBABB,lba_k01_d01,A,0.8,0.1,7,3,3,5,5,0.5,0.75,abscount,0
ABABBABB,lba_k01_d01,A,0.8,0.1,7,3,3,5,5,0.5,0.75,likelihood_ration,0
ABABBABB,abscount,N,,,,3,3,5,5,0.5,0.75,information,-1
ABABBABB,abscount,N,,,,3,3,5,5,0.5,0.75,snr,0
ABABBABB,abscount,N,,,,3,3,5,5,0.5,0.75,gating_g04,-1
ABABBABB,abscount,N,,,,3,3,5,5,0.5,0.75,blca_l10_k01_wi01_leak01_beta01,0
ABABBABB,abscount,N,,,,3,3,5,5,0.5,0.75,naive,0
ABABBABB,abscount,N,,,,3,3,5,5,0.5,0.75,lba_k01_d01,0
ABABBABB,abscount,N,,,,3,3,5,5,0.5,0.75,relcount,-1
ABABBABB,abscount,N,,,,3,3,5,5,0.5,0.75,likelihood_ration,-1
ABABBABB,snr,B,2.0,0.0,2,3,3,5,5,0.5,0.75,information,0
ABABBABB,snr,B,2.0,0.0,2,3,3,5,5,0.5,0.75,gating_g04,0
ABABBABB,snr,B,2.0,0.0,2,3,3,5,5,0.5,0.75,relcount,0
ABABBABB,snr,B,2.0,0.0,2,3,3,5,5,0.5,0.75,blca_l10_k01_wi01_leak01_beta01,1
ABABBABB,snr,B,2.0,0.0,2,3,3,5,5,0.5,0.75,naive,1
ABABBABB,snr,B,2.0,0.0,2,3,3,5,5,0.5,0.75,lba_k01_d01,0
ABABBABB,snr,B,2.0,0.0,2,3,3,5,5,0.5,0.75,abscount,0
ABABBABB,snr,B,2.0,0.0,2,3,3,5,5,0.5,0.75,likelihood_ration,0
ABABBABB,blca_l10_k01_wi01_leak01_beta01,B,1.98,-0.98,1,3,3,5,5,0.5,0.75,information,0
ABABBABB,blca_l10_k01_wi01_leak01_beta01,B,1.98,-0.98,1,3,3,5,5,0.5,0.75,snr,1
ABABBABB,blca_l10_k01_wi01_leak01_beta01,B,1.98,-0.98,1,3,3,5,5,0.5,0.75,relcount,0
ABABBABB,blca_l10_k01_wi01_leak01_beta01,B,1.98,-0.98,1,3,3,5,5,0.5,0.75,gating_g04,0
ABABBABB,blca_l10_k01_wi01_leak01_beta01,B,1.98,-0.98,1,3,3,5,5,0.5,0.75,naive,1
ABABBABB,blca_l10_k01_wi01_leak01_beta01,B,1.98,-0.98,1,3,3,5,5,0.5,0.75,lba_k01_d01,0
ABABBABB,blca_l10_k01_wi01_leak01_beta01,B,1.98,-0.98,1,3,3,5,5,0.5,0.75,abscount,0
ABABBABB,blca_l10_k01_wi01_leak01_beta01,B,1.98,-0.98,1,3,3,5,5,0.5,0.75,likelihood_ration,0
ABABBABB,gating_g04,N,,,,3,3,5,5,0.5,0.75,information,-1
ABABBABB,gating_g04,N,,,,3,3,5,5,0.5,0.75,snr,0
ABABBABB,gating_g04,N,,,,3,3,5,5,0.5,0.75,relcount,-1
ABABBABB,gating_g04,N,,,,3,3,5,5,0.5,0.75,blca_l10_k01_wi01_leak01_beta01,0
ABABBABB,gating_g04,N,,,,3,3,5,5,0.5,0.75,naive,0
ABABBABB,gating_g04,N,,,,3,3,5,5,0.5,0.75,lba_k01_d01,0
ABABBABB,gating_g04,N,,,,3,3,5,5,0.5,0.75,abscount,-1
ABABBABB,gating_g04,N,,,,3,3,5,5,0.5,0.75,likelihood_ration,-1
ABABBABB,relcount,N,,,,3,3,5,5,0.5,0.75,information,-1
ABABBABB,relcount,N,,,,3,3,5,5,0.5,0.75,snr,0
ABABBABB,relcount,N,,,,3,3,5,5,0.5,0.75,gating_g04,-1
ABABBABB,relcount,N,,,,3,3,5,5,0.5,0.75,blca_l10_k01_wi01_leak01_beta01,0
ABABBABB,relcount,N,,,,3,3,5,5,0.5,0.75,naive,0
ABABBABB,relcount,N,,,,3,3,5,5,0.5,0.75,lba_k01_d01,0
ABABBABB,relcount,N,,,,3,3,5,5,0.5,0.75,abscount,-1
ABABBABB,relcount,N,,,,3,3,5,5,0.5,0.75,likelihood_ration,-1
ABABBABB,likelihood_ration,N,,,,3,3,5,5,0.5,0.75,information,-1
ABABBABB,likelihood_ration,N,,,,3,3,5,5,0.5,0.75,relcount,-1
ABABBABB,likelihood_ration,N,,,,3,3,5,5,0.5,0.75,snr,0
ABABBABB,likelihood_ration,N,,,,3,3,5,5,0.5,0.75,gating_g04,-1
ABABBABB,likelihood_ration,N,,,,3,3,5,5,0.5,0.75,blca_l10_k01_wi01_leak01_beta01,0
ABABBABB,likelihood_ration,N,,,,3,3,5,5,0.5,0.75,naive,0
ABABBABB,likelihood_ration,N,,,,3,3,5,5,0.5,0.75,lba_k01_d01,0
ABABBABB,likelihood_ration,N,,,,3,3,5,5,0.5,0.75,abscount,-1
ABAABBBA,information,N,,,,4,4,4,4,0.75,0.75,relcount,-1
ABAABBBA,information,N,,,,4,4,4,4,0.75,0.75,snr,0
ABAABBBA,information,N,,,,4,4,4,4,0.75,0.75,gating_g04,-1
ABAABBBA,information,N,,,,4,4,4,4,0.75,0.75,blca_l10_k01_wi01_leak01_beta01,0
ABAABBBA,information,N,,,,4,4,4,4,0.75,0.75,naive,0
ABAABBBA,information,N,,,,4,4,4,4,0.75,0.75,lba_k01_d01,0
ABAABBBA,information,N,,,,4,4,4,4,0.75,0.75,abscount,-1
ABAABBBA,information,N,,,,4,4,4,4,0.75,0.75,likelihood_ration,-1
ABAABBBA,naive,A,0.75,0,3,4,4,4,4,0.75,0.75,information,0
ABAABBBA,naive,A,0.75,0,3,4,4,4,4,0.75,0.75,snr,0
ABAABBBA,naive,A,0.75,0,3,4,4,4,4,0.75,0.75,relcount,0
ABAABBBA,naive,A,0.75,0,3,4,4,4,4,0.75,0.75,blca_l10_k01_wi01_leak01_beta01,0
ABAABBBA,naive,A,0.75,0,3,4,4,4,4,0.75,0.75,gating_g04,0
ABAABBBA,naive,A,0.75,0,3,4,4,4,4,0.75,0.75,lba_k01_d01,1
ABAABBBA,naive,A,0.75,0,3,4,4,4,4,0.75,0.75,abscount,0
ABAABBBA,naive,A,0.75,0,3,4,4,4,4,0.75,0.75,likelihood_ration,0
ABAABBBA,lba_k01_d01,A,0.8,0.1,7,4,4,4,4,0.75,0.75,information,0
ABAABBBA,lba_k01_d01,A,0.8,0.1,7,4,4,4,4,0.75,0.75,relcount,0
ABAABBBA,lba_k01_d01,A,0.8,0.1,7,4,4,4,4,0.75,0.75,snr,0
ABAABBBA,lba_k01_d01,A,0.8,0.1,7,4,4,4,4,0.75,0.75,gating_g04,0
ABAABBBA,lba_k01_d01,A,0.8,0.1,7,4,4,4,4,0.75,0.75,blca_l10_k01_wi01_leak01_beta01,0
ABAABBBA,lba_k01_d01,A,0.8,0.1,7,4,4,4,4,0.75,0.75,naive,1
ABAABBBA,lba_k01_d01,A,0.8,0.1,7,4,4,4,4,0.75,0.75,abscount,0
ABAABBBA,lba_k01_d01,A,0.8,0.1,7,4,4,4,4,0.75,0.75,likelihood_ration,0
ABAABBBA,abscount,N,,,,4,4,4,4,0.75,0.75,information,-1
ABAABBBA,abscount,N,,,,4,4,4,4,0.75,0.75,snr,0
ABAABBBA,abscount,N,,,,4,4,4,4,0.75,0.75,gating_g04,-1
ABAABBBA,abscount,N,,,,4,4,4,4,0.75,0.75,blca_l10_k01_wi01_leak01_beta01,0
ABAABBBA,abscount,N,,,,4,4,4,4,0.75,0.75,naive,0
ABAABBBA,abscount,N,,,,4,4,4,4,0.75,0.75,lba_k01_d01,0
ABAABBBA,abscount,N,,,,4,4,4,4,0.75,0.75,relcount,-1
ABAABBBA,abscount,N,,,,4,4,4,4,0.75,0.75,likelihood_ration,-1
ABAABBBA,snr,B,2.0,0.0,2,4,4,4,4,0.75,0.75,information,0
ABAABBBA,snr,B,2.0,0.0,2,4,4,4,4,0.75,0.75,gating_g04,0
ABAABBBA,snr,B,2.0,0.0,2,4,4,4,4,0.75,0.75,relcount,0
ABAABBBA,snr,B,2.0,0.0,2,4,4,4,4,0.75,0.75,blca_l10_k01_wi01_leak01_beta01,1
ABAABBBA,snr,B,2.0,0.0,2,4,4,4,4,0.75,0.75,naive,0
ABAABBBA,snr,B,2.0,0.0,2,4,4,4,4,0.75,0.75,lba_k01_d01,0
ABAABBBA,snr,B,2.0,0.0,2,4,4,4,4,0.75,0.75,abscount,0
ABAABBBA,snr,B,2.0,0.0,2,4,4,4,4,0.75,0.75,likelihood_ration,0
ABAABBBA,blca_l10_k01_wi01_leak01_beta01,B,1.98,-0.98,1,4,4,4,4,0.75,0.75,information,0
ABAABBBA,blca_l10_k01_wi01_leak01_beta01,B,1.98,-0.98,1,4,4,4,4,0.75,0.75,snr,1
ABAABBBA,blca_l10_k01_wi01_leak01_beta01,B,1.98,-0.98,1,4,4,4,4,0.75,0.75,relcount,0
ABAABBBA,blca_l10_k01_wi01_leak01_beta01,B,1.98,-0.98,1,4,4,4,4,0.75,0.75,gating_g04,0
ABAABBBA,blca_l10_k01_wi01_leak01_beta01,B,1.98,-0.98,1,4,4,4,4,0.75,0.75,naive,0
ABAABBBA,blca_l10_k01_wi01_leak01_beta01,B,1.98,-0.98,1,4,4,4,4,0.75,0.75,lba_k01_d01,0
ABAABBBA,blca_l10_k01_wi01_leak01_beta01,B,1.98,-0.98,1,4,4,4,4,0.75,0.75,abscount,0
ABAABBBA,blca_l10_k01_wi01_leak01_beta01,B,1.98,-0.98,1,4,4,4,4,0.75,0.75,likelihood_ration,0
ABAABBBA,gating_g04,N,,,,4,4,4,4,0.75,0.75,information,-1
ABAABBBA,gating_g04,N,,,,4,4,4,4,0.75,0.75,snr,0
ABAABBBA,gating_g04,N,,,,4,4,4,4,0.75,0.75,relcount,-1
ABAABBBA,gating_g04,N,,,,4,4,4,4,0.75,0.75,blca_l10_k01_wi01_leak01_beta01,0
ABAABBBA,gating_g04,N,,,,4,4,4,4,0.75,0.75,naive,0
ABAABBBA,gating_g04,N,,,,4,4,4,4,0.75,0.75,lba_k01_d01,0
ABAABBBA,gating_g04,N,,,,4,4,4,4,0.75,0.75,abscount,-1
ABAABBBA,gating_g04,N,,,,4,4,4,4,0.75,0.75,likelihood_ration,-1
ABAABBBA,relcount,N,,,,4,4,4,4,0.75,0.75,information,-1
ABAABBBA,relcount,N,,,,4,4,4,4,0.75,0.75,snr,0
ABAABBBA,relcount,N,,,,4,4,4,4,0.75,0.75,gating_g04,-1
ABAABBBA,relcount,N,,,,4,4,4,4,0.75,0.75,blca_l10_k01_wi01_leak01_beta01,0
ABAABBBA,relcount,N,,,,4,4,4,4,0.75,0.75,naive,0
ABAABBBA,relcount,N,,,,4,4,4,4,0.75,0.75,lba_k01_d01,0
ABAABBBA,relcount,N,,,,4,4,4,4,0.75,0.75,abscount,-1
ABAABBBA,relcount,N,,,,4,4,4,4,0.75,0.75,likelihood_ration,-1
ABAABBBA,likelihood_ration,N,,,,4,4,4,4,0.75,0.75,information,-1
ABAABBBA,likelihood_ration,N,,,,4,4,4,4,0.75,0.75,relcount,-1
ABAABBBA,likelihood_ration,N,,,,4,4,4,4,0.75,0.75,snr,0
ABAABBBA,likelihood_ration,N,,,,4,4,4,4,0.75,0.75,gating_g04,-1
ABAABBBA,likelihood_ration,N,,,,4,4,4,4,0.75,0.75,blca_l10_k01_wi01_leak01_beta01,0
ABAABBBA,likelihood_ration,N,,,,4,4,4,4,0.75,0.75,naive,0
ABAABBBA,likelihood_ration,N,,,,4,4,4,4,0.75,0.75,lba_k01_d01,0
ABAABBBA,likelihood_ration,N,,,,4,4,4,4,0.75,0.75,abscount,-1
ABABABBB,information,N,,,,1,3,5,5,0.5,0.75,relcount,-1
ABABABBB,information,N,,,,1,3,5,5,0.5,0.75,snr,0
ABABABBB,information,N,,,,1,3,5,5,0.5,0.75,gating_g04,-1
ABABABBB,information,N,,,,1,3,5,5,0.5,0.75,blca_l10_k01_wi01_leak01_beta01,0
ABABABBB,information,N,,,,1,3,5,5,0.5,0.75,naive,0
ABABABBB,information,N,,,,1,3,5,5,0.5,0.75,lba_k01_d01,0
ABABABBB,information,N,,,,1,3,5,5,0.5,0.75,abscount,-1
ABABABBB,information,N,,,,1,3,5,5,0.5,0.75,likelihood_ration,-1
ABABABBB,naive,B,0.75,0,6,1,3,5,5,0.5,0.75,information,0
ABABABBB,naive,B,0.75,0,6,1,3,5,5,0.5,0.75,snr,1
ABABABBB,naive,B,0.75,0,6,1,3,5,5,0.5,0.75,relcount,0
ABABABBB,naive,B,0.75,0,6,1,3,5,5,0.5,0.75,blca_l10_k01_wi01_leak01_beta01,1
ABABABBB,naive,B,0.75,0,6,1,3,5,5,0.5,0.75,gating_g04,0
ABABABBB,naive,B,0.75,0,6,1,3,5,5,0.5,0.75,lba_k01_d01,0
ABABABBB,naive,B,0.75,0,6,1,3,5,5,0.5,0.75,abscount,0
ABABABBB,naive,B,0.75,0,6,1,3,5,5,0.5,0.75,likelihood_ration,0
ABABABBB,lba_k01_d01,A,0.8,0.1,7,1,3,5,5,0.5,0.75,information,0
ABABABBB,lba_k01_d01,A,0.8,0.1,7,1,3,5,5,0.5,0.75,relcount,0
ABABABBB,lba_k01_d01,A,0.8,0.1,7,1,3,5,5,0.5,0.75,snr,0
ABABABBB,lba_k01_d01,A,0.8,0.1,7,1,3,5,5,0.5,0.75,gating_g04,0
ABABABBB,lba_k01_d01,A,0.8,0.1,7,1,3,5,5,0.5,0.75,blca_l10_k01_wi01_leak01_beta01,0
ABABABBB,lba_k01_d01,A,0.8,0.1,7,1,3,5,5,0.5,0.75,naive,0
ABABABBB,lba_k01_d01,A,0.8,0.1,7,1,3,5,5,0.5,0.75,abscount,0
ABABABBB,lba_k01_d01,A,0.8,0.1,7,1,3,5,5,0.5,0.75,likelihood_ration,0
ABABABBB,abscount,N,,,,1,3,5,5,0.5,0.75,information,-1
ABABABBB,abscount,N,,,,1,3,5,5,0.5,0.75,snr,0
ABABABBB,abscount,N,,,,1,3,5,5,0.5,0.75,gating_g04,-1
ABABABBB,abscount,N,,,,1,3,5,5,0.5,0.75,blca_l10_k01_wi01_leak01_beta01,0
ABABABBB,abscount,N,,,,1,3,5,5,0.5,0.75,naive,0
ABABABBB,abscount,N,,,,1,3,5,5,0.5,0.75,lba_k01_d01,0
ABABABBB,abscount,N,,,,1,3,5,5,0.5,0.75,relcount,-1
ABABABBB,abscount,N,,,,1,3,5,5,0.5,0.75,likelihood_ration,-1
ABABABBB,snr,B,2.0,0.0,2,1,3,5,5,0.5,0.75,information,0
ABABABBB,snr,B,2.0,0.0,2,1,3,5,5,0.5,0.75,gating_g04,0
ABABABBB,snr,B,2.0,0.0,2,1,3,5,5,0.5,0.75,relcount,0
ABABABBB,snr,B,2.0,0.0,2,1,3,5,5,0.5,0.75,blca_l10_k01_wi01_leak01_beta01,1
ABABABBB,snr,B,2.0,0.0,2,1,3,5,5,0.5,0.75,naive,1
ABABABBB,snr,B,2.0,0.0,2,1,3,5,5,0.5,0.75,lba_k01_d01,0
ABABABBB,snr,B,2.0,0.0,2,1,3,5,5,0.5,0.75,abscount,0
ABABABBB,snr,B,2.0,0.0,2,1,3,5,5,0.5,0.75,likelihood_ration,0
ABABABBB,blca_l10_k01_wi01_leak01_beta01,B,1.98,-0.98,1,1,3,5,5,0.5,0.75,information,0
ABABABBB,blca_l10_k01_wi01_leak01_beta01,B,1.98,-0.98,1,1,3,5,5,0.5,0.75,snr,1
ABABABBB,blca_l10_k01_wi01_leak01_beta01,B,1.98,-0.98,1,1,3,5,5,0.5,0.75,relcount,0
ABABABBB,blca_l10_k01_wi01_leak01_beta01,B,1.98,-0.98,1,1,3,5,5,0.5,0.75,gating_g04,0
ABABABBB,blca_l10_k01_wi01_leak01_beta01,B,1.98,-0.98,1,1,3,5,5,0.5,0.75,naive,1
ABABABBB,blca_l10_k01_wi01_leak01_beta01,B,1.98,-0.98,1,1,3,5,5,0.5,0.75,lba_k01_d01,0
ABABABBB,blca_l10_k01_wi01_leak01_beta01,B,1.98,-0.98,1,1,3,5,5,0.5,0.75,abscount,0
ABABABBB,blca_l10_k01_wi01_leak01_beta01,B,1.98,-0.98,1,1,3,5,5,0.5,0.75,likelihood_ration,0
ABABABBB,gating_g04,N,,,,1,3,5,5,0.5,0.75,information,-1
ABABABBB,gating_g04,N,,,,1,3,5,5,0.5,0.75,snr,0
ABABABBB,gating_g04,N,,,,1,3,5,5,0.5,0.75,relcount,-1
ABABABBB,gating_g04,N,,,,1,3,5,5,0.5,0.75,blca_l10_k01_wi01_leak01_beta01,0
ABABABBB,gating_g04,N,,,,1,3,5,5,0.5,0.75,naive,0
ABABABBB,gating_g04,N,,,,1,3,5,5,0.5,0.75,lba_k01_d01,0
ABABABBB,gating_g04,N,,,,1,3,5,5,0.5,0.75,abscount,-1
ABABABBB,gating_g04,N,,,,1,3,5,5,0.5,0.75,likelihood_ration,-1
ABABABBB,relcount,N,,,,1,3,5,5,0.5,0.75,information,-1
ABABABBB,relcount,N,,,,1,3,5,5,0.5,0.75,snr,0
ABABABBB,relcount,N,,,,1,3,5,5,0.5,0.75,gating_g04,-1
ABABABBB,relcount,N,,,,1,3,5,5,0.5,0.75,blca_l10_k01_wi01_leak01_beta01,0
ABABABBB,relcount,N,,,,1,3,5,5,0.5,0.75,naive,0
ABABABBB,relcount,N,,,,1,3,5,5,0.5,0.75,lba_k01_d01,0
ABABABBB,relcount,N,,,,1,3,5,5,0.5,0.75,abscount,-1
ABABABBB,relcount,N,,,,1,3,5,5,0.5,0.75,likelihood_ration,-1
ABABABBB,likelihood_ration,N,,,,1,3,5,5,0.5,0.75,information,-1
ABABABBB,likelihood_ration,N,,,,1,3,5,5,0.5,0.75,relcount,-1
ABABABBB,likelihood_ration,N,,,,1,3,5,5,0.5,0.75,snr,0
ABABABBB,likelihood_ration,N,,,,1,3,5,5,0.5,0.75,gating_g04,-1
ABABABBB,likelihood_ration,N,,,,1,3,5,5,0.5,0.75,blca_l10_k01_wi01_leak01_beta01,0
ABABABBB,likelihood_ration,N,,,,1,3,5,5,0.5,0.75,naive,0
ABABABBB,likelihood_ration,N,,,,1,3,5,5,0.5,0.75,lba_k01_d01,0
ABABABBB,likelihood_ration,N,,,,1,3,5,5,0.5,0.75,abscount,-1
ABABABBA,information,N,,,,2,4,4,4,0.5,0.5,relcount,-1
ABABABBA,information,N,,,,2,4,4,4,0.5,0.5,snr,0
ABABABBA,information,N,,,,2,4,4,4,0.5,0.5,gating_g04,-1
ABABABBA,information,N,,,,2,4,4,4,0.5,0.5,blca_l10_k01_wi01_leak01_beta01,0
ABABABBA,information,N,,,,2,4,4,4,0.5,0.5,naive,0
ABABABBA,information,N,,,,2,4,4,4,0.5,0.5,lba_k01_d01,0
ABABABBA,information,N,,,,2,4,4,4,0.5,0.5,abscount,-1
ABABABBA,information,N,,,,2,4,4,4,0.5,0.5,likelihood_ration,-1
ABABABBA,naive,B,0.75,0,6,2,4,4,4,0.5,0.5,information,0
ABABABBA,naive,B,0.75,0,6,2,4,4,4,0.5,0.5,snr,1
ABABABBA,naive,B,0.75,0,6,2,4,4,4,0.5,0.5,relcount,0
ABABABBA,naive,B,0.75,0,6,2,4,4,4,0.5,0.5,blca_l10_k01_wi01_leak01_beta01,1
ABABABBA,naive,B,0.75,0,6,2,4,4,4,0.5,0.5,gating_g04,0
ABABABBA,naive,B,0.75,0,6,2,4,4,4,0.5,0.5,lba_k01_d01,0
ABABABBA,naive,B,0.75,0,6,2,4,4,4,0.5,0.5,abscount,0
ABABABBA,naive,B,0.75,0,6,2,4,4,4,0.5,0.5,likelihood_ration,0
ABABABBA,lba_k01_d01,A,0.8,0.1,7,2,4,4,4,0.5,0.5,information,0
ABABABBA,lba_k01_d01,A,0.8,0.1,7,2,4,4,4,0.5,0.5,relcount,0
ABABABBA,lba_k01_d01,A,0.8,0.1,7,2,4,4,4,0.5,0.5,snr,0
ABABABBA,lba_k01_d01,A,0.8,0.1,7,2,4,4,4,0.5,0.5,gating_g04,0
ABABABBA,lba_k01_d01,A,0.8,0.1,7,2,4,4,4,0.5,0.5,blca_l10_k01_wi01_leak01_beta01,0
ABABABBA,lba_k01_d01,A,0.8,0.1,7,2,4,4,4,0.5,0.5,naive,0
ABABABBA,lba_k01_d01,A,0.8,0.1,7,2,4,4,4,0.5,0.5,abscount,0
ABABABBA,lba_k01_d01,A,0.8,0.1,7,2,4,4,4,0.5,0.5,likelihood_ration,0
ABABABBA,abscount,N,,,,2,4,4,4,0.5,0.5,information,-1
ABABABBA,abscount,N,,,,2,4,4,4,0.5,0.5,snr,0
ABABABBA,abscount,N,,,,2,4,4,4,0.5,0.5,gating_g04,-1
ABABABBA,abscount,N,,,,2,4,4,4,0.5,0.5,blca_l10_k01_wi01_leak01_beta01,0
ABABABBA,abscount,N,,,,2,4,4,4,0.5,0.5,naive,0
ABABABBA,abscount,N,,,,2,4,4,4,0.5,0.5,lba_k01_d01,0
ABABABBA,abscount,N,,,,2,4,4,4,0.5,0.5,relcount,-1
ABABABBA,abscount,N,,,,2,4,4,4,0.5,0.5,likelihood_ration,-1
ABABABBA,snr,B,2.0,0.0,2,2,4,4,4,0.5,0.5,information,0
ABABABBA,snr,B,2.0,0.0,2,2,4,4,4,0.5,0.5,gating_g04,0
ABABABBA,snr,B,2.0,0.0,2,2,4,4,4,0.5,0.5,relcount,0
ABABABBA,snr,B,2.0,0.0,2,2,4,4,4,0.5,0.5,blca_l10_k01_wi01_leak01_beta01,1
ABABABBA,snr,B,2.0,0.0,2,2,4,4,4,0.5,0.5,naive,1
ABABABBA,snr,B,2.0,0.0,2,2,4,4,4,0.5,0.5,lba_k01_d01,0
ABABABBA,snr,B,2.0,0.0,2,2,4,4,4,0.5,0.5,abscount,0
ABABABBA,snr,B,2.0,0.0,2,2,4,4,4,0.5,0.5,likelihood_ration,0
ABABABBA,blca_l10_k01_wi01_leak01_beta01,B,1.98,-0.98,1,2,4,4,4,0.5,0.5,information,0
ABABABBA,blca_l10_k01_wi01_leak01_beta01,B,1.98,-0.98,1,2,4,4,4,0.5,0.5,snr,1
ABABABBA,blca_l10_k01_wi01_leak01_beta01,B,1.98,-0.98,1,2,4,4,4,0.5,0.5,relcount,0
ABABABBA,blca_l10_k01_wi01_leak01_beta01,B,1.98,-0.98,1,2,4,4,4,0.5,0.5,gating_g04,0
ABABABBA,blca_l10_k01_wi01_leak01_beta01,B,1.98,-0.98,1,2,4,4,4,0.5,0.5,naive,1
ABABABBA,blca_l10_k01_wi01_leak01_beta01,B,1.98,-0.98,1,2,4,4,4,0.5,0.5,lba_k01_d01,0
ABABABBA,blca_l10_k01_wi01_leak01_beta01,B,1.98,-0.98,1,2,4,4,4,0.5,0.5,abscount,0
ABABABBA,blca_l10_k01_wi01_leak01_beta01,B,1.98,-0.98,1,2,4,4,4,0.5,0.5,likelihood_ration,0
ABABABBA,gating_g04,N,,,,2,4,4,4,0.5,0.5,information,-1
ABABABBA,gating_g04,N,,,,2,4,4,4,0.5,0.5,snr,0
ABABABBA,gating_g04,N,,,,2,4,4,4,0.5,0.5,relcount,-1
ABABABBA,gating_g04,N,,,,2,4,4,4,0.5,0.5,blca_l10_k01_wi01_leak01_beta01,0
ABABABBA,gating_g04,N,,,,2,4,4,4,0.5,0.5,naive,0
ABABABBA,gating_g04,N,,,,2,4,4,4,0.5,0.5,lba_k01_d01,0
ABABABBA,gating_g04,N,,,,2,4,4,4,0.5,0.5,abscount,-1
ABABABBA,gating_g04,N,,,,2,4,4,4,0.5,0.5,likelihood_ration,-1
ABABABBA,relcount,N,,,,2,4,4,4,0.5,0.5,information,-1
ABABABBA,relcount,N,,,,2,4,4,4,0.5,0.5,snr,0
ABABABBA,relcount,N,,,,2,4,4,4,0.5,0.5,gating_g04,-1
ABABABBA,relcount,N,,,,2,4,4,4,0.5,0.5,blca_l10_k01_wi01_leak01_beta01,0
ABABABBA,relcount,N,,,,2,4,4,4,0.5,0.5,naive,0
ABABABBA,relcount,N,,,,2,4,4,4,0.5,0.5,lba_k01_d01,0
ABABABBA,relcount,N,,,,2,4,4,4,0.5,0.5,abscount,-1
ABABABBA,relcount,N,,,,2,4,4,4,0.5,0.5,likelihood_ration,-1
ABABABBA,likelihood_ration,N,,,,2,4,4,4,0.5,0.5,information,-1
ABABABBA,likelihood_ration,N,,,,2,4,4,4,0.5,0.5,relcount,-1
ABABABBA,likelihood_ration,N,,,,2,4,4,4,0.5,0.5,snr,0
ABABABBA,likelihood_ration,N,,,,2,4,4,4,0.5,0.5,gating_g04,-1
ABABABBA,likelihood_ration,N,,,,2,4,4,4,0.5,0.5,blca_l10_k01_wi01_leak01_beta01,0
ABABABBA,likelihood_ration,N,,,,2,4,4,4,0.5,0.5,naive,0
ABABABBA,likelihood_ration,N,,,,2,4,4,4,0.5,0.5,lba_k01_d01,0
ABABABBA,likelihood_ration,N,,,,2,4,4,4,0.5,0.5,abscount,-1
ABAABBBB,information,N,,,,3,3,5,5,0.75,1.0,relcount,-1
ABAABBBB,information,N,,,,3,3,5,5,0.75,1.0,snr,0
ABAABBBB,information,N,,,,3,3,5,5,0.75,1.0,gating_g04,-1
ABAABBBB,information,N,,,,3,3,5,5,0.75,1.0,blca_l10_k01_wi01_leak01_beta01,0
ABAABBBB,information,N,,,,3,3,5,5,0.75,1.0,naive,0
ABAABBBB,information,N,,,,3,3,5,5,0.75,1.0,lba_k01_d01,0
ABAABBBB,information,N,,,,3,3,5,5,0.75,1.0,abscount,-1
ABAABBBB,information,N,,,,3,3,5,5,0.75,1.0,likelihood_ration,-1
ABAABBBB,naive,A,0.75,0,3,3,3,5,5,0.75,1.0,information,0
ABAABBBB,naive,A,0.75,0,3,3,3,5,5,0.75,1.0,snr,0
ABAABBBB,naive,A,0.75,0,3,3,3,5,5,0.75,1.0,relcount,0
ABAABBBB,naive,A,0.75,0,3,3,3,5,5,0.75,1.0,blca_l10_k01_wi01_leak01_beta01,0
ABAABBBB,naive,A,0.75,0,3,3,3,5,5,0.75,1.0,gating_g04,0
ABAABBBB,naive,A,0.75,0,3,3,3,5,5,0.75,1.0,lba_k01_d01,1
ABAABBBB,naive,A,0.75,0,3,3,3,5,5,0.75,1.0,abscount,0
ABAABBBB,naive,A,0.75,0,3,3,3,5,5,0.75,1.0,likelihood_ration,0
ABAABBBB,lba_k01_d01,A,0.8,0.1,7,3,3,5,5,0.75,1.0,information,0
ABAABBBB,lba_k01_d01,A,0.8,0.1,7,3,3,5,5,0.75,1.0,relcount,0
ABAABBBB,lba_k01_d01,A,0.8,0.1,7,3,3,5,5,0.75,1.0,snr,0
ABAABBBB,lba_k01_d01,A,0.8,0.1,7,3,3,5,5,0.75,1.0,gating_g04,0
ABAABBBB,lba_k01_d01,A,0.8,0.1,7,3,3,5,5,0.75,1.0,blca_l10_k01_wi01_leak01_beta01,0
ABAABBBB,lba_k01_d01,A,0.8,0.1,7,3,3,5,5,0.75,1.0,naive,1
ABAABBBB,lba_k01_d01,A,0.8,0.1,7,3,3,5,5,0.75,1.0,abscount,0
ABAABBBB,lba_k01_d01,A,0.8,0.1,7,3,3,5,5,0.75,1.0,likelihood_ration,0
ABAABBBB,abscount,N,,,,3,3,5,5,0.75,1.0,information,-1
ABAABBBB,abscount,N,,,,3,3,5,5,0.75,1.0,snr,0
ABAABBBB,abscount,N,,,,3,3,5,5,0.75,1.0,gating_g04,-1
ABAABBBB,abscount,N,,,,3,3,5,5,0.75,1.0,blca_l10_k01_wi01_leak01_beta01,0
ABAABBBB,abscount,N,,,,3,3,5,5,0.75,1.0,naive,0
ABAABBBB,abscount,N,,,,3,3,5,5,0.75,1.0,lba_k01_d01,0
ABAABBBB,abscount,N,,,,3,3,5,5,0.75,1.0,relcount,-1
ABAABBBB,abscount,N,,,,3,3,5,5,0.75,1.0,likelihood_ration,-1
ABAABBBB,snr,B,2.0,0.0,2,3,3,5,5,0.75,1.0,information,0
ABAABBBB,snr,B,2.0,0.0,2,3,3,5,5,0.75,1.0,gating_g04,0
ABAABBBB,snr,B,2.0,0.0,2,3,3,5,5,0.75,1.0,relcount,0
ABAABBBB,snr,B,2.0,0.0,2,3,3,5,5,0.75,1.0,blca_l10_k01_wi01_leak01_beta01,1
ABAABBBB,snr,B,2.0,0.0,2,3,3,5,5,0.75,1.0,naive,0
ABAABBBB,snr,B,2.0,0.0,2,3,3,5,5,0.75,1.0,lba_k01_d01,0
ABAABBBB,snr,B,2.0,0.0,2,3,3,5,5,0.75,1.0,abscount,0
ABAABBBB,snr,B,2.0,0.0,2,3,3,5,5,0.75,1.0,likelihood_ration,0
ABAABBBB,blca_l10_k01_wi01_leak01_beta01,B,1.98,-0.98,1,3,3,5,5,0.75,1.0,information,0
ABAABBBB,blca_l10_k01_wi01_leak01_beta01,B,1.98,-0.98,1,3,3,5,5,0.75,1.0,snr,1
ABAABBBB,blca_l10_k01_wi01_leak01_beta01,B,1.98,-0.98,1,3,3,5,5,0.75,1.0,relcount,0
ABAABBBB,blca_l10_k01_wi01_leak01_beta01,B,1.98,-0.98,1,3,3,5,5,0.75,1.0,gating_g04,0
ABAABBBB,blca_l10_k01_wi01_leak01_beta01,B,1.98,-0.98,1,3,3,5,5,0.75,1.0,naive,0
ABAABBBB,blca_l10_k01_wi01_leak01_beta01,B,1.98,-0.98,1,3,3,5,5,0.75,1.0,lba_k01_d01,0
ABAABBBB,blca_l10_k01_wi01_leak01_beta01,B,1.98,-0.98,1,3,3,5,5,0.75,1.0,abscount,0
ABAABBBB,blca_l10_k01_wi01_leak01_beta01,B,1.98,-0.98,1,3,3,5,5,0.75,1.0,likelihood_ration,0
ABAABBBB,gating_g04,N,,,,3,3,5,5,0.75,1.0,information,-1
ABAABBBB,gating_g04,N,,,,3,3,5,5,0.75,1.0,snr,0
ABAABBBB,gating_g04,N,,,,3,3,5,5,0.75,1.0,relcount,-1
ABAABBBB,gating_g04,N,,,,3,3,5,5,0.75,1.0,blca_l10_k01_wi01_leak01_beta01,0
ABAABBBB,gating_g04,N,,,,3,3,5,5,0.75,1.0,naive,0
ABAABBBB,gating_g04,N,,,,3,3,5,5,0.75,1.0,lba_k01_d01,0
ABAABBBB,gating_g04,N,,,,3,3,5,5,0.75,1.0,abscount,-1
ABAABBBB,gating_g04,N,,,,3,3,5,5,0.75,1.0,likelihood_ration,-1
ABAABBBB,relcount,N,,,,3,3,5,5,0.75,1.0,information,-1
ABAABBBB,relcount,N,,,,3,3,5,5,0.75,1.0,snr,0
ABAABBBB,relcount,N,,,,3,3,5,5,0.75,1.0,gating_g04,-1
ABAABBBB,relcount,N,,,,3,3,5,5,0.75,1.0,blca_l10_k01_wi01_leak01_beta01,0
ABAABBBB,relcount,N,,,,3,3,5,5,0.75,1.0,naive,0
ABAABBBB,relcount,N,,,,3,3,5,5,0.75,1.0,lba_k01_d01,0
ABAABBBB,relcount,N,,,,3,3,5,5,0.75,1.0,abscount,-1
ABAABBBB,relcount,N,,,,3,3,5,5,0.75,1.0,likelihood_ration,-1
ABAABBBB,likelihood_ration,N,,,,3,3,5,5,0.75,1.0,information,-1
ABAABBBB,likelihood_ration,N,,,,3,3,5,5,0.75,1.0,relcount,-1
ABAABBBB,likelihood_ration,N,,,,3,3,5,5,0.75,1.0,snr,0
ABAABBBB,likelihood_ration,N,,,,3,3,5,5,0.75,1.0,gating_g04,-1
ABAABBBB,likelihood_ration,N,,,,3,3,5,5,0.75,1.0,blca_l10_k01_wi01_leak01_beta01,0
ABAABBBB,likelihood_ration,N,,,,3,3,5,5,0.75,1.0,naive,0
ABAABBBB,likelihood_ration,N,,,,3,3,5,5,0.75,1.0,lba_k01_d01,0
ABAABBBB,likelihood_ration,N,,,,3,3,5,5,0.75,1.0,abscount,-1
AABABABA,information,N,,,,1,5,3,5,0.75,0.5,relcount,-1
AABABABA,information,N,,,,1,5,3,5,0.75,0.5,snr,0
AABABABA,information,N,,,,1,5,3,5,0.75,0.5,gating_g04,-1
AABABABA,information,N,,,,1,5,3,5,0.75,0.5,blca_l10_k01_wi01_leak01_beta01,0
AABABABA,information,N,,,,1,5,3,5,0.75,0.5,naive,0
AABABABA,information,N,,,,1,5,3,5,0.75,0.5,lba_k01_d01,0
AABABABA,information,N,,,,1,5,3,5,0.75,0.5,abscount,-1
AABABABA,information,N,,,,1,5,3,5,0.75,0.5,likelihood_ration,0
AABABABA,naive,A,0.75,0,1,1,5,3,5,0.75,0.5,information,0
AABABABA,naive,A,0.75,0,1,1,5,3,5,0.75,0.5,snr,0
AABABABA,naive,A,0.75,0,1,1,5,3,5,0.75,0.5,relcount,0
AABABABA,naive,A,0.75,0,1,1,5,3,5,0.75,0.5,blca_l10_k01_wi01_leak01_beta01,0
AABABABA,naive,A,0.75,0,1,1,5,3,5,0.75,0.5,gating_g04,0
AABABABA,naive,A,0.75,0,1,1,5,3,5,0.75,0.5,lba_k01_d01,1
AABABABA,naive,A,0.75,0,1,1,5,3,5,0.75,0.5,abscount,0
AABABABA,naive,A,0.75,0,1,1,5,3,5,0.75,0.5,likelihood_ration,1
AABABABA,lba_k01_d01,A,0.8,0.1,7,1,5,3,5,0.75,0.5,information,0
AABABABA,lba_k01_d01,A,0.8,0.1,7,1,5,3,5,0.75,0.5,relcount,0
AABABABA,lba_k01_d01,A,0.8,0.1,7,1,5,3,5,0.75,0.5,snr,0
AABABABA,lba_k01_d01,A,0.8,0.1,7,1,5,3,5,0.75,0.5,gating_g04,0
AABABABA,lba_k01_d01,A,0.8,0.1,7,1,5,3,5,0.75,0.5,blca_l10_k01_wi01_leak01_beta01,0
AABABABA,lba_k01_d01,A,0.8,0.1,7,1,5,3,5,0.75,0.5,naive,1
AABABABA,lba_k01_d01,A,0.8,0.1,7,1,5,3,5,0.75,0.5,abscount,0
AABABABA,lba_k01_d01,A,0.8,0.1,7,1,5,3,5,0.75,0.5,likelihood_ration,1
AABABABA,abscount,N,,,,1,5,3,5,0.75,0.5,information,-1
AABABABA,abscount,N,,,,1,5,3,5,0.75,0.5,snr,0
AABABABA,abscount,N,,,,1,5,3,5,0.75,0.5,gating_g04,-1
AABABABA,abscount,N,,,,1,5,3,5,0.75,0.5,blca_l10_k01_wi01_leak01_beta01,0
AABABABA,abscount,N,,,,1,5,3,5,0.75,0.5,naive,0
AABABABA,abscount,N,,,,1,5,3,5,0.75,0.5,lba_k01_d01,0
AABABABA,abscount,N,,,,1,5,3,5,0.75,0.5,relcount,-1
AABABABA,abscount,N,,,,1,5,3,5,0.75,0.5,likelihood_ration,0
AABABABA,snr,B,1.5,0.0,3,1,5,3,5,0.75,0.5,information,0
AABABABA,snr,B,1.5,0.0,3,1,5,3,5,0.75,0.5,gating_g04,0
AABABABA,snr,B,1.5,0.0,3,1,5,3,5,0.75,0.5,relcount,0
AABABABA,snr,B,1.5,0.0,3,1,5,3,5,0.75,0.5,blca_l10_k01_wi01_leak01_beta01,1
AABABABA,snr,B,1.5,0.0,3,1,5,3,5,0.75,0.5,naive,0
AABABABA,snr,B,1.5,0.0,3,1,5,3,5,0.75,0.5,lba_k01_d01,0
AABABABA,snr,B,1.5,0.0,3,1,5,3,5,0.75,0.5,abscount,0
AABABABA,snr,B,1.5,0.0,3,1,5,3,5,0.75,0.5,likelihood_ration,0
AABABABA,blca_l10_k01_wi01_leak01_beta01,B,1.98,-0.98,1,1,5,3,5,0.75,0.5,information,0
AABABABA,blca_l10_k01_wi01_leak01_beta01,B,1.98,-0.98,1,1,5,3,5,0.75,0.5,snr,1
AABABABA,blca_l10_k01_wi01_leak01_beta01,B,1.98,-0.98,1,1,5,3,5,0.75,0.5,relcount,0
AABABABA,blca_l10_k01_wi01_leak01_beta01,B,1.98,-0.98,1,1,5,3,5,0.75,0.5,gating_g04,0
AABABABA,blca_l10_k01_wi01_leak01_beta01,B,1.98,-0.98,1,1,5,3,5,0.75,0.5,naive,0
AABABABA,blca_l10_k01_wi01_leak01_beta01,B,1.98,-0.98,1,1,5,3,5,0.75,0.5,lba_k01_d01,0
AABABABA,blca_l10_k01_wi01_leak01_beta01,B,1.98,-0.98,1,1,5,3,5,0.75,0.5,abscount,0
AABABABA,blca_l10_k01_wi01_leak01_beta01,B,1.98,-0.98,1,1,5,3,5,0.75,0.5,likelihood_ration,0
AABABABA,gating_g04,N,,,,1,5,3,5,0.75,0.5,information,-1
AABABABA,gating_g04,N,,,,1,5,3,5,0.75,0.5,snr,0
AABABABA,gating_g04,N,,,,1,5,3,5,0.75,0.5,relcount,-1
AABABABA,gating_g04,N,,,,1,5,3,5,0.75,0.5,blca_l10_k01_wi01_leak01_beta01,0
AABABABA,gating_g04,N,,,,1,5,3,5,0.75,0.5,naive,0
AABABABA,gating_g04,N,,,,1,5,3,5,0.75,0.5,lba_k01_d01,0
AABABABA,gating_g04,N,,,,1,5,3,5,0.75,0.5,abscount,-1
AABABABA,gating_g04,N,,,,1,5,3,5,0.75,0.5,likelihood_ration,0
AABABABA,relcount,N,,,,1,5,3,5,0.75,0.5,information,-1
AABABABA,relcount,N,,,,1,5,3,5,0.75,0.5,snr,0
AABABABA,relcount,N,,,,1,5,3,5,0.75,0.5,gating_g04,-1
AABABABA,relcount,N,,,,1,5,3,5,0.75,0.5,blca_l10_k01_wi01_leak01_beta01,0
AABABABA,relcount,N,,,,1,5,3,5,0.75,0.5,naive,0
AABABABA,relcount,N,,,,1,5,3,5,0.75,0.5,lba_k01_d01,0
AABABABA,relcount,N,,,,1,5,3,5,0.75,0.5,abscount,-1
AABABABA,relcount,N,,,,1,5,3,5,0.75,0.5,likelihood_ration,0
AABABABA,likelihood_ration,A,1.38021124171,0,7,1,5,3,5,0.75,0.5,information,0
AABABABA,likelihood_ration,A,1.38021124171,0,7,1,5,3,5,0.75,0.5,relcount,0
AABABABA,likelihood_ration,A,1.38021124171,0,7,1,5,3,5,0.75,0.5,snr,0
AABABABA,likelihood_ration,A,1.38021124171,0,7,1,5,3,5,0.75,0.5,gating_g04,0
AABABABA,likelihood_ration,A,1.38021124171,0,7,1,5,3,5,0.75,0.5,blca_l10_k01_wi01_leak01_beta01,0
AABABABA,likelihood_ration,A,1.38021124171,0,7,1,5,3,5,0.75,0.5,naive,1
AABABABA,likelihood_ration,A,1.38021124171,0,7,1,5,3,5,0.75,0.5,lba_k01_d01,1
AABABABA,likelihood_ration,A,1.38021124171,0,7,1,5,3,5,0.75,0.5,abscount,0
AABABABB,information,N,,,,2,4,4,4,0.75,0.75,relcount,-1
AABABABB,information,N,,,,2,4,4,4,0.75,0.75,snr,0
AABABABB,information,N,,,,2,4,4,4,0.75,0.75,gating_g04,-1
AABABABB,information,N,,,,2,4,4,4,0.75,0.75,blca_l10_k01_wi01_leak01_beta01,0
AABABABB,information,N,,,,2,4,4,4,0.75,0.75,naive,0
AABABABB,information,N,,,,2,4,4,4,0.75,0.75,lba_k01_d01,0
AABABABB,information,N,,,,2,4,4,4,0.75,0.75,abscount,-1
AABABABB,information,N,,,,2,4,4,4,0.75,0.75,likelihood_ration,0
AABABABB,naive,A,0.75,0,1,2,4,4,4,0.75,0.75,information,0
AABABABB,naive,A,0.75,0,1,2,4,4,4,0.75,0.75,snr,0
AABABABB,naive,A,0.75,0,1,2,4,4,4,0.75,0.75,relcount,0
AABABABB,naive,A,0.75,0,1,2,4,4,4,0.75,0.75,blca_l10_k01_wi01_leak01_beta01,0
AABABABB,naive,A,0.75,0,1,2,4,4,4,0.75,0.75,gating_g04,0
AABABABB,naive,A,0.75,0,1,2,4,4,4,0.75,0.75,lba_k01_d01,1
AABABABB,naive,A,0.75,0,1,2,4,4,4,0.75,0.75,abscount,0
AABABABB,naive,A,0.75,0,1,2,4,4,4,0.75,0.75,likelihood_ration,1
AABABABB,lba_k01_d01,A,0.8,0.1,7,2,4,4,4,0.75,0.75,information,0
AABABABB,lba_k01_d01,A,0.8,0.1,7,2,4,4,4,0.75,0.75,relcount,0
AABABABB,lba_k01_d01,A,0.8,0.1,7,2,4,4,4,0.75,0.75,snr,0
AABABABB,lba_k01_d01,A,0.8,0.1,7,2,4,4,4,0.75,0.75,gating_g04,0
AABABABB,lba_k01_d01,A,0.8,0.1,7,2,4,4,4,0.75,0.75,blca_l10_k01_wi01_leak01_beta01,0
AABABABB,lba_k01_d01,A,0.8,0.1,7,2,4,4,4,0.75,0.75,naive,1
AABABABB,lba_k01_d01,A,0.8,0.1,7,2,4,4,4,0.75,0.75,abscount,0
AABABABB,lba_k01_d01,A,0.8,0.1,7,2,4,4,4,0.75,0.75,likelihood_ration,1
AABABABB,abscount,N,,,,2,4,4,4,0.75,0.75,information,-1
AABABABB,abscount,N,,,,2,4,4,4,0.75,0.75,snr,0
AABABABB,abscount,N,,,,2,4,4,4,0.75,0.75,gating_g04,-1
AABABABB,abscount,N,,,,2,4,4,4,0.75,0.75,blca_l10_k01_wi01_leak01_beta01,0
AABABABB,abscount,N,,,,2,4,4,4,0.75,0.75,naive,0
AABABABB,abscount,N,,,,2,4,4,4,0.75,0.75,lba_k01_d01,0
AABABABB,abscount,N,,,,2,4,4,4,0.75,0.75,relcount,-1
AABABABB,abscount,N,,,,2,4,4,4,0.75,0.75,likelihood_ration,0
AABABABB,snr,B,1.5,0.0,3,2,4,4,4,0.75,0.75,information,0
AABABABB,snr,B,1.5,0.0,3,2,4,4,4,0.75,0.75,gating_g04,0
AABABABB,snr,B,1.5,0.0,3,2,4,4,4,0.75,0.75,relcount,0
AABABABB,snr,B,1.5,0.0,3,2,4,4,4,0.75,0.75,blca_l10_k01_wi01_leak01_beta01,1
AABABABB,snr,B,1.5,0.0,3,2,4,4,4,0.75,0.75,naive,0
AABABABB,snr,B,1.5,0.0,3,2,4,4,4,0.75,0.75,lba_k01_d01,0
AABABABB,snr,B,1.5,0.0,3,2,4,4,4,0.75,0.75,abscount,0
AABABABB,snr,B,1.5,0.0,3,2,4,4,4,0.75,0.75,likelihood_ration,0
AABABABB,blca_l10_k01_wi01_leak01_beta01,B,1.98,-0.98,1,2,4,4,4,0.75,0.75,information,0
AABABABB,blca_l10_k01_wi01_leak01_beta01,B,1.98,-0.98,1,2,4,4,4,0.75,0.75,snr,1
AABABABB,blca_l10_k01_wi01_leak01_beta01,B,1.98,-0.98,1,2,4,4,4,0.75,0.75,relcount,0
AABABABB,blca_l10_k01_wi01_leak01_beta01,B,1.98,-0.98,1,2,4,4,4,0.75,0.75,gating_g04,0
AABABABB,blca_l10_k01_wi01_leak01_beta01,B,1.98,-0.98,1,2,4,4,4,0.75,0.75,naive,0
AABABABB,blca_l10_k01_wi01_leak01_beta01,B,1.98,-0.98,1,2,4,4,4,0.75,0.75,lba_k01_d01,0
AABABABB,blca_l10_k01_wi01_leak01_beta01,B,1.98,-0.98,1,2,4,4,4,0.75,0.75,abscount,0
AABABABB,blca_l10_k01_wi01_leak01_beta01,B,1.98,-0.98,1,2,4,4,4,0.75,0.75,likelihood_ration,0
AABABABB,gating_g04,N,,,,2,4,4,4,0.75,0.75,information,-1
AABABABB,gating_g04,N,,,,2,4,4,4,0.75,0.75,snr,0
AABABABB,gating_g04,N,,,,2,4,4,4,0.75,0.75,relcount,-1
AABABABB,gating_g04,N,,,,2,4,4,4,0.75,0.75,blca_l10_k01_wi01_leak01_beta01,0
AABABABB,gating_g04,N,,,,2,4,4,4,0.75,0.75,naive,0
AABABABB,gating_g04,N,,,,2,4,4,4,0.75,0.75,lba_k01_d01,0
AABABABB,gating_g04,N,,,,2,4,4,4,0.75,0.75,abscount,-1
AABABABB,gating_g04,N,,,,2,4,4,4,0.75,0.75,likelihood_ration,0
AABABABB,relcount,N,,,,2,4,4,4,0.75,0.75,information,-1
AABABABB,relcount,N,,,,2,4,4,4,0.75,0.75,snr,0
AABABABB,relcount,N,,,,2,4,4,4,0.75,0.75,gating_g04,-1
AABABABB,relcount,N,,,,2,4,4,4,0.75,0.75,blca_l10_k01_wi01_leak01_beta01,0
AABABABB,relcount,N,,,,2,4,4,4,0.75,0.75,naive,0
AABABABB,relcount,N,,,,2,4,4,4,0.75,0.75,lba_k01_d01,0
AABABABB,relcount,N,,,,2,4,4,4,0.75,0.75,abscount,-1
AABABABB,relcount,N,,,,2,4,4,4,0.75,0.75,likelihood_ration,0
AABABABB,likelihood_ration,A,1.38021124171,0,7,2,4,4,4,0.75,0.75,information,0
AABABABB,likelihood_ration,A,1.38021124171,0,7,2,4,4,4,0.75,0.75,relcount,0
AABABABB,likelihood_ration,A,1.38021124171,0,7,2,4,4,4,0.75,0.75,snr,0
AABABABB,likelihood_ration,A,1.38021124171,0,7,2,4,4,4,0.75,0.75,gating_g04,0
AABABABB,likelihood_ration,A,1.38021124171,0,7,2,4,4,4,0.75,0.75,blca_l10_k01_wi01_leak01_beta01,0
AABABABB,likelihood_ration,A,1.38021124171,0,7,2,4,4,4,0.75,0.75,naive,1
AABABABB,likelihood_ration,A,1.38021124171,0,7,2,4,4,4,0.75,0.75,lba_k01_d01,1
AABABABB,likelihood_ration,A,1.38021124171,0,7,2,4,4,4,0.75,0.75,abscount,0
ABBBBAAA,information,N,,,,4,4,4,4,0.75,0.75,relcount,-1
ABBBBAAA,information,N,,,,4,4,4,4,0.75,0.75,snr,0
ABBBBAAA,information,N,,,,4,4,4,4,0.75,0.75,gating_g04,-1
ABBBBAAA,information,N,,,,4,4,4,4,0.75,0.75,blca_l10_k01_wi01_leak01_beta01,0
ABBBBAAA,information,N,,,,4,4,4,4,0.75,0.75,naive,0
ABBBBAAA,information,N,,,,4,4,4,4,0.75,0.75,lba_k01_d01,0
ABBBBAAA,information,N,,,,4,4,4,4,0.75,0.75,abscount,-1
ABBBBAAA,information,N,,,,4,4,4,4,0.75,0.75,likelihood_ration,0
ABBBBAAA,naive,B,0.75,0,2,4,4,4,4,0.75,0.75,information,0
ABBBBAAA,naive,B,0.75,0,2,4,4,4,4,0.75,0.75,snr,1
ABBBBAAA,naive,B,0.75,0,2,4,4,4,4,0.75,0.75,relcount,0
ABBBBAAA,naive,B,0.75,0,2,4,4,4,4,0.75,0.75,blca_l10_k01_wi01_leak01_beta01,1
ABBBBAAA,naive,B,0.75,0,2,4,4,4,4,0.75,0.75,gating_g04,0
ABBBBAAA,naive,B,0.75,0,2,4,4,4,4,0.75,0.75,lba_k01_d01,0
ABBBBAAA,naive,B,0.75,0,2,4,4,4,4,0.75,0.75,abscount,0
ABBBBAAA,naive,B,0.75,0,2,4,4,4,4,0.75,0.75,likelihood_ration,1
ABBBBAAA,lba_k01_d01,A,0.8,0.1,7,4,4,4,4,0.75,0.75,information,0
ABBBBAAA,lba_k01_d01,A,0.8,0.1,7,4,4,4,4,0.75,0.75,relcount,0
ABBBBAAA,lba_k01_d01,A,0.8,0.1,7,4,4,4,4,0.75,0.75,snr,0
ABBBBAAA,lba_k01_d01,A,0.8,0.1,7,4,4,4,4,0.75,0.75,gating_g04,0
ABBBBAAA,lba_k01_d01,A,0.8,0.1,7,4,4,4,4,0.75,0.75,blca_l10_k01_wi01_leak01_beta01,0
ABBBBAAA,lba_k01_d01,A,0.8,0.1,7,4,4,4,4,0.75,0.75,naive,0
ABBBBAAA,lba_k01_d01,A,0.8,0.1,7,4,4,4,4,0.75,0.75,abscount,0
ABBBBAAA,lba_k01_d01,A,0.8,0.1,7,4,4,4,4,0.75,0.75,likelihood_ration,0
ABBBBAAA,abscount,N,,,,4,4,4,4,0.75,0.75,information,-1
ABBBBAAA,abscount,N,,,,4,4,4,4,0.75,0.75,snr,0
ABBBBAAA,abscount,N,,,,4,4,4,4,0.75,0.75,gating_g04,-1
ABBBBAAA,abscount,N,,,,4,4,4,4,0.75,0.75,blca_l10_k01_wi01_leak01_beta01,0
ABBBBAAA,abscount,N,,,,4,4,4,4,0.75,0.75,naive,0
ABBBBAAA,abscount,N,,,,4,4,4,4,0.75,0.75,lba_k01_d01,0
ABBBBAAA,abscount,N,,,,4,4,4,4,0.75,0.75,relcount,-1
ABBBBAAA,abscount,N,,,,4,4,4,4,0.75,0.75,likelihood_ration,0
ABBBBAAA,snr,B,2.0,0.0,2,4,4,4,4,0.75,0.75,information,0
ABBBBAAA,snr,B,2.0,0.0,2,4,4,4,4,0.75,0.75,gating_g04,0
ABBBBAAA,snr,B,2.0,0.0,2,4,4,4,4,0.75,0.75,relcount,0
ABBBBAAA,snr,B,2.0,0.0,2,4,4,4,4,0.75,0.75,blca_l10_k01_wi01_leak01_beta01,1
ABBBBAAA,snr,B,2.0,0.0,2,4,4,4,4,0.75,0.75,naive,1
ABBBBAAA,snr,B,2.0,0.0,2,4,4,4,4,0.75,0.75,lba_k01_d01,0
ABBBBAAA,snr,B,2.0,0.0,2,4,4,4,4,0.75,0.75,abscount,0
ABBBBAAA,snr,B,2.0,0.0,2,4,4,4,4,0.75,0.75,likelihood_ration,1
ABBBBAAA,blca_l10_k01_wi01_leak01_beta01,B,1.98,-0.98,1,4,4,4,4,0.75,0.75,information,0
ABBBBAAA,blca_l10_k01_wi01_leak01_beta01,B,1.98,-0.98,1,4,4,4,4,0.75,0.75,snr,1
ABBBBAAA,blca_l10_k01_wi01_leak01_beta01,B,1.98,-0.98,1,4,4,4,4,0.75,0.75,relcount,0
ABBBBAAA,blca_l10_k01_wi01_leak01_beta01,B,1.98,-0.98,1,4,4,4,4,0.75,0.75,gating_g04,0
ABBBBAAA,blca_l10_k01_wi01_leak01_beta01,B,1.98,-0.98,1,4,4,4,4,0.75,0.75,naive,1
ABBBBAAA,blca_l10_k01_wi01_leak01_beta01,B,1.98,-0.98,1,4,4,4,4,0.75,0.75,lba_k01_d01,0
ABBBBAAA,blca_l10_k01_wi01_leak01_beta01,B,1.98,-0.98,1,4,4,4,4,0.75,0.75,abscount,0
ABBBBAAA,blca_l10_k01_wi01_leak01_beta01,B,1.98,-0.98,1,4,4,4,4,0.75,0.75,likelihood_ration,1
ABBBBAAA,gating_g04,N,,,,4,4,4,4,0.75,0.75,information,-1
ABBBBAAA,gating_g04,N,,,,4,4,4,4,0.75,0.75,snr,0
ABBBBAAA,gating_g04,N,,,,4,4,4,4,0.75,0.75,relcount,-1
ABBBBAAA,gating_g04,N,,,,4,4,4,4,0.75,0.75,blca_l10_k01_wi01_leak01_beta01,0
ABBBBAAA,gating_g04,N,,,,4,4,4,4,0.75,0.75,naive,0
ABBBBAAA,gating_g04,N,,,,4,4,4,4,0.75,0.75,lba_k01_d01,0
ABBBBAAA,gating_g04,N,,,,4,4,4,4,0.75,0.75,abscount,-1
ABBBBAAA,gating_g04,N,,,,4,4,4,4,0.75,0.75,likelihood_ration,0
ABBBBAAA,relcount,N,,,,4,4,4,4,0.75,0.75,information,-1
ABBBBAAA,relcount,N,,,,4,4,4,4,0.75,0.75,snr,0
ABBBBAAA,relcount,N,,,,4,4,4,4,0.75,0.75,gating_g04,-1
ABBBBAAA,relcount,N,,,,4,4,4,4,0.75,0.75,blca_l10_k01_wi01_leak01_beta01,0
ABBBBAAA,relcount,N,,,,4,4,4,4,0.75,0.75,naive,0
ABBBBAAA,relcount,N,,,,4,4,4,4,0.75,0.75,lba_k01_d01,0
ABBBBAAA,relcount,N,,,,4,4,4,4,0.75,0.75,abscount,-1
ABBBBAAA,relcount,N,,,,4,4,4,4,0.75,0.75,likelihood_ration,0
ABBBBAAA,likelihood_ration,B,-1.38021124171,0,5,4,4,4,4,0.75,0.75,information,0
ABBBBAAA,likelihood_ration,B,-1.38021124171,0,5,4,4,4,4,0.75,0.75,relcount,0
ABBBBAAA,likelihood_ration,B,-1.38021124171,0,5,4,4,4,4,0.75,0.75,snr,1
ABBBBAAA,likelihood_ration,B,-1.38021124171,0,5,4,4,4,4,0.75,0.75,gating_g04,0
ABBBBAAA,likelihood_ration,B,-1.38021124171,0,5,4,4,4,4,0.75,0.75,blca_l10_k01_wi01_leak01_beta01,1
ABBBBAAA,likelihood_ration,B,-1.38021124171,0,5,4,4,4,4,0.75,0.75,naive,1
ABBBBAAA,likelihood_ration,B,-1.38021124171,0,5,4,4,4,4,0.75,0.75,lba_k01_d01,0
ABBBBAAA,likelihood_ration,B,-1.38021124171,0,5,4,4,4,4,0.75,0.75,abscount,0
ABBBBAAB,information,N,,,,3,3,5,5,0.75,0.5,relcount,-1
ABBBBAAB,information,N,,,,3,3,5,5,0.75,0.5,snr,0
ABBBBAAB,information,N,,,,3,3,5,5,0.75,0.5,gating_g04,-1
ABBBBAAB,information,N,,,,3,3,5,5,0.75,0.5,blca_l10_k01_wi01_leak01_beta01,0
ABBBBAAB,information,N,,,,3,3,5,5,0.75,0.5,naive,0
ABBBBAAB,information,N,,,,3,3,5,5,0.75,0.5,lba_k01_d01,0
ABBBBAAB,information,N,,,,3,3,5,5,0.75,0.5,abscount,-1
ABBBBAAB,information,N,,,,3,3,5,5,0.75,0.5,likelihood_ration,0
ABBBBAAB,naive,B,0.75,0,2,3,3,5,5,0.75,0.5,information,0
ABBBBAAB,naive,B,0.75,0,2,3,3,5,5,0.75,0.5,snr,1
ABBBBAAB,naive,B,0.75,0,2,3,3,5,5,0.75,0.5,relcount,0
ABBBBAAB,naive,B,0.75,0,2,3,3,5,5,0.75,0.5,blca_l10_k01_wi01_leak01_beta01,1
ABBBBAAB,naive,B,0.75,0,2,3,3,5,5,0.75,0.5,gating_g04,0
ABBBBAAB,naive,B,0.75,0,2,3,3,5,5,0.75,0.5,lba_k01_d01,0
ABBBBAAB,naive,B,0.75,0,2,3,3,5,5,0.75,0.5,abscount,0
ABBBBAAB,naive,B,0.75,0,2,3,3,5,5,0.75,0.5,likelihood_ration,1
ABBBBAAB,lba_k01_d01,A,0.8,0.1,7,3,3,5,5,0.75,0.5,information,0
ABBBBAAB,lba_k01_d01,A,0.8,0.1,7,3,3,5,5,0.75,0.5,relcount,0
ABBBBAAB,lba_k01_d01,A,0.8,0.1,7,3,3,5,5,0.75,0.5,snr,0
ABBBBAAB,lba_k01_d01,A,0.8,0.1,7,3,3,5,5,0.75,0.5,gating_g04,0
ABBBBAAB,lba_k01_d01,A,0.8,0.1,7,3,3,5,5,0.75,0.5,blca_l10_k01_wi01_leak01_beta01,0
ABBBBAAB,lba_k01_d01,A,0.8,0.1,7,3,3,5,5,0.75,0.5,naive,0
ABBBBAAB,lba_k01_d01,A,0.8,0.1,7,3,3,5,5,0.75,0.5,abscount,0
ABBBBAAB,lba_k01_d01,A,0.8,0.1,7,3,3,5,5,0.75,0.5,likelihood_ration,0
ABBBBAAB,abscount,N,,,,3,3,5,5,0.75,0.5,information,-1
ABBBBAAB,abscount,N,,,,3,3,5,5,0.75,0.5,snr,0
ABBBBAAB,abscount,N,,,,3,3,5,5,0.75,0.5,gating_g04,-1
ABBBBAAB,abscount,N,,,,3,3,5,5,0.75,0.5,blca_l10_k01_wi01_leak01_beta01,0
ABBBBAAB,abscount,N,,,,3,3,5,5,0.75,0.5,naive,0
ABBBBAAB,abscount,N,,,,3,3,5,5,0.75,0.5,lba_k01_d01,0
ABBBBAAB,abscount,N,,,,3,3,5,5,0.75,0.5,relcount,-1
ABBBBAAB,abscount,N,,,,3,3,5,5,0.75,0.5,likelihood_ration,0
ABBBBAAB,snr,B,2.0,0.0,2,3,3,5,5,0.75,0.5,information,0
ABBBBAAB,snr,B,2.0,0.0,2,3,3,5,5,0.75,0.5,gating_g04,0
ABBBBAAB,snr,B,2.0,0.0,2,3,3,5,5,0.75,0.5,relcount,0
ABBBBAAB,snr,B,2.0,0.0,2,3,3,5,5,0.75,0.5,blca_l10_k01_wi01_leak01_beta01,1
ABBBBAAB,snr,B,2.0,0.0,2,3,3,5,5,0.75,0.5,naive,1
ABBBBAAB,snr,B,2.0,0.0,2,3,3,5,5,0.75,0.5,lba_k01_d01,0
ABBBBAAB,snr,B,2.0,0.0,2,3,3,5,5,0.75,0.5,abscount,0
ABBBBAAB,snr,B,2.0,0.0,2,3,3,5,5,0.75,0.5,likelihood_ration,1
ABBBBAAB,blca_l10_k01_wi01_leak01_beta01,B,1.98,-0.98,1,3,3,5,5,0.75,0.5,information,0
ABBBBAAB,blca_l10_k01_wi01_leak01_beta01,B,1.98,-0.98,1,3,3,5,5,0.75,0.5,snr,1
ABBBBAAB,blca_l10_k01_wi01_leak01_beta01,B,1.98,-0.98,1,3,3,5,5,0.75,0.5,relcount,0
ABBBBAAB,blca_l10_k01_wi01_leak01_beta01,B,1.98,-0.98,1,3,3,5,5,0.75,0.5,gating_g04,0
ABBBBAAB,blca_l10_k01_wi01_leak01_beta01,B,1.98,-0.98,1,3,3,5,5,0.75,0.5,naive,1
ABBBBAAB,blca_l10_k01_wi01_leak01_beta01,B,1.98,-0.98,1,3,3,5,5,0.75,0.5,lba_k01_d01,0
ABBBBAAB,blca_l10_k01_wi01_leak01_beta01,B,1.98,-0.98,1,3,3,5,5,0.75,0.5,abscount,0
ABBBBAAB,blca_l10_k01_wi01_leak01_beta01,B,1.98,-0.98,1,3,3,5,5,0.75,0.5,likelihood_ration,1
ABBBBAAB,gating_g04,N,,,,3,3,5,5,0.75,0.5,information,-1
ABBBBAAB,gating_g04,N,,,,3,3,5,5,0.75,0.5,snr,0
ABBBBAAB,gating_g04,N,,,,3,3,5,5,0.75,0.5,relcount,-1
ABBBBAAB,gating_g04,N,,,,3,3,5,5,0.75,0.5,blca_l10_k01_wi01_leak01_beta01,0
ABBBBAAB,gating_g04,N,,,,3,3,5,5,0.75,0.5,naive,0
ABBBBAAB,gating_g04,N,,,,3,3,5,5,0.75,0.5,lba_k01_d01,0
ABBBBAAB,gating_g04,N,,,,3,3,5,5,0.75,0.5,abscount,-1
ABBBBAAB,gating_g04,N,,,,3,3,5,5,0.75,0.5,likelihood_ration,0
ABBBBAAB,relcount,N,,,,3,3,5,5,0.75,0.5,information,-1
ABBBBAAB,relcount,N,,,,3,3,5,5,0.75,0.5,snr,0
ABBBBAAB,relcount,N,,,,3,3,5,5,0.75,0.5,gating_g04,-1
ABBBBAAB,relcount,N,,,,3,3,5,5,0.75,0.5,blca_l10_k01_wi01_leak01_beta01,0
ABBBBAAB,relcount,N,,,,3,3,5,5,0.75,0.5,naive,0
ABBBBAAB,relcount,N,,,,3,3,5,5,0.75,0.5,lba_k01_d01,0
ABBBBAAB,relcount,N,,,,3,3,5,5,0.75,0.5,abscount,-1
ABBBBAAB,relcount,N,,,,3,3,5,5,0.75,0.5,likelihood_ration,0
ABBBBAAB,likelihood_ration,B,-1.38021124171,0,5,3,3,5,5,0.75,0.5,information,0
ABBBBAAB,likelihood_ration,B,-1.38021124171,0,5,3,3,5,5,0.75,0.5,relcount,0
ABBBBAAB,likelihood_ration,B,-1.38021124171,0,5,3,3,5,5,0.75,0.5,snr,1
ABBBBAAB,likelihood_ration,B,-1.38021124171,0,5,3,3,5,5,0.75,0.5,gating_g04,0
ABBBBAAB,likelihood_ration,B,-1.38021124171,0,5,3,3,5,5,0.75,0.5,blca_l10_k01_wi01_leak01_beta01,1
ABBBBAAB,likelihood_ration,B,-1.38021124171,0,5,3,3,5,5,0.75,0.5,naive,1
ABBBBAAB,likelihood_ration,B,-1.38021124171,0,5,3,3,5,5,0.75,0.5,lba_k01_d01,0
ABBBBAAB,likelihood_ration,B,-1.38021124171,0,5,3,3,5,5,0.75,0.5,abscount,0
AAAABBAB,information,A,0.75,0.0,4,3,5,3,5,1.0,0.75,relcount,0
AAAABBAB,information,A,0.75,0.0,4,3,5,3,5,1.0,0.75,snr,0
AAAABBAB,information,A,0.75,0.0,4,3,5,3,5,1.0,0.75,gating_g04,0
AAAABBAB,information,A,0.75,0.0,4,3,5,3,5,1.0,0.75,blca_l10_k01_wi01_leak01_beta01,0
AAAABBAB,information,A,0.75,0.0,4,3,5,3,5,1.0,0.75,naive,1
AAAABBAB,information,A,0.75,0.0,4,3,5,3,5,1.0,0.75,lba_k01_d01,1
AAAABBAB,information,A,0.75,0.0,4,3,5,3,5,1.0,0.75,abscount,0
AAAABBAB,information,A,0.75,0.0,4,3,5,3,5,1.0,0.75,likelihood_ration,1
AAAABBAB,naive,A,0.75,0,1,3,5,3,5,1.0,0.75,information,1
AAAABBAB,naive,A,0.75,0,1,3,5,3,5,1.0,0.75,snr,0
AAAABBAB,naive,A,0.75,0,1,3,5,3,5,1.0,0.75,relcount,0
AAAABBAB,naive,A,0.75,0,1,3,5,3,5,1.0,0.75,blca_l10_k01_wi01_leak01_beta01,0
AAAABBAB,naive,A,0.75,0,1,3,5,3,5,1.0,0.75,gating_g04,0
AAAABBAB,naive,A,0.75,0,1,3,5,3,5,1.0,0.75,lba_k01_d01,1
AAAABBAB,naive,A,0.75,0,1,3,5,3,5,1.0,0.75,abscount,0
AAAABBAB,naive,A,0.75,0,1,3,5,3,5,1.0,0.75,likelihood_ration,1
AAAABBAB,lba_k01_d01,A,0.8,0.1,7,3,5,3,5,1.0,0.75,information,1
AAAABBAB,lba_k01_d01,A,0.8,0.1,7,3,5,3,5,1.0,0.75,relcount,0
AAAABBAB,lba_k01_d01,A,0.8,0.1,7,3,5,3,5,1.0,0.75,snr,0
AAAABBAB,lba_k01_d01,A,0.8,0.1,7,3,5,3,5,1.0,0.75,gating_g04,0
AAAABBAB,lba_k01_d01,A,0.8,0.1,7,3,5,3,5,1.0,0.75,blca_l10_k01_wi01_leak01_beta01,0
AAAABBAB,lba_k01_d01,A,0.8,0.1,7,3,5,3,5,1.0,0.75,naive,1
AAAABBAB,lba_k01_d01,A,0.8,0.1,7,3,5,3,5,1.0,0.75,abscount,0
AAAABBAB,lba_k01_d01,A,0.8,0.1,7,3,5,3,5,1.0,0.75,likelihood_ration,1
AAAABBAB,abscount,N,,,,3,5,3,5,1.0,0.75,information,0
AAAABBAB,abscount,N,,,,3,5,3,5,1.0,0.75,snr,0
AAAABBAB,abscount,N,,,,3,5,3,5,1.0,0.75,gating_g04,-1
AAAABBAB,abscount,N,,,,3,5,3,5,1.0,0.75,blca_l10_k01_wi01_leak01_beta01,0
AAAABBAB,abscount,N,,,,3,5,3,5,1.0,0.75,naive,0
AAAABBAB,abscount,N,,,,3,5,3,5,1.0,0.75,lba_k01_d01,0
AAAABBAB,abscount,N,,,,3,5,3,5,1.0,0.75,relcount,-1
AAAABBAB,abscount,N,,,,3,5,3,5,1.0,0.75,likelihood_ration,0
AAAABBAB,snr,B,1.25,0.0,5,3,5,3,5,1.0,0.75,information,0
AAAABBAB,snr,B,1.25,0.0,5,3,5,3,5,1.0,0.75,gating_g04,0
AAAABBAB,snr,B,1.25,0.0,5,3,5,3,5,1.0,0.75,relcount,0
AAAABBAB,snr,B,1.25,0.0,5,3,5,3,5,1.0,0.75,blca_l10_k01_wi01_leak01_beta01,1
AAAABBAB,snr,B,1.25,0.0,5,3,5,3,5,1.0,0.75,naive,0
AAAABBAB,snr,B,1.25,0.0,5,3,5,3,5,1.0,0.75,lba_k01_d01,0
AAAABBAB,snr,B,1.25,0.0,5,3,5,3,5,1.0,0.75,abscount,0
AAAABBAB,snr,B,1.25,0.0,5,3,5,3,5,1.0,0.75,likelihood_ration,0
AAAABBAB,blca_l10_k01_wi01_leak01_beta01,B,1.98,-0.98,1,3,5,3,5,1.0,0.75,information,0
AAAABBAB,blca_l10_k01_wi01_leak01_beta01,B,1.98,-0.98,1,3,5,3,5,1.0,0.75,snr,1
AAAABBAB,blca_l10_k01_wi01_leak01_beta01,B,1.98,-0.98,1,3,5,3,5,1.0,0.75,relcount,0
AAAABBAB,blca_l10_k01_wi01_leak01_beta01,B,1.98,-0.98,1,3,5,3,5,1.0,0.75,gating_g04,0
AAAABBAB,blca_l10_k01_wi01_leak01_beta01,B,1.98,-0.98,1,3,5,3,5,1.0,0.75,naive,0
AAAABBAB,blca_l10_k01_wi01_leak01_beta01,B,1.98,-0.98,1,3,5,3,5,1.0,0.75,lba_k01_d01,0
AAAABBAB,blca_l10_k01_wi01_leak01_beta01,B,1.98,-0.98,1,3,5,3,5,1.0,0.75,abscount,0
AAAABBAB,blca_l10_k01_wi01_leak01_beta01,B,1.98,-0.98,1,3,5,3,5,1.0,0.75,likelihood_ration,0
AAAABBAB,gating_g04,N,,,,3,5,3,5,1.0,0.75,information,0
AAAABBAB,gating_g04,N,,,,3,5,3,5,1.0,0.75,snr,0
AAAABBAB,gating_g04,N,,,,3,5,3,5,1.0,0.75,relcount,-1
AAAABBAB,gating_g04,N,,,,3,5,3,5,1.0,0.75,blca_l10_k01_wi01_leak01_beta01,0
AAAABBAB,gating_g04,N,,,,3,5,3,5,1.0,0.75,naive,0
AAAABBAB,gating_g04,N,,,,3,5,3,5,1.0,0.75,lba_k01_d01,0
AAAABBAB,gating_g04,N,,,,3,5,3,5,1.0,0.75,abscount,-1
AAAABBAB,gating_g04,N,,,,3,5,3,5,1.0,0.75,likelihood_ration,0
AAAABBAB,relcount,N,,,,3,5,3,5,1.0,0.75,information,0
AAAABBAB,relcount,N,,,,3,5,3,5,1.0,0.75,snr,0
AAAABBAB,relcount,N,,,,3,5,3,5,1.0,0.75,gating_g04,-1
AAAABBAB,relcount,N,,,,3,5,3,5,1.0,0.75,blca_l10_k01_wi01_leak01_beta01,0
AAAABBAB,relcount,N,,,,3,5,3,5,1.0,0.75,naive,0
AAAABBAB,relcount,N,,,,3,5,3,5,1.0,0.75,lba_k01_d01,0
AAAABBAB,relcount,N,,,,3,5,3,5,1.0,0.75,abscount,-1
AAAABBAB,relcount,N,,,,3,5,3,5,1.0,0.75,likelihood_ration,0
AAAABBAB,likelihood_ration,A,1.30102999566,0,7,3,5,3,5,1.0,0.75,information,1
AAAABBAB,likelihood_ration,A,1.30102999566,0,7,3,5,3,5,1.0,0.75,relcount,0
AAAABBAB,likelihood_ration,A,1.30102999566,0,7,3,5,3,5,1.0,0.75,snr,0
AAAABBAB,likelihood_ration,A,1.30102999566,0,7,3,5,3,5,1.0,0.75,gating_g04,0
AAAABBAB,likelihood_ration,A,1.30102999566,0,7,3,5,3,5,1.0,0.75,blca_l10_k01_wi01_leak01_beta01,0
AAAABBAB,likelihood_ration,A,1.30102999566,0,7,3,5,3,5,1.0,0.75,naive,1
AAAABBAB,likelihood_ration,A,1.30102999566,0,7,3,5,3,5,1.0,0.75,lba_k01_d01,1
AAAABBAB,likelihood_ration,A,1.30102999566,0,7,3,5,3,5,1.0,0.75,abscount,0
AAAABBAA,information,A,0.75,0.0,4,4,6,2,6,1.0,0.5,relcount,0
AAAABBAA,information,A,0.75,0.0,4,4,6,2,6,1.0,0.5,snr,0
AAAABBAA,information,A,0.75,0.0,4,4,6,2,6,1.0,0.5,gating_g04,0
AAAABBAA,information,A,0.75,0.0,4,4,6,2,6,1.0,0.5,blca_l10_k01_wi01_leak01_beta01,0
AAAABBAA,information,A,0.75,0.0,4,4,6,2,6,1.0,0.5,naive,1
AAAABBAA,information,A,0.75,0.0,4,4,6,2,6,1.0,0.5,lba_k01_d01,1
AAAABBAA,information,A,0.75,0.0,4,4,6,2,6,1.0,0.5,abscount,0
AAAABBAA,information,A,0.75,0.0,4,4,6,2,6,1.0,0.5,likelihood_ration,1
AAAABBAA,naive,A,0.75,0,1,4,6,2,6,1.0,0.5,information,1
AAAABBAA,naive,A,0.75,0,1,4,6,2,6,1.0,0.5,snr,0
AAAABBAA,naive,A,0.75,0,1,4,6,2,6,1.0,0.5,relcount,0
AAAABBAA,naive,A,0.75,0,1,4,6,2,6,1.0,0.5,blca_l10_k01_wi01_leak01_beta01,0
AAAABBAA,naive,A,0.75,0,1,4,6,2,6,1.0,0.5,gating_g04,0
AAAABBAA,naive,A,0.75,0,1,4,6,2,6,1.0,0.5,lba_k01_d01,1
AAAABBAA,naive,A,0.75,0,1,4,6,2,6,1.0,0.5,abscount,0
AAAABBAA,naive,A,0.75,0,1,4,6,2,6,1.0,0.5,likelihood_ration,1
AAAABBAA,lba_k01_d01,A,0.8,0.1,7,4,6,2,6,1.0,0.5,information,1
AAAABBAA,lba_k01_d01,A,0.8,0.1,7,4,6,2,6,1.0,0.5,relcount,0
AAAABBAA,lba_k01_d01,A,0.8,0.1,7,4,6,2,6,1.0,0.5,snr,0
AAAABBAA,lba_k01_d01,A,0.8,0.1,7,4,6,2,6,1.0,0.5,gating_g04,0
AAAABBAA,lba_k01_d01,A,0.8,0.1,7,4,6,2,6,1.0,0.5,blca_l10_k01_wi01_leak01_beta01,0
AAAABBAA,lba_k01_d01,A,0.8,0.1,7,4,6,2,6,1.0,0.5,naive,1
AAAABBAA,lba_k01_d01,A,0.8,0.1,7,4,6,2,6,1.0,0.5,abscount,0
AAAABBAA,lba_k01_d01,A,0.8,0.1,7,4,6,2,6,1.0,0.5,likelihood_ration,1
AAAABBAA,abscount,N,,,,4,6,2,6,1.0,0.5,information,0
AAAABBAA,abscount,N,,,,4,6,2,6,1.0,0.5,snr,0
AAAABBAA,abscount,N,,,,4,6,2,6,1.0,0.5,gating_g04,-1
AAAABBAA,abscount,N,,,,4,6,2,6,1.0,0.5,blca_l10_k01_wi01_leak01_beta01,0
AAAABBAA,abscount,N,,,,4,6,2,6,1.0,0.5,naive,0
AAAABBAA,abscount,N,,,,4,6,2,6,1.0,0.5,lba_k01_d01,0
AAAABBAA,abscount,N,,,,4,6,2,6,1.0,0.5,relcount,-1
AAAABBAA,abscount,N,,,,4,6,2,6,1.0,0.5,likelihood_ration,0
AAAABBAA,snr,B,1.25,0.0,5,4,6,2,6,1.0,0.5,information,0
AAAABBAA,snr,B,1.25,0.0,5,4,6,2,6,1.0,0.5,gating_g04,0
AAAABBAA,snr,B,1.25,0.0,5,4,6,2,6,1.0,0.5,relcount,0
AAAABBAA,snr,B,1.25,0.0,5,4,6,2,6,1.0,0.5,blca_l10_k01_wi01_leak01_beta01,1
AAAABBAA,snr,B,1.25,0.0,5,4,6,2,6,1.0,0.5,naive,0
AAAABBAA,snr,B,1.25,0.0,5,4,6,2,6,1.0,0.5,lba_k01_d01,0
AAAABBAA,snr,B,1.25,0.0,5,4,6,2,6,1.0,0.5,abscount,0
AAAABBAA,snr,B,1.25,0.0,5,4,6,2,6,1.0,0.5,likelihood_ration,0
AAAABBAA,blca_l10_k01_wi01_leak01_beta01,B,1.98,-0.98,1,4,6,2,6,1.0,0.5,information,0
AAAABBAA,blca_l10_k01_wi01_leak01_beta01,B,1.98,-0.98,1,4,6,2,6,1.0,0.5,snr,1
AAAABBAA,blca_l10_k01_wi01_leak01_beta01,B,1.98,-0.98,1,4,6,2,6,1.0,0.5,relcount,0
AAAABBAA,blca_l10_k01_wi01_leak01_beta01,B,1.98,-0.98,1,4,6,2,6,1.0,0.5,gating_g04,0
AAAABBAA,blca_l10_k01_wi01_leak01_beta01,B,1.98,-0.98,1,4,6,2,6,1.0,0.5,naive,0
AAAABBAA,blca_l10_k01_wi01_leak01_beta01,B,1.98,-0.98,1,4,6,2,6,1.0,0.5,lba_k01_d01,0
AAAABBAA,blca_l10_k01_wi01_leak01_beta01,B,1.98,-0.98,1,4,6,2,6,1.0,0.5,abscount,0
AAAABBAA,blca_l10_k01_wi01_leak01_beta01,B,1.98,-0.98,1,4,6,2,6,1.0,0.5,likelihood_ration,0
AAAABBAA,gating_g04,N,,,,4,6,2,6,1.0,0.5,information,0
AAAABBAA,gating_g04,N,,,,4,6,2,6,1.0,0.5,snr,0
AAAABBAA,gating_g04,N,,,,4,6,2,6,1.0,0.5,relcount,-1
AAAABBAA,gating_g04,N,,,,4,6,2,6,1.0,0.5,blca_l10_k01_wi01_leak01_beta01,0
AAAABBAA,gating_g04,N,,,,4,6,2,6,1.0,0.5,naive,0
AAAABBAA,gating_g04,N,,,,4,6,2,6,1.0,0.5,lba_k01_d01,0
AAAABBAA,gating_g04,N,,,,4,6,2,6,1.0,0.5,abscount,-1
AAAABBAA,gating_g04,N,,,,4,6,2,6,1.0,0.5,likelihood_ration,0
AAAABBAA,relcount,N,,,,4,6,2,6,1.0,0.5,information,0
AAAABBAA,relcount,N,,,,4,6,2,6,1.0,0.5,snr,0
AAAABBAA,relcount,N,,,,4,6,2,6,1.0,0.5,gating_g04,-1
AAAABBAA,relcount,N,,,,4,6,2,6,1.0,0.5,blca_l10_k01_wi01_leak01_beta01,0
AAAABBAA,relcount,N,,,,4,6,2,6,1.0,0.5,naive,0
AAAABBAA,relcount,N,,,,4,6,2,6,1.0,0.5,lba_k01_d01,0
AAAABBAA,relcount,N,,,,4,6,2,6,1.0,0.5,abscount,-1
AAAABBAA,relcount,N,,,,4,6,2,6,1.0,0.5,likelihood_ration,0
AAAABBAA,likelihood_ration,A,1.30102999566,0,7,4,6,2,6,1.0,0.5,information,1
AAAABBAA,likelihood_ration,A,1.30102999566,0,7,4,6,2,6,1.0,0.5,relcount,0
AAAABBAA,likelihood_ration,A,1.30102999566,0,7,4,6,2,6,1.0,0.5,snr,0
AAAABBAA,likelihood_ration,A,1.30102999566,0,7,4,6,2,6,1.0,0.5,gating_g04,0
AAAABBAA,likelihood_ration,A,1.30102999566,0,7,4,6,2,6,1.0,0.5,blca_l10_k01_wi01_leak01_beta01,0
AAAABBAA,likelihood_ration,A,1.30102999566,0,7,4,6,2,6,1.0,0.5,naive,1
AAAABBAA,likelihood_ration,A,1.30102999566,0,7,4,6,2,6,1.0,0.5,lba_k01_d01,1
AAAABBAA,likelihood_ration,A,1.30102999566,0,7,4,6,2,6,1.0,0.5,abscount,0
AAABAAAB,information,A,0.9375,0.1875,6,2,6,2,6,0.75,0.75,relcount,1
AAABAAAB,information,A,0.9375,0.1875,6,2,6,2,6,0.75,0.75,snr,0
AAABAAAB,information,A,0.9375,0.1875,6,2,6,2,6,0.75,0.75,gating_g04,0
AAABAAAB,information,A,0.9375,0.1875,6,2,6,2,6,0.75,0.75,blca_l10_k01_wi01_leak01_beta01,0
AAABAAAB,information,A,0.9375,0.1875,6,2,6,2,6,0.75,0.75,naive,1
AAABAAAB,information,A,0.9375,0.1875,6,2,6,2,6,0.75,0.75,lba_k01_d01,1
AAABAAAB,information,A,0.9375,0.1875,6,2,6,2,6,0.75,0.75,abscount,0
AAABAAAB,information,A,0.9375,0.1875,6,2,6,2,6,0.75,0.75,likelihood_ration,1
AAABAAAB,naive,A,0.75,0,1,2,6,2,6,0.75,0.75,information,1
AAABAAAB,naive,A,0.75,0,1,2,6,2,6,0.75,0.75,snr,0
AAABAAAB,naive,A,0.75,0,1,2,6,2,6,0.75,0.75,relcount,1
AAABAAAB,naive,A,0.75,0,1,2,6,2,6,0.75,0.75,blca_l10_k01_wi01_leak01_beta01,0
AAABAAAB,naive,A,0.75,0,1,2,6,2,6,0.75,0.75,gating_g04,0
AAABAAAB,naive,A,0.75,0,1,2,6,2,6,0.75,0.75,lba_k01_d01,1
AAABAAAB,naive,A,0.75,0,1,2,6,2,6,0.75,0.75,abscount,0
AAABAAAB,naive,A,0.75,0,1,2,6,2,6,0.75,0.75,likelihood_ration,1
AAABAAAB,lba_k01_d01,A,0.8,0.1,7,2,6,2,6,0.75,0.75,information,1
AAABAAAB,lba_k01_d01,A,0.8,0.1,7,2,6,2,6,0.75,0.75,relcount,1
AAABAAAB,lba_k01_d01,A,0.8,0.1,7,2,6,2,6,0.75,0.75,snr,0
AAABAAAB,lba_k01_d01,A,0.8,0.1,7,2,6,2,6,0.75,0.75,gating_g04,0
AAABAAAB,lba_k01_d01,A,0.8,0.1,7,2,6,2,6,0.75,0.75,blca_l10_k01_wi01_leak01_beta01,0
AAABAAAB,lba_k01_d01,A,0.8,0.1,7,2,6,2,6,0.75,0.75,naive,1
AAABAAAB,lba_k01_d01,A,0.8,0.1,7,2,6,2,6,0.75,0.75,abscount,0
AAABAAAB,lba_k01_d01,A,0.8,0.1,7,2,6,2,6,0.75,0.75,likelihood_ration,1
AAABAAAB,abscount,N,,,,2,6,2,6,0.75,0.75,information,0
AAABAAAB,abscount,N,,,,2,6,2,6,0.75,0.75,snr,0
AAABAAAB,abscount,N,,,,2,6,2,6,0.75,0.75,gating_g04,-1
AAABAAAB,abscount,N,,,,2,6,2,6,0.75,0.75,blca_l10_k01_wi01_leak01_beta01,0
AAABAAAB,abscount,N,,,,2,6,2,6,0.75,0.75,naive,0
AAABAAAB,abscount,N,,,,2,6,2,6,0.75,0.75,lba_k01_d01,0
AAABAAAB,abscount,N,,,,2,6,2,6,0.75,0.75,relcount,0
AAABAAAB,abscount,N,,,,2,6,2,6,0.75,0.75,likelihood_ration,0
AAABAAAB,snr,B,1.33333333333,0.0,4,2,6,2,6,0.75,0.75,information,0
AAABAAAB,snr,B,1.33333333333,0.0,4,2,6,2,6,0.75,0.75,gating_g04,0
AAABAAAB,snr,B,1.33333333333,0.0,4,2,6,2,6,0.75,0.75,relcount,0
AAABAAAB,snr,B,1.33333333333,0.0,4,2,6,2,6,0.75,0.75,blca_l10_k01_wi01_leak01_beta01,1
AAABAAAB,snr,B,1.33333333333,0.0,4,2,6,2,6,0.75,0.75,naive,0
AAABAAAB,snr,B,1.33333333333,0.0,4,2,6,2,6,0.75,0.75,lba_k01_d01,0
AAABAAAB,snr,B,1.33333333333,0.0,4,2,6,2,6,0.75,0.75,abscount,0
AAABAAAB,snr,B,1.33333333333,0.0,4,2,6,2,6,0.75,0.75,likelihood_ration,0
AAABAAAB,blca_l10_k01_wi01_leak01_beta01,B,1.98,-0.98,1,2,6,2,6,0.75,0.75,information,0
AAABAAAB,blca_l10_k01_wi01_leak01_beta01,B,1.98,-0.98,1,2,6,2,6,0.75,0.75,snr,1
AAABAAAB,blca_l10_k01_wi01_leak01_beta01,B,1.98,-0.98,1,2,6,2,6,0.75,0.75,relcount,0
AAABAAAB,blca_l10_k01_wi01_leak01_beta01,B,1.98,-0.98,1,2,6,2,6,0.75,0.75,gating_g04,0
AAABAAAB,blca_l10_k01_wi01_leak01_beta01,B,1.98,-0.98,1,2,6,2,6,0.75,0.75,naive,0
AAABAAAB,blca_l10_k01_wi01_leak01_beta01,B,1.98,-0.98,1,2,6,2,6,0.75,0.75,lba_k01_d01,0
AAABAAAB,blca_l10_k01_wi01_leak01_beta01,B,1.98,-0.98,1,2,6,2,6,0.75,0.75,abscount,0
AAABAAAB,blca_l10_k01_wi01_leak01_beta01,B,1.98,-0.98,1,2,6,2,6,0.75,0.75,likelihood_ration,0
AAABAAAB,gating_g04,N,,,,2,6,2,6,0.75,0.75,information,0
AAABAAAB,gating_g04,N,,,,2,6,2,6,0.75,0.75,snr,0
AAABAAAB,gating_g04,N,,,,2,6,2,6,0.75,0.75,relcount,0
AAABAAAB,gating_g04,N,,,,2,6,2,6,0.75,0.75,blca_l10_k01_wi01_leak01_beta01,0
AAABAAAB,gating_g04,N,,,,2,6,2,6,0.75,0.75,naive,0
AAABAAAB,gating_g04,N,,,,2,6,2,6,0.75,0.75,lba_k01_d01,0
AAABAAAB,gating_g04,N,,,,2,6,2,6,0.75,0.75,abscount,-1
AAABAAAB,gating_g04,N,,,,2,6,2,6,0.75,0.75,likelihood_ration,0
AAABAAAB,relcount,A,0.833333333333,0.166666666667,6,2,6,2,6,0.75,0.75,information,1
AAABAAAB,relcount,A,0.833333333333,0.166666666667,6,2,6,2,6,0.75,0.75,snr,0
AAABAAAB,relcount,A,0.833333333333,0.166666666667,6,2,6,2,6,0.75,0.75,gating_g04,0
AAABAAAB,relcount,A,0.833333333333,0.166666666667,6,2,6,2,6,0.75,0.75,blca_l10_k01_wi01_leak01_beta01,0
AAABAAAB,relcount,A,0.833333333333,0.166666666667,6,2,6,2,6,0.75,0.75,naive,1
AAABAAAB,relcount,A,0.833333333333,0.166666666667,6,2,6,2,6,0.75,0.75,lba_k01_d01,1
AAABAAAB,relcount,A,0.833333333333,0.166666666667,6,2,6,2,6,0.75,0.75,abscount,0
AAABAAAB,relcount,A,0.833333333333,0.166666666667,6,2,6,2,6,0.75,0.75,likelihood_ration,1
AAABAAAB,likelihood_ration,A,1.77815125038,0,6,2,6,2,6,0.75,0.75,information,1
AAABAAAB,likelihood_ration,A,1.77815125038,0,6,2,6,2,6,0.75,0.75,relcount,1
AAABAAAB,likelihood_ration,A,1.77815125038,0,6,2,6,2,6,0.75,0.75,snr,0
AAABAAAB,likelihood_ration,A,1.77815125038,0,6,2,6,2,6,0.75,0.75,gating_g04,0
AAABAAAB,likelihood_ration,A,1.77815125038,0,6,2,6,2,6,0.75,0.75,blca_l10_k01_wi01_leak01_beta01,0
AAABAAAB,likelihood_ration,A,1.77815125038,0,6,2,6,2,6,0.75,0.75,naive,1
AAABAAAB,likelihood_ration,A,1.77815125038,0,6,2,6,2,6,0.75,0.75,lba_k01_d01,1
AAABAAAB,likelihood_ration,A,1.77815125038,0,6,2,6,2,6,0.75,0.75,abscount,0
AAABAAAA,information,A,0.9375,0.1875,6,3,7,1,7,0.75,1.0,relcount,1
AAABAAAA,information,A,0.9375,0.1875,6,3,7,1,7,0.75,1.0,snr,0
AAABAAAA,information,A,0.9375,0.1875,6,3,7,1,7,0.75,1.0,gating_g04,0
AAABAAAA,information,A,0.9375,0.1875,6,3,7,1,7,0.75,1.0,blca_l10_k01_wi01_leak01_beta01,0
AAABAAAA,information,A,0.9375,0.1875,6,3,7,1,7,0.75,1.0,naive,1
AAABAAAA,information,A,0.9375,0.1875,6,3,7,1,7,0.75,1.0,lba_k01_d01,1
AAABAAAA,information,A,0.9375,0.1875,6,3,7,1,7,0.75,1.0,abscount,1
AAABAAAA,information,A,0.9375,0.1875,6,3,7,1,7,0.75,1.0,likelihood_ration,1
AAABAAAA,naive,A,0.75,0,1,3,7,1,7,0.75,1.0,information,1
AAABAAAA,naive,A,0.75,0,1,3,7,1,7,0.75,1.0,snr,0
AAABAAAA,naive,A,0.75,0,1,3,7,1,7,0.75,1.0,relcount,1
AAABAAAA,naive,A,0.75,0,1,3,7,1,7,0.75,1.0,blca_l10_k01_wi01_leak01_beta01,0
AAABAAAA,naive,A,0.75,0,1,3,7,1,7,0.75,1.0,gating_g04,0
AAABAAAA,naive,A,0.75,0,1,3,7,1,7,0.75,1.0,lba_k01_d01,1
AAABAAAA,naive,A,0.75,0,1,3,7,1,7,0.75,1.0,abscount,1
AAABAAAA,naive,A,0.75,0,1,3,7,1,7,0.75,1.0,likelihood_ration,1
AAABAAAA,lba_k01_d01,A,0.8,0.1,7,3,7,1,7,0.75,1.0,information,1
AAABAAAA,lba_k01_d01,A,0.8,0.1,7,3,7,1,7,0.75,1.0,relcount,1
AAABAAAA,lba_k01_d01,A,0.8,0.1,7,3,7,1,7,0.75,1.0,snr,0
AAABAAAA,lba_k01_d01,A,0.8,0.1,7,3,7,1,7,0.75,1.0,gating_g04,0
AAABAAAA,lba_k01_d01,A,0.8,0.1,7,3,7,1,7,0.75,1.0,blca_l10_k01_wi01_leak01_beta01,0
AAABAAAA,lba_k01_d01,A,0.8,0.1,7,3,7,1,7,0.75,1.0,naive,1
AAABAAAA,lba_k01_d01,A,0.8,0.1,7,3,7,1,7,0.75,1.0,abscount,1
AAABAAAA,lba_k01_d01,A,0.8,0.1,7,3,7,1,7,0.75,1.0,likelihood_ration,1
AAABAAAA,abscount,A,0.875,0.125,8,3,7,1,7,0.75,1.0,information,1
AAABAAAA,abscount,A,0.875,0.125,8,3,7,1,7,0.75,1.0,snr,0
AAABAAAA,abscount,A,0.875,0.125,8,3,7,1,7,0.75,1.0,gating_g04,0
AAABAAAA,abscount,A,0.875,0.125,8,3,7,1,7,0.75,1.0,blca_l10_k01_wi01_leak01_beta01,0
AAABAAAA,abscount,A,0.875,0.125,8,3,7,1,7,0.75,1.0,naive,1
AAABAAAA,abscount,A,0.875,0.125,8,3,7,1,7,0.75,1.0,lba_k01_d01,1
AAABAAAA,abscount,A,0.875,0.125,8,3,7,1,7,0.75,1.0,relcount,1
AAABAAAA,abscount,A,0.875,0.125,8,3,7,1,7,0.75,1.0,likelihood_ration,1
AAABAAAA,snr,B,1.33333333333,0.0,4,3,7,1,7,0.75,1.0,information,0
AAABAAAA,snr,B,1.33333333333,0.0,4,3,7,1,7,0.75,1.0,gating_g04,0
AAABAAAA,snr,B,1.33333333333,0.0,4,3,7,1,7,0.75,1.0,relcount,0
AAABAAAA,snr,B,1.33333333333,0.0,4,3,7,1,7,0.75,1.0,blca_l10_k01_wi01_leak01_beta01,1
AAABAAAA,snr,B,1.33333333333,0.0,4,3,7,1,7,0.75,1.0,naive,0
AAABAAAA,snr,B,1.33333333333,0.0,4,3,7,1,7,0.75,1.0,lba_k01_d01,0
AAABAAAA,snr,B,1.33333333333,0.0,4,3,7,1,7,0.75,1.0,abscount,0
AAABAAAA,snr,B,1.33333333333,0.0,4,3,7,1,7,0.75,1.0,likelihood_ration,0
AAABAAAA,blca_l10_k01_wi01_leak01_beta01,B,1.98,-0.98,1,3,7,1,7,0.75,1.0,information,0
AAABAAAA,blca_l10_k01_wi01_leak01_beta01,B,1.98,-0.98,1,3,7,1,7,0.75,1.0,snr,1
AAABAAAA,blca_l10_k01_wi01_leak01_beta01,B,1.98,-0.98,1,3,7,1,7,0.75,1.0,relcount,0
AAABAAAA,blca_l10_k01_wi01_leak01_beta01,B,1.98,-0.98,1,3,7,1,7,0.75,1.0,gating_g04,0
AAABAAAA,blca_l10_k01_wi01_leak01_beta01,B,1.98,-0.98,1,3,7,1,7,0.75,1.0,naive,0
AAABAAAA,blca_l10_k01_wi01_leak01_beta01,B,1.98,-0.98,1,3,7,1,7,0.75,1.0,lba_k01_d01,0
AAABAAAA,blca_l10_k01_wi01_leak01_beta01,B,1.98,-0.98,1,3,7,1,7,0.75,1.0,abscount,0
AAABAAAA,blca_l10_k01_wi01_leak01_beta01,B,1.98,-0.98,1,3,7,1,7,0.75,1.0,likelihood_ration,0
AAABAAAA,gating_g04,N,,,,3,7,1,7,0.75,1.0,information,0
AAABAAAA,gating_g04,N,,,,3,7,1,7,0.75,1.0,snr,0
AAABAAAA,gating_g04,N,,,,3,7,1,7,0.75,1.0,relcount,0
AAABAAAA,gating_g04,N,,,,3,7,1,7,0.75,1.0,blca_l10_k01_wi01_leak01_beta01,0
AAABAAAA,gating_g04,N,,,,3,7,1,7,0.75,1.0,naive,0
AAABAAAA,gating_g04,N,,,,3,7,1,7,0.75,1.0,lba_k01_d01,0
AAABAAAA,gating_g04,N,,,,3,7,1,7,0.75,1.0,abscount,0
AAABAAAA,gating_g04,N,,,,3,7,1,7,0.75,1.0,likelihood_ration,0
AAABAAAA,relcount,A,0.833333333333,0.166666666667,6,3,7,1,7,0.75,1.0,information,1
AAABAAAA,relcount,A,0.833333333333,0.166666666667,6,3,7,1,7,0.75,1.0,snr,0
AAABAAAA,relcount,A,0.833333333333,0.166666666667,6,3,7,1,7,0.75,1.0,gating_g04,0
AAABAAAA,relcount,A,0.833333333333,0.166666666667,6,3,7,1,7,0.75,1.0,blca_l10_k01_wi01_leak01_beta01,0
AAABAAAA,relcount,A,0.833333333333,0.166666666667,6,3,7,1,7,0.75,1.0,naive,1
AAABAAAA,relcount,A,0.833333333333,0.166666666667,6,3,7,1,7,0.75,1.0,lba_k01_d01,1
AAABAAAA,relcount,A,0.833333333333,0.166666666667,6,3,7,1,7,0.75,1.0,abscount,1
AAABAAAA,relcount,A,0.833333333333,0.166666666667,6,3,7,1,7,0.75,1.0,likelihood_ration,1
AAABAAAA,likelihood_ration,A,1.77815125038,0,6,3,7,1,7,0.75,1.0,information,1
AAABAAAA,likelihood_ration,A,1.77815125038,0,6,3,7,1,7,0.75,1.0,relcount,1
AAABAAAA,likelihood_ration,A,1.77815125038,0,6,3,7,1,7,0.75,1.0,snr,0
AAABAAAA,likelihood_ration,A,1.77815125038,0,6,3,7,1,7,0.75,1.0,gating_g04,0
AAABAAAA,likelihood_ration,A,1.77815125038,0,6,3,7,1,7,0.75,1.0,blca_l10_k01_wi01_leak01_beta01,0
AAABAAAA,likelihood_ration,A,1.77815125038,0,6,3,7,1,7,0.75,1.0,naive,1
AAABAAAA,likelihood_ration,A,1.77815125038,0,6,3,7,1,7,0.75,1.0,lba_k01_d01,1
AAABAAAA,likelihood_ration,A,1.77815125038,0,6,3,7,1,7,0.75,1.0,abscount,1
AAAAAAAA,information,A,0.75,0.0,4,4,8,0,8,1.0,1.0,relcount,0
AAAAAAAA,information,A,0.75,0.0,4,4,8,0,8,1.0,1.0,snr,0
AAAAAAAA,information,A,0.75,0.0,4,4,8,0,8,1.0,1.0,gating_g04,0
AAAAAAAA,information,A,0.75,0.0,4,4,8,0,8,1.0,1.0,blca_l10_k01_wi01_leak01_beta01,0
AAAAAAAA,information,A,0.75,0.0,4,4,8,0,8,1.0,1.0,naive,1
AAAAAAAA,information,A,0.75,0.0,4,4,8,0,8,1.0,1.0,lba_k01_d01,1
AAAAAAAA,information,A,0.75,0.0,4,4,8,0,8,1.0,1.0,abscount,1
AAAAAAAA,information,A,0.75,0.0,4,4,8,0,8,1.0,1.0,likelihood_ration,0
AAAAAAAA,naive,A,0.75,0,1,4,8,0,8,1.0,1.0,information,1
AAAAAAAA,naive,A,0.75,0,1,4,8,0,8,1.0,1.0,snr,0
AAAAAAAA,naive,A,0.75,0,1,4,8,0,8,1.0,1.0,relcount,0
AAAAAAAA,naive,A,0.75,0,1,4,8,0,8,1.0,1.0,blca_l10_k01_wi01_leak01_beta01,0
AAAAAAAA,naive,A,0.75,0,1,4,8,0,8,1.0,1.0,gating_g04,0
AAAAAAAA,naive,A,0.75,0,1,4,8,0,8,1.0,1.0,lba_k01_d01,1
AAAAAAAA,naive,A,0.75,0,1,4,8,0,8,1.0,1.0,abscount,1
AAAAAAAA,naive,A,0.75,0,1,4,8,0,8,1.0,1.0,likelihood_ration,0
AAAAAAAA,lba_k01_d01,A,0.8,0.1,7,4,8,0,8,1.0,1.0,information,1
AAAAAAAA,lba_k01_d01,A,0.8,0.1,7,4,8,0,8,1.0,1.0,relcount,0
AAAAAAAA,lba_k01_d01,A,0.8,0.1,7,4,8,0,8,1.0,1.0,snr,0
AAAAAAAA,lba_k01_d01,A,0.8,0.1,7,4,8,0,8,1.0,1.0,gating_g04,0
AAAAAAAA,lba_k01_d01,A,0.8,0.1,7,4,8,0,8,1.0,1.0,blca_l10_k01_wi01_leak01_beta01,0
AAAAAAAA,lba_k01_d01,A,0.8,0.1,7,4,8,0,8,1.0,1.0,naive,1
AAAAAAAA,lba_k01_d01,A,0.8,0.1,7,4,8,0,8,1.0,1.0,abscount,1
AAAAAAAA,lba_k01_d01,A,0.8,0.1,7,4,8,0,8,1.0,1.0,likelihood_ration,0
AAAAAAAA,abscount,A,0.75,0.0,6,4,8,0,8,1.0,1.0,information,1
AAAAAAAA,abscount,A,0.75,0.0,6,4,8,0,8,1.0,1.0,snr,0
AAAAAAAA,abscount,A,0.75,0.0,6,4,8,0,8,1.0,1.0,gating_g04,0
AAAAAAAA,abscount,A,0.75,0.0,6,4,8,0,8,1.0,1.0,blca_l10_k01_wi01_leak01_beta01,0
AAAAAAAA,abscount,A,0.75,0.0,6,4,8,0,8,1.0,1.0,naive,1
AAAAAAAA,abscount,A,0.75,0.0,6,4,8,0,8,1.0,1.0,lba_k01_d01,1
AAAAAAAA,abscount,A,0.75,0.0,6,4,8,0,8,1.0,1.0,relcount,0
AAAAAAAA,abscount,A,0.75,0.0,6,4,8,0,8,1.0,1.0,likelihood_ration,0
AAAAAAAA,snr,N,,,,4,8,0,8,1.0,1.0,information,0
AAAAAAAA,snr,N,,,,4,8,0,8,1.0,1.0,gating_g04,-1
AAAAAAAA,snr,N,,,,4,8,0,8,1.0,1.0,relcount,-1
AAAAAAAA,snr,N,,,,4,8,0,8,1.0,1.0,blca_l10_k01_wi01_leak01_beta01,0
AAAAAAAA,snr,N,,,,4,8,0,8,1.0,1.0,naive,0
AAAAAAAA,snr,N,,,,4,8,0,8,1.0,1.0,lba_k01_d01,0
AAAAAAAA,snr,N,,,,4,8,0,8,1.0,1.0,abscount,0
AAAAAAAA,snr,N,,,,4,8,0,8,1.0,1.0,likelihood_ration,-1
AAAAAAAA,blca_l10_k01_wi01_leak01_beta01,B,1.98,-0.98,1,4,8,0,8,1.0,1.0,information,0
AAAAAAAA,blca_l10_k01_wi01_leak01_beta01,B,1.98,-0.98,1,4,8,0,8,1.0,1.0,snr,0
AAAAAAAA,blca_l10_k01_wi01_leak01_beta01,B,1.98,-0.98,1,4,8,0,8,1.0,1.0,relcount,0
AAAAAAAA,blca_l10_k01_wi01_leak01_beta01,B,1.98,-0.98,1,4,8,0,8,1.0,1.0,gating_g04,0
AAAAAAAA,blca_l10_k01_wi01_leak01_beta01,B,1.98,-0.98,1,4,8,0,8,1.0,1.0,naive,0
AAAAAAAA,blca_l10_k01_wi01_leak01_beta01,B,1.98,-0.98,1,4,8,0,8,1.0,1.0,lba_k01_d01,0
AAAAAAAA,blca_l10_k01_wi01_leak01_beta01,B,1.98,-0.98,1,4,8,0,8,1.0,1.0,abscount,0
AAAAAAAA,blca_l10_k01_wi01_leak01_beta01,B,1.98,-0.98,1,4,8,0,8,1.0,1.0,likelihood_ration,0
AAAAAAAA,gating_g04,N,,,,4,8,0,8,1.0,1.0,information,0
AAAAAAAA,gating_g04,N,,,,4,8,0,8,1.0,1.0,snr,-1
AAAAAAAA,gating_g04,N,,,,4,8,0,8,1.0,1.0,relcount,-1
AAAAAAAA,gating_g04,N,,,,4,8,0,8,1.0,1.0,blca_l10_k01_wi01_leak01_beta01,0
AAAAAAAA,gating_g04,N,,,,4,8,0,8,1.0,1.0,naive,0
AAAAAAAA,gating_g04,N,,,,4,8,0,8,1.0,1.0,lba_k01_d01,0
AAAAAAAA,gating_g04,N,,,,4,8,0,8,1.0,1.0,abscount,0
AAAAAAAA,gating_g04,N,,,,4,8,0,8,1.0,1.0,likelihood_ration,-1
AAAAAAAA,relcount,N,,,,4,8,0,8,1.0,1.0,information,0
AAAAAAAA,relcount,N,,,,4,8,0,8,1.0,1.0,snr,-1
AAAAAAAA,relcount,N,,,,4,8,0,8,1.0,1.0,gating_g04,-1
AAAAAAAA,relcount,N,,,,4,8,0,8,1.0,1.0,blca_l10_k01_wi01_leak01_beta01,0
AAAAAAAA,relcount,N,,,,4,8,0,8,1.0,1.0,naive,0
AAAAAAAA,relcount,N,,,,4,8,0,8,1.0,1.0,lba_k01_d01,0
AAAAAAAA,relcount,N,,,,4,8,0,8,1.0,1.0,abscount,0
AAAAAAAA,relcount,N,,,,4,8,0,8,1.0,1.0,likelihood_ration,-1
AAAAAAAA,likelihood_ration,N,,,,4,8,0,8,1.0,1.0,information,0
AAAAAAAA,likelihood_ration,N,,,,4,8,0,8,1.0,1.0,relcount,-1
AAAAAAAA,likelihood_ration,N,,,,4,8,0,8,1.0,1.0,snr,-1
AAAAAAAA,likelihood_ration,N,,,,4,8,0,8,1.0,1.0,gating_g04,-1
AAAAAAAA,likelihood_ration,N,,,,4,8,0,8,1.0,1.0,blca_l10_k01_wi01_leak01_beta01,0
AAAAAAAA,likelihood_ration,N,,,,4,8,0,8,1.0,1.0,naive,0
AAAAAAAA,likelihood_ration,N,,,,4,8,0,8,1.0,1.0,lba_k01_d01,0
AAAAAAAA,likelihood_ration,N,,,,4,8,0,8,1.0,1.0,abscount,0
AAABABAA,information,A,1.125,0.375,8,2,6,2,6,0.75,0.75,relcount,0
AAABABAA,information,A,1.125,0.375,8,2,6,2,6,0.75,0.75,snr,0
AAABABAA,information,A,1.125,0.375,8,2,6,2,6,0.75,0.75,gating_g04,0
AAABABAA,information,A,1.125,0.375,8,2,6,2,6,0.75,0.75,blca_l10_k01_wi01_leak01_beta01,0
AAABABAA,information,A,1.125,0.375,8,2,6,2,6,0.75,0.75,naive,1
AAABABAA,information,A,1.125,0.375,8,2,6,2,6,0.75,0.75,lba_k01_d01,1
AAABABAA,information,A,1.125,0.375,8,2,6,2,6,0.75,0.75,abscount,0
AAABABAA,information,A,1.125,0.375,8,2,6,2,6,0.75,0.75,likelihood_ration,1
AAABABAA,naive,A,0.75,0,1,2,6,2,6,0.75,0.75,information,1
AAABABAA,naive,A,0.75,0,1,2,6,2,6,0.75,0.75,snr,0
AAABABAA,naive,A,0.75,0,1,2,6,2,6,0.75,0.75,relcount,0
AAABABAA,naive,A,0.75,0,1,2,6,2,6,0.75,0.75,blca_l10_k01_wi01_leak01_beta01,0
AAABABAA,naive,A,0.75,0,1,2,6,2,6,0.75,0.75,gating_g04,0
AAABABAA,naive,A,0.75,0,1,2,6,2,6,0.75,0.75,lba_k01_d01,1
AAABABAA,naive,A,0.75,0,1,2,6,2,6,0.75,0.75,abscount,0
AAABABAA,naive,A,0.75,0,1,2,6,2,6,0.75,0.75,likelihood_ration,1
AAABABAA,lba_k01_d01,A,0.8,0.1,7,2,6,2,6,0.75,0.75,information,1
AAABABAA,lba_k01_d01,A,0.8,0.1,7,2,6,2,6,0.75,0.75,relcount,0
AAABABAA,lba_k01_d01,A,0.8,0.1,7,2,6,2,6,0.75,0.75,snr,0
AAABABAA,lba_k01_d01,A,0.8,0.1,7,2,6,2,6,0.75,0.75,gating_g04,0
AAABABAA,lba_k01_d01,A,0.8,0.1,7,2,6,2,6,0.75,0.75,blca_l10_k01_wi01_leak01_beta01,0
AAABABAA,lba_k01_d01,A,0.8,0.1,7,2,6,2,6,0.75,0.75,naive,1
AAABABAA,lba_k01_d01,A,0.8,0.1,7,2,6,2,6,0.75,0.75,abscount,0
AAABABAA,lba_k01_d01,A,0.8,0.1,7,2,6,2,6,0.75,0.75,likelihood_ration,1
AAABABAA,abscount,N,,,,2,6,2,6,0.75,0.75,information,0
AAABABAA,abscount,N,,,,2,6,2,6,0.75,0.75,snr,0
AAABABAA,abscount,N,,,,2,6,2,6,0.75,0.75,gating_g04,-1
AAABABAA,abscount,N,,,,2,6,2,6,0.75,0.75,blca_l10_k01_wi01_leak01_beta01,0
AAABABAA,abscount,N,,,,2,6,2,6,0.75,0.75,naive,0
AAABABAA,abscount,N,,,,2,6,2,6,0.75,0.75,lba_k01_d01,0
AAABABAA,abscount,N,,,,2,6,2,6,0.75,0.75,relcount,-1
AAABABAA,abscount,N,,,,2,6,2,6,0.75,0.75,likelihood_ration,0
AAABABAA,snr,B,1.33333333333,0.0,4,2,6,2,6,0.75,0.75,information,0
AAABABAA,snr,B,1.33333333333,0.0,4,2,6,2,6,0.75,0.75,gating_g04,0
AAABABAA,snr,B,1.33333333333,0.0,4,2,6,2,6,0.75,0.75,relcount,0
AAABABAA,snr,B,1.33333333333,0.0,4,2,6,2,6,0.75,0.75,blca_l10_k01_wi01_leak01_beta01,1
AAABABAA,snr,B,1.33333333333,0.0,4,2,6,2,6,0.75,0.75,naive,0
AAABABAA,snr,B,1.33333333333,0.0,4,2,6,2,6,0.75,0.75,lba_k01_d01,0
AAABABAA,snr,B,1.33333333333,0.0,4,2,6,2,6,0.75,0.75,abscount,0
AAABABAA,snr,B,1.33333333333,0.0,4,2,6,2,6,0.75,0.75,likelihood_ration,0
AAABABAA,blca_l10_k01_wi01_leak01_beta01,B,1.98,-0.98,1,2,6,2,6,0.75,0.75,information,0
AAABABAA,blca_l10_k01_wi01_leak01_beta01,B,1.98,-0.98,1,2,6,2,6,0.75,0.75,snr,1
AAABABAA,blca_l10_k01_wi01_leak01_beta01,B,1.98,-0.98,1,2,6,2,6,0.75,0.75,relcount,0
AAABABAA,blca_l10_k01_wi01_leak01_beta01,B,1.98,-0.98,1,2,6,2,6,0.75,0.75,gating_g04,0
AAABABAA,blca_l10_k01_wi01_leak01_beta01,B,1.98,-0.98,1,2,6,2,6,0.75,0.75,naive,0
AAABABAA,blca_l10_k01_wi01_leak01_beta01,B,1.98,-0.98,1,2,6,2,6,0.75,0.75,lba_k01_d01,0
AAABABAA,blca_l10_k01_wi01_leak01_beta01,B,1.98,-0.98,1,2,6,2,6,0.75,0.75,abscount,0
AAABABAA,blca_l10_k01_wi01_leak01_beta01,B,1.98,-0.98,1,2,6,2,6,0.75,0.75,likelihood_ration,0
AAABABAA,gating_g04,N,,,,2,6,2,6,0.75,0.75,information,0
AAABABAA,gating_g04,N,,,,2,6,2,6,0.75,0.75,snr,0
AAABABAA,gating_g04,N,,,,2,6,2,6,0.75,0.75,relcount,-1
AAABABAA,gating_g04,N,,,,2,6,2,6,0.75,0.75,blca_l10_k01_wi01_leak01_beta01,0
AAABABAA,gating_g04,N,,,,2,6,2,6,0.75,0.75,naive,0
AAABABAA,gating_g04,N,,,,2,6,2,6,0.75,0.75,lba_k01_d01,0
AAABABAA,gating_g04,N,,,,2,6,2,6,0.75,0.75,abscount,-1
AAABABAA,gating_g04,N,,,,2,6,2,6,0.75,0.75,likelihood_ration,0
AAABABAA,relcount,N,,,,2,6,2,6,0.75,0.75,information,0
AAABABAA,relcount,N,,,,2,6,2,6,0.75,0.75,snr,0
AAABABAA,relcount,N,,,,2,6,2,6,0.75,0.75,gating_g04,-1
AAABABAA,relcount,N,,,,2,6,2,6,0.75,0.75,blca_l10_k01_wi01_leak01_beta01,0
AAABABAA,relcount,N,,,,2,6,2,6,0.75,0.75,naive,0
AAABABAA,relcount,N,,,,2,6,2,6,0.75,0.75,lba_k01_d01,0
AAABABAA,relcount,N,,,,2,6,2,6,0.75,0.75,abscount,-1
AAABABAA,relcount,N,,,,2,6,2,6,0.75,0.75,likelihood_ration,0
AAABABAA,likelihood_ration,A,1.38021124171,0,6,2,6,2,6,0.75,0.75,information,1
AAABABAA,likelihood_ration,A,1.38021124171,0,6,2,6,2,6,0.75,0.75,relcount,0
AAABABAA,likelihood_ration,A,1.38021124171,0,6,2,6,2,6,0.75,0.75,snr,0
AAABABAA,likelihood_ration,A,1.38021124171,0,6,2,6,2,6,0.75,0.75,gating_g04,0
AAABABAA,likelihood_ration,A,1.38021124171,0,6,2,6,2,6,0.75,0.75,blca_l10_k01_wi01_leak01_beta01,0
AAABABAA,likelihood_ration,A,1.38021124171,0,6,2,6,2,6,0.75,0.75,naive,1
AAABABAA,likelihood_ration,A,1.38021124171,0,6,2,6,2,6,0.75,0.75,lba_k01_d01,1
AAABABAA,likelihood_ration,A,1.38021124171,0,6,2,6,2,6,0.75,0.75,abscount,0
AAABABAB,information,N,,,,1,5,3,5,0.75,0.5,relcount,-1
AAABABAB,information,N,,,,1,5,3,5,0.75,0.5,snr,0
AAABABAB,information,N,,,,1,5,3,5,0.75,0.5,gating_g04,-1
AAABABAB,information,N,,,,1,5,3,5,0.75,0.5,blca_l10_k01_wi01_leak01_beta01,0
AAABABAB,information,N,,,,1,5,3,5,0.75,0.5,naive,0
AAABABAB,information,N,,,,1,5,3,5,0.75,0.5,lba_k01_d01,0
AAABABAB,information,N,,,,1,5,3,5,0.75,0.5,abscount,-1
AAABABAB,information,N,,,,1,5,3,5,0.75,0.5,likelihood_ration,0
AAABABAB,naive,A,0.75,0,1,1,5,3,5,0.75,0.5,information,0
AAABABAB,naive,A,0.75,0,1,1,5,3,5,0.75,0.5,snr,0
AAABABAB,naive,A,0.75,0,1,1,5,3,5,0.75,0.5,relcount,0
AAABABAB,naive,A,0.75,0,1,1,5,3,5,0.75,0.5,blca_l10_k01_wi01_leak01_beta01,0
AAABABAB,naive,A,0.75,0,1,1,5,3,5,0.75,0.5,gating_g04,0
AAABABAB,naive,A,0.75,0,1,1,5,3,5,0.75,0.5,lba_k01_d01,1
AAABABAB,naive,A,0.75,0,1,1,5,3,5,0.75,0.5,abscount,0
AAABABAB,naive,A,0.75,0,1,1,5,3,5,0.75,0.5,likelihood_ration,1
AAABABAB,lba_k01_d01,A,0.8,0.1,7,1,5,3,5,0.75,0.5,information,0
AAABABAB,lba_k01_d01,A,0.8,0.1,7,1,5,3,5,0.75,0.5,relcount,0
AAABABAB,lba_k01_d01,A,0.8,0.1,7,1,5,3,5,0.75,0.5,snr,0
AAABABAB,lba_k01_d01,A,0.8,0.1,7,1,5,3,5,0.75,0.5,gating_g04,0
AAABABAB,lba_k01_d01,A,0.8,0.1,7,1,5,3,5,0.75,0.5,blca_l10_k01_wi01_leak01_beta01,0
AAABABAB,lba_k01_d01,A,0.8,0.1,7,1,5,3,5,0.75,0.5,naive,1
AAABABAB,lba_k01_d01,A,0.8,0.1,7,1,5,3,5,0.75,0.5,abscount,0
AAABABAB,lba_k01_d01,A,0.8,0.1,7,1,5,3,5,0.75,0.5,likelihood_ration,1
AAABABAB,abscount,N,,,,1,5,3,5,0.75,0.5,information,-1
AAABABAB,abscount,N,,,,1,5,3,5,0.75,0.5,snr,0
AAABABAB,abscount,N,,,,1,5,3,5,0.75,0.5,gating_g04,-1
AAABABAB,abscount,N,,,,1,5,3,5,0.75,0.5,blca_l10_k01_wi01_leak01_beta01,0
AAABABAB,abscount,N,,,,1,5,3,5,0.75,0.5,naive,0
AAABABAB,abscount,N,,,,1,5,3,5,0.75,0.5,lba_k01_d01,0
AAABABAB,abscount,N,,,,1,5,3,5,0.75,0.5,relcount,-1
AAABABAB,abscount,N,,,,1,5,3,5,0.75,0.5,likelihood_ration,0
AAABABAB,snr,B,1.33333333333,0.0,4,1,5,3,5,0.75,0.5,information,0
AAABABAB,snr,B,1.33333333333,0.0,4,1,5,3,5,0.75,0.5,gating_g04,0
AAABABAB,snr,B,1.33333333333,0.0,4,1,5,3,5,0.75,0.5,relcount,0
AAABABAB,snr,B,1.33333333333,0.0,4,1,5,3,5,0.75,0.5,blca_l10_k01_wi01_leak01_beta01,1
AAABABAB,snr,B,1.33333333333,0.0,4,1,5,3,5,0.75,0.5,naive,0
AAABABAB,snr,B,1.33333333333,0.0,4,1,5,3,5,0.75,0.5,lba_k01_d01,0
AAABABAB,snr,B,1.33333333333,0.0,4,1,5,3,5,0.75,0.5,abscount,0
AAABABAB,snr,B,1.33333333333,0.0,4,1,5,3,5,0.75,0.5,likelihood_ration,0
AAABABAB,blca_l10_k01_wi01_leak01_beta01,B,1.98,-0.98,1,1,5,3,5,0.75,0.5,information,0
AAABABAB,blca_l10_k01_wi01_leak01_beta01,B,1.98,-0.98,1,1,5,3,5,0.75,0.5,snr,1
AAABABAB,blca_l10_k01_wi01_leak01_beta01,B,1.98,-0.98,1,1,5,3,5,0.75,0.5,relcount,0
AAABABAB,blca_l10_k01_wi01_leak01_beta01,B,1.98,-0.98,1,1,5,3,5,0.75,0.5,gating_g04,0
AAABABAB,blca_l10_k01_wi01_leak01_beta01,B,1.98,-0.98,1,1,5,3,5,0.75,0.5,naive,0
AAABABAB,blca_l10_k01_wi01_leak01_beta01,B,1.98,-0.98,1,1,5,3,5,0.75,0.5,lba_k01_d01,0
AAABABAB,blca_l10_k01_wi01_leak01_beta01,B,1.98,-0.98,1,1,5,3,5,0.75,0.5,abscount,0
AAABABAB,blca_l10_k01_wi01_leak01_beta01,B,1.98,-0.98,1,1,5,3,5,0.75,0.5,likelihood_ration,0
AAABABAB,gating_g04,N,,,,1,5,3,5,0.75,0.5,information,-1
AAABABAB,gating_g04,N,,,,1,5,3,5,0.75,0.5,snr,0
AAABABAB,gating_g04,N,,,,1,5,3,5,0.75,0.5,relcount,-1
AAABABAB,gating_g04,N,,,,1,5,3,5,0.75,0.5,blca_l10_k01_wi01_leak01_beta01,0
AAABABAB,gating_g04,N,,,,1,5,3,5,0.75,0.5,naive,0
AAABABAB,gating_g04,N,,,,1,5,3,5,0.75,0.5,lba_k01_d01,0
AAABABAB,gating_g04,N,,,,1,5,3,5,0.75,0.5,abscount,-1
AAABABAB,gating_g04,N,,,,1,5,3,5,0.75,0.5,likelihood_ration,0
AAABABAB,relcount,N,,,,1,5,3,5,0.75,0.5,information,-1
AAABABAB,relcount,N,,,,1,5,3,5,0.75,0.5,snr,0
AAABABAB,relcount,N,,,,1,5,3,5,0.75,0.5,gating_g04,-1
AAABABAB,relcount,N,,,,1,5,3,5,0.75,0.5,blca_l10_k01_wi01_leak01_beta01,0
AAABABAB,relcount,N,,,,1,5,3,5,0.75,0.5,naive,0
AAABABAB,relcount,N,,,,1,5,3,5,0.75,0.5,lba_k01_d01,0
AAABABAB,relcount,N,,,,1,5,3,5,0.75,0.5,abscount,-1
AAABABAB,relcount,N,,,,1,5,3,5,0.75,0.5,likelihood_ration,0
AAABABAB,likelihood_ration,A,1.38021124171,0,6,1,5,3,5,0.75,0.5,information,0
AAABABAB,likelihood_ration,A,1.38021124171,0,6,1,5,3,5,0.75,0.5,relcount,0
AAABABAB,likelihood_ration,A,1.38021124171,0,6,1,5,3,5,0.75,0.5,snr,0
AAABABAB,likelihood_ration,A,1.38021124171,0,6,1,5,3,5,0.75,0.5,gating_g04,0
AAABABAB,likelihood_ration,A,1.38021124171,0,6,1,5,3,5,0.75,0.5,blca_l10_k01_wi01_leak01_beta01,0
AAABABAB,likelihood_ration,A,1.38021124171,0,6,1,5,3,5,0.75,0.5,naive,1
AAABABAB,likelihood_ration,A,1.38021124171,0,6,1,5,3,5,0.75,0.5,lba_k01_d01,1
AAABABAB,likelihood_ration,A,1.38021124171,0,6,1,5,3,5,0.75,0.5,abscount,0
ABBBAABA,information,N,,,,4,4,4,4,0.75,0.75,relcount,-1
ABBBAABA,information,N,,,,4,4,4,4,0.75,0.75,snr,0
ABBBAABA,information,N,,,,4,4,4,4,0.75,0.75,gating_g04,-1
ABBBAABA,information,N,,,,4,4,4,4,0.75,0.75,blca_l10_k01_wi01_leak01_beta01,0
ABBBAABA,information,N,,,,4,4,4,4,0.75,0.75,naive,0
ABBBAABA,information,N,,,,4,4,4,4,0.75,0.75,lba_k01_d01,0
ABBBAABA,information,N,,,,4,4,4,4,0.75,0.75,abscount,-1
ABBBAABA,information,N,,,,4,4,4,4,0.75,0.75,likelihood_ration,-1
ABBBAABA,naive,B,0.75,0,2,4,4,4,4,0.75,0.75,information,0
ABBBAABA,naive,B,0.75,0,2,4,4,4,4,0.75,0.75,snr,1
ABBBAABA,naive,B,0.75,0,2,4,4,4,4,0.75,0.75,relcount,0
ABBBAABA,naive,B,0.75,0,2,4,4,4,4,0.75,0.75,blca_l10_k01_wi01_leak01_beta01,1
ABBBAABA,naive,B,0.75,0,2,4,4,4,4,0.75,0.75,gating_g04,0
ABBBAABA,naive,B,0.75,0,2,4,4,4,4,0.75,0.75,lba_k01_d01,0
ABBBAABA,naive,B,0.75,0,2,4,4,4,4,0.75,0.75,abscount,0
ABBBAABA,naive,B,0.75,0,2,4,4,4,4,0.75,0.75,likelihood_ration,0
ABBBAABA,lba_k01_d01,A,0.8,0.1,7,4,4,4,4,0.75,0.75,information,0
ABBBAABA,lba_k01_d01,A,0.8,0.1,7,4,4,4,4,0.75,0.75,relcount,0
ABBBAABA,lba_k01_d01,A,0.8,0.1,7,4,4,4,4,0.75,0.75,snr,0
ABBBAABA,lba_k01_d01,A,0.8,0.1,7,4,4,4,4,0.75,0.75,gating_g04,0
ABBBAABA,lba_k01_d01,A,0.8,0.1,7,4,4,4,4,0.75,0.75,blca_l10_k01_wi01_leak01_beta01,0
ABBBAABA,lba_k01_d01,A,0.8,0.1,7,4,4,4,4,0.75,0.75,naive,0
ABBBAABA,lba_k01_d01,A,0.8,0.1,7,4,4,4,4,0.75,0.75,abscount,0
ABBBAABA,lba_k01_d01,A,0.8,0.1,7,4,4,4,4,0.75,0.75,likelihood_ration,0
ABBBAABA,abscount,N,,,,4,4,4,4,0.75,0.75,information,-1
ABBBAABA,abscount,N,,,,4,4,4,4,0.75,0.75,snr,0
ABBBAABA,abscount,N,,,,4,4,4,4,0.75,0.75,gating_g04,-1
ABBBAABA,abscount,N,,,,4,4,4,4,0.75,0.75,blca_l10_k01_wi01_leak01_beta01,0
ABBBAABA,abscount,N,,,,4,4,4,4,0.75,0.75,naive,0
ABBBAABA,abscount,N,,,,4,4,4,4,0.75,0.75,lba_k01_d01,0
ABBBAABA,abscount,N,,,,4,4,4,4,0.75,0.75,relcount,-1
ABBBAABA,abscount,N,,,,4,4,4,4,0.75,0.75,likelihood_ration,-1
ABBBAABA,snr,B,2.0,0.0,2,4,4,4,4,0.75,0.75,information,0
ABBBAABA,snr,B,2.0,0.0,2,4,4,4,4,0.75,0.75,gating_g04,0
ABBBAABA,snr,B,2.0,0.0,2,4,4,4,4,0.75,0.75,relcount,0
ABBBAABA,snr,B,2.0,0.0,2,4,4,4,4,0.75,0.75,blca_l10_k01_wi01_leak01_beta01,1
ABBBAABA,snr,B,2.0,0.0,2,4,4,4,4,0.75,0.75,naive,1
ABBBAABA,snr,B,2.0,0.0,2,4,4,4,4,0.75,0.75,lba_k01_d01,0
ABBBAABA,snr,B,2.0,0.0,2,4,4,4,4,0.75,0.75,abscount,0
ABBBAABA,snr,B,2.0,0.0,2,4,4,4,4,0.75,0.75,likelihood_ration,0
ABBBAABA,blca_l10_k01_wi01_leak01_beta01,B,1.98,-0.98,1,4,4,4,4,0.75,0.75,information,0
ABBBAABA,blca_l10_k01_wi01_leak01_beta01,B,1.98,-0.98,1,4,4,4,4,0.75,0.75,snr,1
ABBBAABA,blca_l10_k01_wi01_leak01_beta01,B,1.98,-0.98,1,4,4,4,4,0.75,0.75,relcount,0
ABBBAABA,blca_l10_k01_wi01_leak01_beta01,B,1.98,-0.98,1,4,4,4,4,0.75,0.75,gating_g04,0
ABBBAABA,blca_l10_k01_wi01_leak01_beta01,B,1.98,-0.98,1,4,4,4,4,0.75,0.75,naive,1
ABBBAABA,blca_l10_k01_wi01_leak01_beta01,B,1.98,-0.98,1,4,4,4,4,0.75,0.75,lba_k01_d01,0
ABBBAABA,blca_l10_k01_wi01_leak01_beta01,B,1.98,-0.98,1,4,4,4,4,0.75,0.75,abscount,0
ABBBAABA,blca_l10_k01_wi01_leak01_beta01,B,1.98,-0.98,1,4,4,4,4,0.75,0.75,likelihood_ration,0
ABBBAABA,gating_g04,N,,,,4,4,4,4,0.75,0.75,information,-1
ABBBAABA,gating_g04,N,,,,4,4,4,4,0.75,0.75,snr,0
ABBBAABA,gating_g04,N,,,,4,4,4,4,0.75,0.75,relcount,-1
ABBBAABA,gating_g04,N,,,,4,4,4,4,0.75,0.75,blca_l10_k01_wi01_leak01_beta01,0
ABBBAABA,gating_g04,N,,,,4,4,4,4,0.75,0.75,naive,0
ABBBAABA,gating_g04,N,,,,4,4,4,4,0.75,0.75,lba_k01_d01,0
ABBBAABA,gating_g04,N,,,,4,4,4,4,0.75,0.75,abscount,-1
ABBBAABA,gating_g04,N,,,,4,4,4,4,0.75,0.75,likelihood_ration,-1
ABBBAABA,relcount,N,,,,4,4,4,4,0.75,0.75,information,-1
ABBBAABA,relcount,N,,,,4,4,4,4,0.75,0.75,snr,0
ABBBAABA,relcount,N,,,,4,4,4,4,0.75,0.75,gating_g04,-1
ABBBAABA,relcount,N,,,,4,4,4,4,0.75,0.75,blca_l10_k01_wi01_leak01_beta01,0
ABBBAABA,relcount,N,,,,4,4,4,4,0.75,0.75,naive,0
ABBBAABA,relcount,N,,,,4,4,4,4,0.75,0.75,lba_k01_d01,0
ABBBAABA,relcount,N,,,,4,4,4,4,0.75,0.75,abscount,-1
ABBBAABA,relcount,N,,,,4,4,4,4,0.75,0.75,likelihood_ration,-1
ABBBAABA,likelihood_ration,N,,,,4,4,4,4,0.75,0.75,information,-1
ABBBAABA,likelihood_ration,N,,,,4,4,4,4,0.75,0.75,relcount,-1
ABBBAABA,likelihood_ration,N,,,,4,4,4,4,0.75,0.75,snr,0
ABBBAABA,likelihood_ration,N,,,,4,4,4,4,0.75,0.75,gating_g04,-1
ABBBAABA,likelihood_ration,N,,,,4,4,4,4,0.75,0.75,blca_l10_k01_wi01_leak01_beta01,0
ABBBAABA,likelihood_ration,N,,,,4,4,4,4,0.75,0.75,naive,0
ABBBAABA,likelihood_ration,N,,,,4,4,4,4,0.75,0.75,lba_k01_d01,0
ABBBAABA,likelihood_ration,N,,,,4,4,4,4,0.75,0.75,abscount,-1
ABBBAABB,information,N,,,,3,3,5,5,0.75,0.5,relcount,-1
ABBBAABB,information,N,,,,3,3,5,5,0.75,0.5,snr,0
ABBBAABB,information,N,,,,3,3,5,5,0.75,0.5,gating_g04,-1
ABBBAABB,information,N,,,,3,3,5,5,0.75,0.5,blca_l10_k01_wi01_leak01_beta01,0
ABBBAABB,information,N,,,,3,3,5,5,0.75,0.5,naive,0
ABBBAABB,information,N,,,,3,3,5,5,0.75,0.5,lba_k01_d01,0
ABBBAABB,information,N,,,,3,3,5,5,0.75,0.5,abscount,-1
ABBBAABB,information,N,,,,3,3,5,5,0.75,0.5,likelihood_ration,0
ABBBAABB,naive,B,0.75,0,2,3,3,5,5,0.75,0.5,information,0
ABBBAABB,naive,B,0.75,0,2,3,3,5,5,0.75,0.5,snr,1
ABBBAABB,naive,B,0.75,0,2,3,3,5,5,0.75,0.5,relcount,0
ABBBAABB,naive,B,0.75,0,2,3,3,5,5,0.75,0.5,blca_l10_k01_wi01_leak01_beta01,1
ABBBAABB,naive,B,0.75,0,2,3,3,5,5,0.75,0.5,gating_g04,0
ABBBAABB,naive,B,0.75,0,2,3,3,5,5,0.75,0.5,lba_k01_d01,0
ABBBAABB,naive,B,0.75,0,2,3,3,5,5,0.75,0.5,abscount,0
ABBBAABB,naive,B,0.75,0,2,3,3,5,5,0.75,0.5,likelihood_ration,1
ABBBAABB,lba_k01_d01,A,0.8,0.1,7,3,3,5,5,0.75,0.5,information,0
ABBBAABB,lba_k01_d01,A,0.8,0.1,7,3,3,5,5,0.75,0.5,relcount,0
ABBBAABB,lba_k01_d01,A,0.8,0.1,7,3,3,5,5,0.75,0.5,snr,0
ABBBAABB,lba_k01_d01,A,0.8,0.1,7,3,3,5,5,0.75,0.5,gating_g04,0
ABBBAABB,lba_k01_d01,A,0.8,0.1,7,3,3,5,5,0.75,0.5,blca_l10_k01_wi01_leak01_beta01,0
ABBBAABB,lba_k01_d01,A,0.8,0.1,7,3,3,5,5,0.75,0.5,naive,0
ABBBAABB,lba_k01_d01,A,0.8,0.1,7,3,3,5,5,0.75,0.5,abscount,0
ABBBAABB,lba_k01_d01,A,0.8,0.1,7,3,3,5,5,0.75,0.5,likelihood_ration,0
ABBBAABB,abscount,N,,,,3,3,5,5,0.75,0.5,information,-1
ABBBAABB,abscount,N,,,,3,3,5,5,0.75,0.5,snr,0
ABBBAABB,abscount,N,,,,3,3,5,5,0.75,0.5,gating_g04,-1
ABBBAABB,abscount,N,,,,3,3,5,5,0.75,0.5,blca_l10_k01_wi01_leak01_beta01,0
ABBBAABB,abscount,N,,,,3,3,5,5,0.75,0.5,naive,0
ABBBAABB,abscount,N,,,,3,3,5,5,0.75,0.5,lba_k01_d01,0
ABBBAABB,abscount,N,,,,3,3,5,5,0.75,0.5,relcount,-1
ABBBAABB,abscount,N,,,,3,3,5,5,0.75,0.5,likelihood_ration,0
ABBBAABB,snr,B,2.0,0.0,2,3,3,5,5,0.75,0.5,information,0
ABBBAABB,snr,B,2.0,0.0,2,3,3,5,5,0.75,0.5,gating_g04,0
ABBBAABB,snr,B,2.0,0.0,2,3,3,5,5,0.75,0.5,relcount,0
ABBBAABB,snr,B,2.0,0.0,2,3,3,5,5,0.75,0.5,blca_l10_k01_wi01_leak01_beta01,1
ABBBAABB,snr,B,2.0,0.0,2,3,3,5,5,0.75,0.5,naive,1
ABBBAABB,snr,B,2.0,0.0,2,3,3,5,5,0.75,0.5,lba_k01_d01,0
ABBBAABB,snr,B,2.0,0.0,2,3,3,5,5,0.75,0.5,abscount,0
ABBBAABB,snr,B,2.0,0.0,2,3,3,5,5,0.75,0.5,likelihood_ration,1
ABBBAABB,blca_l10_k01_wi01_leak01_beta01,B,1.98,-0.98,1,3,3,5,5,0.75,0.5,information,0
ABBBAABB,blca_l10_k01_wi01_leak01_beta01,B,1.98,-0.98,1,3,3,5,5,0.75,0.5,snr,1
ABBBAABB,blca_l10_k01_wi01_leak01_beta01,B,1.98,-0.98,1,3,3,5,5,0.75,0.5,relcount,0
ABBBAABB,blca_l10_k01_wi01_leak01_beta01,B,1.98,-0.98,1,3,3,5,5,0.75,0.5,gating_g04,0
ABBBAABB,blca_l10_k01_wi01_leak01_beta01,B,1.98,-0.98,1,3,3,5,5,0.75,0.5,naive,1
ABBBAABB,blca_l10_k01_wi01_leak01_beta01,B,1.98,-0.98,1,3,3,5,5,0.75,0.5,lba_k01_d01,0
ABBBAABB,blca_l10_k01_wi01_leak01_beta01,B,1.98,-0.98,1,3,3,5,5,0.75,0.5,abscount,0
ABBBAABB,blca_l10_k01_wi01_leak01_beta01,B,1.98,-0.98,1,3,3,5,5,0.75,0.5,likelihood_ration,1
ABBBAABB,gating_g04,N,,,,3,3,5,5,0.75,0.5,information,-1
ABBBAABB,gating_g04,N,,,,3,3,5,5,0.75,0.5,snr,0
ABBBAABB,gating_g04,N,,,,3,3,5,5,0.75,0.5,relcount,-1
ABBBAABB,gating_g04,N,,,,3,3,5,5,0.75,0.5,blca_l10_k01_wi01_leak01_beta01,0
ABBBAABB,gating_g04,N,,,,3,3,5,5,0.75,0.5,naive,0
ABBBAABB,gating_g04,N,,,,3,3,5,5,0.75,0.5,lba_k01_d01,0
ABBBAABB,gating_g04,N,,,,3,3,5,5,0.75,0.5,abscount,-1
ABBBAABB,gating_g04,N,,,,3,3,5,5,0.75,0.5,likelihood_ration,0
ABBBAABB,relcount,N,,,,3,3,5,5,0.75,0.5,information,-1
ABBBAABB,relcount,N,,,,3,3,5,5,0.75,0.5,snr,0
ABBBAABB,relcount,N,,,,3,3,5,5,0.75,0.5,gating_g04,-1
ABBBAABB,relcount,N,,,,3,3,5,5,0.75,0.5,blca_l10_k01_wi01_leak01_beta01,0
ABBBAABB,relcount,N,,,,3,3,5,5,0.75,0.5,naive,0
ABBBAABB,relcount,N,,,,3,3,5,5,0.75,0.5,lba_k01_d01,0
ABBBAABB,relcount,N,,,,3,3,5,5,0.75,0.5,abscount,-1
ABBBAABB,relcount,N,,,,3,3,5,5,0.75,0.5,likelihood_ration,0
ABBBAABB,likelihood_ration,B,-1.30102999566,0,8,3,3,5,5,0.75,0.5,information,0
ABBBAABB,likelihood_ration,B,-1.30102999566,0,8,3,3,5,5,0.75,0.5,relcount,0
ABBBAABB,likelihood_ration,B,-1.30102999566,0,8,3,3,5,5,0.75,0.5,snr,1
ABBBAABB,likelihood_ration,B,-1.30102999566,0,8,3,3,5,5,0.75,0.5,gating_g04,0
ABBBAABB,likelihood_ration,B,-1.30102999566,0,8,3,3,5,5,0.75,0.5,blca_l10_k01_wi01_leak01_beta01,1
ABBBAABB,likelihood_ration,B,-1.30102999566,0,8,3,3,5,5,0.75,0.5,naive,1
ABBBAABB,likelihood_ration,B,-1.30102999566,0,8,3,3,5,5,0.75,0.5,lba_k01_d01,0
ABBBAABB,likelihood_ration,B,-1.30102999566,0,8,3,3,5,5,0.75,0.5,abscount,0
ABABAAAA,information,A,1.125,0.375,8,2,6,2,6,0.5,1.0,relcount,0
ABABAAAA,information,A,1.125,0.375,8,2,6,2,6,0.5,1.0,snr,0
ABABAAAA,information,A,1.125,0.375,8,2,6,2,6,0.5,1.0,gating_g04,0
ABABAAAA,information,A,1.125,0.375,8,2,6,2,6,0.5,1.0,blca_l10_k01_wi01_leak01_beta01,0
ABABAAAA,information,A,1.125,0.375,8,2,6,2,6,0.5,1.0,naive,1
ABABAAAA,information,A,1.125,0.375,8,2,6,2,6,0.5,1.0,lba_k01_d01,1
ABABAAAA,information,A,1.125,0.375,8,2,6,2,6,0.5,1.0,abscount,0
ABABAAAA,information,A,1.125,0.375,8,2,6,2,6,0.5,1.0,likelihood_ration,1
ABABAAAA,naive,A,0.75,0,5,2,6,2,6,0.5,1.0,information,1
ABABAAAA,naive,A,0.75,0,5,2,6,2,6,0.5,1.0,snr,0
ABABAAAA,naive,A,0.75,0,5,2,6,2,6,0.5,1.0,relcount,0
ABABAAAA,naive,A,0.75,0,5,2,6,2,6,0.5,1.0,blca_l10_k01_wi01_leak01_beta01,0
ABABAAAA,naive,A,0.75,0,5,2,6,2,6,0.5,1.0,gating_g04,0
ABABAAAA,naive,A,0.75,0,5,2,6,2,6,0.5,1.0,lba_k01_d01,1
ABABAAAA,naive,A,0.75,0,5,2,6,2,6,0.5,1.0,abscount,0
ABABAAAA,naive,A,0.75,0,5,2,6,2,6,0.5,1.0,likelihood_ration,1
ABABAAAA,lba_k01_d01,A,0.8,0.1,7,2,6,2,6,0.5,1.0,information,1
ABABAAAA,lba_k01_d01,A,0.8,0.1,7,2,6,2,6,0.5,1.0,relcount,0
ABABAAAA,lba_k01_d01,A,0.8,0.1,7,2,6,2,6,0.5,1.0,snr,0
ABABAAAA,lba_k01_d01,A,0.8,0.1,7,2,6,2,6,0.5,1.0,gating_g04,0
ABABAAAA,lba_k01_d01,A,0.8,0.1,7,2,6,2,6,0.5,1.0,blca_l10_k01_wi01_leak01_beta01,0
ABABAAAA,lba_k01_d01,A,0.8,0.1,7,2,6,2,6,0.5,1.0,naive,1
ABABAAAA,lba_k01_d01,A,0.8,0.1,7,2,6,2,6,0.5,1.0,abscount,0
ABABAAAA,lba_k01_d01,A,0.8,0.1,7,2,6,2,6,0.5,1.0,likelihood_ration,1
ABABAAAA,abscount,N,,,,2,6,2,6,0.5,1.0,information,0
ABABAAAA,abscount,N,,,,2,6,2,6,0.5,1.0,snr,0
ABABAAAA,abscount,N,,,,2,6,2,6,0.5,1.0,gating_g04,-1
ABABAAAA,abscount,N,,,,2,6,2,6,0.5,1.0,blca_l10_k01_wi01_leak01_beta01,0
ABABAAAA,abscount,N,,,,2,6,2,6,0.5,1.0,naive,0
ABABAAAA,abscount,N,,,,2,6,2,6,0.5,1.0,lba_k01_d01,0
ABABAAAA,abscount,N,,,,2,6,2,6,0.5,1.0,relcount,-1
ABABAAAA,abscount,N,,,,2,6,2,6,0.5,1.0,likelihood_ration,0
ABABAAAA,snr,B,2.0,0.0,2,2,6,2,6,0.5,1.0,information,0
ABABAAAA,snr,B,2.0,0.0,2,2,6,2,6,0.5,1.0,gating_g04,0
ABABAAAA,snr,B,2.0,0.0,2,2,6,2,6,0.5,1.0,relcount,0
ABABAAAA,snr,B,2.0,0.0,2,2,6,2,6,0.5,1.0,blca_l10_k01_wi01_leak01_beta01,1
ABABAAAA,snr,B,2.0,0.0,2,2,6,2,6,0.5,1.0,naive,0
ABABAAAA,snr,B,2.0,0.0,2,2,6,2,6,0.5,1.0,lba_k01_d01,0
ABABAAAA,snr,B,2.0,0.0,2,2,6,2,6,0.5,1.0,abscount,0
ABABAAAA,snr,B,2.0,0.0,2,2,6,2,6,0.5,1.0,likelihood_ration,0
ABABAAAA,blca_l10_k01_wi01_leak01_beta01,B,1.98,-0.98,1,2,6,2,6,0.5,1.0,information,0
ABABAAAA,blca_l10_k01_wi01_leak01_beta01,B,1.98,-0.98,1,2,6,2,6,0.5,1.0,snr,1
ABABAAAA,blca_l10_k01_wi01_leak01_beta01,B,1.98,-0.98,1,2,6,2,6,0.5,1.0,relcount,0
ABABAAAA,blca_l10_k01_wi01_leak01_beta01,B,1.98,-0.98,1,2,6,2,6,0.5,1.0,gating_g04,0
ABABAAAA,blca_l10_k01_wi01_leak01_beta01,B,1.98,-0.98,1,2,6,2,6,0.5,1.0,naive,0
ABABAAAA,blca_l10_k01_wi01_leak01_beta01,B,1.98,-0.98,1,2,6,2,6,0.5,1.0,lba_k01_d01,0
ABABAAAA,blca_l10_k01_wi01_leak01_beta01,B,1.98,-0.98,1,2,6,2,6,0.5,1.0,abscount,0
ABABAAAA,blca_l10_k01_wi01_leak01_beta01,B,1.98,-0.98,1,2,6,2,6,0.5,1.0,likelihood_ration,0
ABABAAAA,gating_g04,N,,,,2,6,2,6,0.5,1.0,information,0
ABABAAAA,gating_g04,N,,,,2,6,2,6,0.5,1.0,snr,0
ABABAAAA,gating_g04,N,,,,2,6,2,6,0.5,1.0,relcount,-1
ABABAAAA,gating_g04,N,,,,2,6,2,6,0.5,1.0,blca_l10_k01_wi01_leak01_beta01,0
ABABAAAA,gating_g04,N,,,,2,6,2,6,0.5,1.0,naive,0
ABABAAAA,gating_g04,N,,,,2,6,2,6,0.5,1.0,lba_k01_d01,0
ABABAAAA,gating_g04,N,,,,2,6,2,6,0.5,1.0,abscount,-1
ABABAAAA,gating_g04,N,,,,2,6,2,6,0.5,1.0,likelihood_ration,0
ABABAAAA,relcount,N,,,,2,6,2,6,0.5,1.0,information,0
ABABAAAA,relcount,N,,,,2,6,2,6,0.5,1.0,snr,0
ABABAAAA,relcount,N,,,,2,6,2,6,0.5,1.0,gating_g04,-1
ABABAAAA,relcount,N,,,,2,6,2,6,0.5,1.0,blca_l10_k01_wi01_leak01_beta01,0
ABABAAAA,relcount,N,,,,2,6,2,6,0.5,1.0,naive,0
ABABAAAA,relcount,N,,,,2,6,2,6,0.5,1.0,lba_k01_d01,0
ABABAAAA,relcount,N,,,,2,6,2,6,0.5,1.0,abscount,-1
ABABAAAA,relcount,N,,,,2,6,2,6,0.5,1.0,likelihood_ration,0
ABABAAAA,likelihood_ration,A,1.65321251378,0,8,2,6,2,6,0.5,1.0,information,1
ABABAAAA,likelihood_ration,A,1.65321251378,0,8,2,6,2,6,0.5,1.0,relcount,0
ABABAAAA,likelihood_ration,A,1.65321251378,0,8,2,6,2,6,0.5,1.0,snr,0
ABABAAAA,likelihood_ration,A,1.65321251378,0,8,2,6,2,6,0.5,1.0,gating_g04,0
ABABAAAA,likelihood_ration,A,1.65321251378,0,8,2,6,2,6,0.5,1.0,blca_l10_k01_wi01_leak01_beta01,0
ABABAAAA,likelihood_ration,A,1.65321251378,0,8,2,6,2,6,0.5,1.0,naive,1
ABABAAAA,likelihood_ration,A,1.65321251378,0,8,2,6,2,6,0.5,1.0,lba_k01_d01,1
ABABAAAA,likelihood_ration,A,1.65321251378,0,8,2,6,2,6,0.5,1.0,abscount,0
AABBABAA,information,N,,,,3,5,3,5,0.5,0.75,relcount,-1
AABBABAA,information,N,,,,3,5,3,5,0.5,0.75,snr,0
AABBABAA,information,N,,,,3,5,3,5,0.5,0.75,gating_g04,-1
AABBABAA,information,N,,,,3,5,3,5,0.5,0.75,blca_l10_k01_wi01_leak01_beta01,0
AABBABAA,information,N,,,,3,5,3,5,0.5,0.75,naive,0
AABBABAA,information,N,,,,3,5,3,5,0.5,0.75,lba_k01_d01,0
AABBABAA,information,N,,,,3,5,3,5,0.5,0.75,abscount,-1
AABBABAA,information,N,,,,3,5,3,5,0.5,0.75,likelihood_ration,-1
AABBABAA,naive,A,0.75,0,1,3,5,3,5,0.5,0.75,information,0
AABBABAA,naive,A,0.75,0,1,3,5,3,5,0.5,0.75,snr,0
AABBABAA,naive,A,0.75,0,1,3,5,3,5,0.5,0.75,relcount,0
AABBABAA,naive,A,0.75,0,1,3,5,3,5,0.5,0.75,blca_l10_k01_wi01_leak01_beta01,0
AABBABAA,naive,A,0.75,0,1,3,5,3,5,0.5,0.75,gating_g04,0
AABBABAA,naive,A,0.75,0,1,3,5,3,5,0.5,0.75,lba_k01_d01,1
AABBABAA,naive,A,0.75,0,1,3,5,3,5,0.5,0.75,abscount,0
AABBABAA,naive,A,0.75,0,1,3,5,3,5,0.5,0.75,likelihood_ration,0
AABBABAA,lba_k01_d01,A,0.8,0.1,7,3,5,3,5,0.5,0.75,information,0
AABBABAA,lba_k01_d01,A,0.8,0.1,7,3,5,3,5,0.5,0.75,relcount,0
AABBABAA,lba_k01_d01,A,0.8,0.1,7,3,5,3,5,0.5,0.75,snr,0
AABBABAA,lba_k01_d01,A,0.8,0.1,7,3,5,3,5,0.5,0.75,gating_g04,0
AABBABAA,lba_k01_d01,A,0.8,0.1,7,3,5,3,5,0.5,0.75,blca_l10_k01_wi01_leak01_beta01,0
AABBABAA,lba_k01_d01,A,0.8,0.1,7,3,5,3,5,0.5,0.75,naive,1
AABBABAA,lba_k01_d01,A,0.8,0.1,7,3,5,3,5,0.5,0.75,abscount,0
AABBABAA,lba_k01_d01,A,0.8,0.1,7,3,5,3,5,0.5,0.75,likelihood_ration,0
AABBABAA,abscount,N,,,,3,5,3,5,0.5,0.75,information,-1
AABBABAA,abscount,N,,,,3,5,3,5,0.5,0.75,snr,0
AABBABAA,abscount,N,,,,3,5,3,5,0.5,0.75,gating_g04,-1
AABBABAA,abscount,N,,,,3,5,3,5,0.5,0.75,blca_l10_k01_wi01_leak01_beta01,0
AABBABAA,abscount,N,,,,3,5,3,5,0.5,0.75,naive,0
AABBABAA,abscount,N,,,,3,5,3,5,0.5,0.75,lba_k01_d01,0
AABBABAA,abscount,N,,,,3,5,3,5,0.5,0.75,relcount,-1
AABBABAA,abscount,N,,,,3,5,3,5,0.5,0.75,likelihood_ration,-1
AABBABAA,snr,B,1.5,0.0,3,3,5,3,5,0.5,0.75,information,0
AABBABAA,snr,B,1.5,0.0,3,3,5,3,5,0.5,0.75,gating_g04,0
AABBABAA,snr,B,1.5,0.0,3,3,5,3,5,0.5,0.75,relcount,0
AABBABAA,snr,B,1.5,0.0,3,3,5,3,5,0.5,0.75,blca_l10_k01_wi01_leak01_beta01,1
AABBABAA,snr,B,1.5,0.0,3,3,5,3,5,0.5,0.75,naive,0
AABBABAA,snr,B,1.5,0.0,3,3,5,3,5,0.5,0.75,lba_k01_d01,0
AABBABAA,snr,B,1.5,0.0,3,3,5,3,5,0.5,0.75,abscount,0
AABBABAA,snr,B,1.5,0.0,3,3,5,3,5,0.5,0.75,likelihood_ration,0
AABBABAA,blca_l10_k01_wi01_leak01_beta01,B,1.98,-0.98,1,3,5,3,5,0.5,0.75,information,0
AABBABAA,blca_l10_k01_wi01_leak01_beta01,B,1.98,-0.98,1,3,5,3,5,0.5,0.75,snr,1
AABBABAA,blca_l10_k01_wi01_leak01_beta01,B,1.98,-0.98,1,3,5,3,5,0.5,0.75,relcount,0
AABBABAA,blca_l10_k01_wi01_leak01_beta01,B,1.98,-0.98,1,3,5,3,5,0.5,0.75,gating_g04,0
AABBABAA,blca_l10_k01_wi01_leak01_beta01,B,1.98,-0.98,1,3,5,3,5,0.5,0.75,naive,0
AABBABAA,blca_l10_k01_wi01_leak01_beta01,B,1.98,-0.98,1,3,5,3,5,0.5,0.75,lba_k01_d01,0
AABBABAA,blca_l10_k01_wi01_leak01_beta01,B,1.98,-0.98,1,3,5,3,5,0.5,0.75,abscount,0
AABBABAA,blca_l10_k01_wi01_leak01_beta01,B,1.98,-0.98,1,3,5,3,5,0.5,0.75,likelihood_ration,0
AABBABAA,gating_g04,N,,,,3,5,3,5,0.5,0.75,information,-1
AABBABAA,gating_g04,N,,,,3,5,3,5,0.5,0.75,snr,0
AABBABAA,gating_g04,N,,,,3,5,3,5,0.5,0.75,relcount,-1
AABBABAA,gating_g04,N,,,,3,5,3,5,0.5,0.75,blca_l10_k01_wi01_leak01_beta01,0
AABBABAA,gating_g04,N,,,,3,5,3,5,0.5,0.75,naive,0
AABBABAA,gating_g04,N,,,,3,5,3,5,0.5,0.75,lba_k01_d01,0
AABBABAA,gating_g04,N,,,,3,5,3,5,0.5,0.75,abscount,-1
AABBABAA,gating_g04,N,,,,3,5,3,5,0.5,0.75,likelihood_ration,-1
AABBABAA,relcount,N,,,,3,5,3,5,0.5,0.75,information,-1
AABBABAA,relcount,N,,,,3,5,3,5,0.5,0.75,snr,0
AABBABAA,relcount,N,,,,3,5,3,5,0.5,0.75,gating_g04,-1
AABBABAA,relcount,N,,,,3,5,3,5,0.5,0.75,blca_l10_k01_wi01_leak01_beta01,0
AABBABAA,relcount,N,,,,3,5,3,5,0.5,0.75,naive,0
AABBABAA,relcount,N,,,,3,5,3,5,0.5,0.75,lba_k01_d01,0
AABBABAA,relcount,N,,,,3,5,3,5,0.5,0.75,abscount,-1
AABBABAA,relcount,N,,,,3,5,3,5,0.5,0.75,likelihood_ration,-1
AABBABAA,likelihood_ration,N,,,,3,5,3,5,0.5,0.75,information,-1
AABBABAA,likelihood_ration,N,,,,3,5,3,5,0.5,0.75,relcount,-1
AABBABAA,likelihood_ration,N,,,,3,5,3,5,0.5,0.75,snr,0
AABBABAA,likelihood_ration,N,,,,3,5,3,5,0.5,0.75,gating_g04,-1
AABBABAA,likelihood_ration,N,,,,3,5,3,5,0.5,0.75,blca_l10_k01_wi01_leak01_beta01,0
AABBABAA,likelihood_ration,N,,,,3,5,3,5,0.5,0.75,naive,0
AABBABAA,likelihood_ration,N,,,,3,5,3,5,0.5,0.75,lba_k01_d01,0
AABBABAA,likelihood_ration,N,,,,3,5,3,5,0.5,0.75,abscount,-1
AABBABAB,information,N,,,,2,4,4,4,0.5,0.5,relcount,-1
AABBABAB,information,N,,,,2,4,4,4,0.5,0.5,snr,0
AABBABAB,information,N,,,,2,4,4,4,0.5,0.5,gating_g04,-1
AABBABAB,information,N,,,,2,4,4,4,0.5,0.5,blca_l10_k01_wi01_leak01_beta01,0
AABBABAB,information,N,,,,2,4,4,4,0.5,0.5,naive,0
AABBABAB,information,N,,,,2,4,4,4,0.5,0.5,lba_k01_d01,0
AABBABAB,information,N,,,,2,4,4,4,0.5,0.5,abscount,-1
AABBABAB,information,N,,,,2,4,4,4,0.5,0.5,likelihood_ration,-1
AABBABAB,naive,A,0.75,0,1,2,4,4,4,0.5,0.5,information,0
AABBABAB,naive,A,0.75,0,1,2,4,4,4,0.5,0.5,snr,0
AABBABAB,naive,A,0.75,0,1,2,4,4,4,0.5,0.5,relcount,0
AABBABAB,naive,A,0.75,0,1,2,4,4,4,0.5,0.5,blca_l10_k01_wi01_leak01_beta01,0
AABBABAB,naive,A,0.75,0,1,2,4,4,4,0.5,0.5,gating_g04,0
AABBABAB,naive,A,0.75,0,1,2,4,4,4,0.5,0.5,lba_k01_d01,1
AABBABAB,naive,A,0.75,0,1,2,4,4,4,0.5,0.5,abscount,0
AABBABAB,naive,A,0.75,0,1,2,4,4,4,0.5,0.5,likelihood_ration,0
AABBABAB,lba_k01_d01,A,0.8,0.1,7,2,4,4,4,0.5,0.5,information,0
AABBABAB,lba_k01_d01,A,0.8,0.1,7,2,4,4,4,0.5,0.5,relcount,0
AABBABAB,lba_k01_d01,A,0.8,0.1,7,2,4,4,4,0.5,0.5,snr,0
AABBABAB,lba_k01_d01,A,0.8,0.1,7,2,4,4,4,0.5,0.5,gating_g04,0
AABBABAB,lba_k01_d01,A,0.8,0.1,7,2,4,4,4,0.5,0.5,blca_l10_k01_wi01_leak01_beta01,0
AABBABAB,lba_k01_d01,A,0.8,0.1,7,2,4,4,4,0.5,0.5,naive,1
AABBABAB,lba_k01_d01,A,0.8,0.1,7,2,4,4,4,0.5,0.5,abscount,0
AABBABAB,lba_k01_d01,A,0.8,0.1,7,2,4,4,4,0.5,0.5,likelihood_ration,0
AABBABAB,abscount,N,,,,2,4,4,4,0.5,0.5,information,-1
AABBABAB,abscount,N,,,,2,4,4,4,0.5,0.5,snr,0
AABBABAB,abscount,N,,,,2,4,4,4,0.5,0.5,gating_g04,-1
AABBABAB,abscount,N,,,,2,4,4,4,0.5,0.5,blca_l10_k01_wi01_leak01_beta01,0
AABBABAB,abscount,N,,,,2,4,4,4,0.5,0.5,naive,0
AABBABAB,abscount,N,,,,2,4,4,4,0.5,0.5,lba_k01_d01,0
AABBABAB,abscount,N,,,,2,4,4,4,0.5,0.5,relcount,-1
AABBABAB,abscount,N,,,,2,4,4,4,0.5,0.5,likelihood_ration,-1
AABBABAB,snr,B,1.5,0.0,3,2,4,4,4,0.5,0.5,information,0
AABBABAB,snr,B,1.5,0.0,3,2,4,4,4,0.5,0.5,gating_g04,0
AABBABAB,snr,B,1.5,0.0,3,2,4,4,4,0.5,0.5,relcount,0
AABBABAB,snr,B,1.5,0.0,3,2,4,4,4,0.5,0.5,blca_l10_k01_wi01_leak01_beta01,1
AABBABAB,snr,B,1.5,0.0,3,2,4,4,4,0.5,0.5,naive,0
AABBABAB,snr,B,1.5,0.0,3,2,4,4,4,0.5,0.5,lba_k01_d01,0
AABBABAB,snr,B,1.5,0.0,3,2,4,4,4,0.5,0.5,abscount,0
AABBABAB,snr,B,1.5,0.0,3,2,4,4,4,0.5,0.5,likelihood_ration,0
AABBABAB,blca_l10_k01_wi01_leak01_beta01,B,1.98,-0.98,1,2,4,4,4,0.5,0.5,information,0
AABBABAB,blca_l10_k01_wi01_leak01_beta01,B,1.98,-0.98,1,2,4,4,4,0.5,0.5,snr,1
AABBABAB,blca_l10_k01_wi01_leak01_beta01,B,1.98,-0.98,1,2,4,4,4,0.5,0.5,relcount,0
AABBABAB,blca_l10_k01_wi01_leak01_beta01,B,1.98,-0.98,1,2,4,4,4,0.5,0.5,gating_g04,0
AABBABAB,blca_l10_k01_wi01_leak01_beta01,B,1.98,-0.98,1,2,4,4,4,0.5,0.5,naive,0
AABBABAB,blca_l10_k01_wi01_leak01_beta01,B,1.98,-0.98,1,2,4,4,4,0.5,0.5,lba_k01_d01,0
AABBABAB,blca_l10_k01_wi01_leak01_beta01,B,1.98,-0.98,1,2,4,4,4,0.5,0.5,abscount,0
AABBABAB,blca_l10_k01_wi01_leak01_beta01,B,1.98,-0.98,1,2,4,4,4,0.5,0.5,likelihood_ration,0
AABBABAB,gating_g04,N,,,,2,4,4,4,0.5,0.5,information,-1
AABBABAB,gating_g04,N,,,,2,4,4,4,0.5,0.5,snr,0
AABBABAB,gating_g04,N,,,,2,4,4,4,0.5,0.5,relcount,-1
AABBABAB,gating_g04,N,,,,2,4,4,4,0.5,0.5,blca_l10_k01_wi01_leak01_beta01,0
AABBABAB,gating_g04,N,,,,2,4,4,4,0.5,0.5,naive,0
AABBABAB,gating_g04,N,,,,2,4,4,4,0.5,0.5,lba_k01_d01,0
AABBABAB,gating_g04,N,,,,2,4,4,4,0.5,0.5,abscount,-1
AABBABAB,gating_g04,N,,,,2,4,4,4,0.5,0.5,likelihood_ration,-1
AABBABAB,relcount,N,,,,2,4,4,4,0.5,0.5,information,-1
AABBABAB,relcount,N,,,,2,4,4,4,0.5,0.5,snr,0
AABBABAB,relcount,N,,,,2,4,4,4,0.5,0.5,gating_g04,-1
AABBABAB,relcount,N,,,,2,4,4,4,0.5,0.5,blca_l10_k01_wi01_leak01_beta01,0
AABBABAB,relcount,N,,,,2,4,4,4,0.5,0.5,naive,0
AABBABAB,relcount,N,,,,2,4,4,4,0.5,0.5,lba_k01_d01,0
AABBABAB,relcount,N,,,,2,4,4,4,0.5,0.5,abscount,-1
AABBABAB,relcount,N,,,,2,4,4,4,0.5,0.5,likelihood_ration,-1
AABBABAB,likelihood_ration,N,,,,2,4,4,4,0.5,0.5,information,-1
AABBABAB,likelihood_ration,N,,,,2,4,4,4,0.5,0.5,relcount,-1
AABBABAB,likelihood_ration,N,,,,2,4,4,4,0.5,0.5,snr,0
AABBABAB,likelihood_ration,N,,,,2,4,4,4,0.5,0.5,gating_g04,-1
AABBABAB,likelihood_ration,N,,,,2,4,4,4,0.5,0.5,blca_l10_k01_wi01_leak01_beta01,0
AABBABAB,likelihood_ration,N,,,,2,4,4,4,0.5,0.5,naive,0
AABBABAB,likelihood_ration,N,,,,2,4,4,4,0.5,0.5,lba_k01_d01,0
AABBABAB,likelihood_ration,N,,,,2,4,4,4,0.5,0.5,abscount,-1
ABABAAAB,information,N,,,,1,5,3,5,0.5,0.75,relcount,-1
ABABAAAB,information,N,,,,1,5,3,5,0.5,0.75,snr,0
ABABAAAB,information,N,,,,1,5,3,5,0.5,0.75,gating_g04,-1
ABABAAAB,information,N,,,,1,5,3,5,0.5,0.75,blca_l10_k01_wi01_leak01_beta01,0
ABABAAAB,information,N,,,,1,5,3,5,0.5,0.75,naive,0
ABABAAAB,information,N,,,,1,5,3,5,0.5,0.75,lba_k01_d01,0
ABABAAAB,information,N,,,,1,5,3,5,0.5,0.75,abscount,-1
ABABAAAB,information,N,,,,1,5,3,5,0.5,0.75,likelihood_ration,0
ABABAAAB,naive,A,0.75,0,5,1,5,3,5,0.5,0.75,information,0
ABABAAAB,naive,A,0.75,0,5,1,5,3,5,0.5,0.75,snr,0
ABABAAAB,naive,A,0.75,0,5,1,5,3,5,0.5,0.75,relcount,0
ABABAAAB,naive,A,0.75,0,5,1,5,3,5,0.5,0.75,blca_l10_k01_wi01_leak01_beta01,0
ABABAAAB,naive,A,0.75,0,5,1,5,3,5,0.5,0.75,gating_g04,0
ABABAAAB,naive,A,0.75,0,5,1,5,3,5,0.5,0.75,lba_k01_d01,1
ABABAAAB,naive,A,0.75,0,5,1,5,3,5,0.5,0.75,abscount,0
ABABAAAB,naive,A,0.75,0,5,1,5,3,5,0.5,0.75,likelihood_ration,1
ABABAAAB,lba_k01_d01,A,0.8,0.1,7,1,5,3,5,0.5,0.75,information,0
ABABAAAB,lba_k01_d01,A,0.8,0.1,7,1,5,3,5,0.5,0.75,relcount,0
ABABAAAB,lba_k01_d01,A,0.8,0.1,7,1,5,3,5,0.5,0.75,snr,0
ABABAAAB,lba_k01_d01,A,0.8,0.1,7,1,5,3,5,0.5,0.75,gating_g04,0
ABABAAAB,lba_k01_d01,A,0.8,0.1,7,1,5,3,5,0.5,0.75,blca_l10_k01_wi01_leak01_beta01,0
ABABAAAB,lba_k01_d01,A,0.8,0.1,7,1,5,3,5,0.5,0.75,naive,1
ABABAAAB,lba_k01_d01,A,0.8,0.1,7,1,5,3,5,0.5,0.75,abscount,0
ABABAAAB,lba_k01_d01,A,0.8,0.1,7,1,5,3,5,0.5,0.75,likelihood_ration,1
ABABAAAB,abscount,N,,,,1,5,3,5,0.5,0.75,information,-1
ABABAAAB,abscount,N,,,,1,5,3,5,0.5,0.75,snr,0
ABABAAAB,abscount,N,,,,1,5,3,5,0.5,0.75,gating_g04,-1
ABABAAAB,abscount,N,,,,1,5,3,5,0.5,0.75,blca_l10_k01_wi01_leak01_beta01,0
ABABAAAB,abscount,N,,,,1,5,3,5,0.5,0.75,naive,0
ABABAAAB,abscount,N,,,,1,5,3,5,0.5,0.75,lba_k01_d01,0
ABABAAAB,abscount,N,,,,1,5,3,5,0.5,0.75,relcount,-1
ABABAAAB,abscount,N,,,,1,5,3,5,0.5,0.75,likelihood_ration,0
ABABAAAB,snr,B,2.0,0.0,2,1,5,3,5,0.5,0.75,information,0
ABABAAAB,snr,B,2.0,0.0,2,1,5,3,5,0.5,0.75,gating_g04,0
ABABAAAB,snr,B,2.0,0.0,2,1,5,3,5,0.5,0.75,relcount,0
ABABAAAB,snr,B,2.0,0.0,2,1,5,3,5,0.5,0.75,blca_l10_k01_wi01_leak01_beta01,1
ABABAAAB,snr,B,2.0,0.0,2,1,5,3,5,0.5,0.75,naive,0
ABABAAAB,snr,B,2.0,0.0,2,1,5,3,5,0.5,0.75,lba_k01_d01,0
ABABAAAB,snr,B,2.0,0.0,2,1,5,3,5,0.5,0.75,abscount,0
ABABAAAB,snr,B,2.0,0.0,2,1,5,3,5,0.5,0.75,likelihood_ration,0
ABABAAAB,blca_l10_k01_wi01_leak01_beta01,B,1.98,-0.98,1,1,5,3,5,0.5,0.75,information,0
ABABAAAB,blca_l10_k01_wi01_leak01_beta01,B,1.98,-0.98,1,1,5,3,5,0.5,0.75,snr,1
ABABAAAB,blca_l10_k01_wi01_leak01_beta01,B,1.98,-0.98,1,1,5,3,5,0.5,0.75,relcount,0
ABABAAAB,blca_l10_k01_wi01_leak01_beta01,B,1.98,-0.98,1,1,5,3,5,0.5,0.75,gating_g04,0
ABABAAAB,blca_l10_k01_wi01_leak01_beta01,B,1.98,-0.98,1,1,5,3,5,0.5,0.75,naive,0
ABABAAAB,blca_l10_k01_wi01_leak01_beta01,B,1.98,-0.98,1,1,5,3,5,0.5,0.75,lba_k01_d01,0
ABABAAAB,blca_l10_k01_wi01_leak01_beta01,B,1.98,-0.98,1,1,5,3,5,0.5,0.75,abscount,0
ABABAAAB,blca_l10_k01_wi01_leak01_beta01,B,1.98,-0.98,1,1,5,3,5,0.5,0.75,likelihood_ration,0
ABABAAAB,gating_g04,N,,,,1,5,3,5,0.5,0.75,information,-1
ABABAAAB,gating_g04,N,,,,1,5,3,5,0.5,0.75,snr,0
ABABAAAB,gating_g04,N,,,,1,5,3,5,0.5,0.75,relcount,-1
ABABAAAB,gating_g04,N,,,,1,5,3,5,0.5,0.75,blca_l10_k01_wi01_leak01_beta01,0
ABABAAAB,gating_g04,N,,,,1,5,3,5,0.5,0.75,naive,0
ABABAAAB,gating_g04,N,,,,1,5,3,5,0.5,0.75,lba_k01_d01,0
ABABAAAB,gating_g04,N,,,,1,5,3,5,0.5,0.75,abscount,-1
ABABAAAB,gating_g04,N,,,,1,5,3,5,0.5,0.75,likelihood_ration,0
ABABAAAB,relcount,N,,,,1,5,3,5,0.5,0.75,information,-1
ABABAAAB,relcount,N,,,,1,5,3,5,0.5,0.75,snr,0
ABABAAAB,relcount,N,,,,1,5,3,5,0.5,0.75,gating_g04,-1
ABABAAAB,relcount,N,,,,1,5,3,5,0.5,0.75,blca_l10_k01_wi01_leak01_beta01,0
ABABAAAB,relcount,N,,,,1,5,3,5,0.5,0.75,naive,0
ABABAAAB,relcount,N,,,,1,5,3,5,0.5,0.75,lba_k01_d01,0
ABABAAAB,relcount,N,,,,1,5,3,5,0.5,0.75,abscount,-1
ABABAAAB,relcount,N,,,,1,5,3,5,0.5,0.75,likelihood_ration,0
ABABAAAB,likelihood_ration,A,1.39794000867,0,8,1,5,3,5,0.5,0.75,information,0
ABABAAAB,likelihood_ration,A,1.39794000867,0,8,1,5,3,5,0.5,0.75,relcount,0
ABABAAAB,likelihood_ration,A,1.39794000867,0,8,1,5,3,5,0.5,0.75,snr,0
ABABAAAB,likelihood_ration,A,1.39794000867,0,8,1,5,3,5,0.5,0.75,gating_g04,0
ABABAAAB,likelihood_ration,A,1.39794000867,0,8,1,5,3,5,0.5,0.75,blca_l10_k01_wi01_leak01_beta01,0
ABABAAAB,likelihood_ration,A,1.39794000867,0,8,1,5,3,5,0.5,0.75,naive,1
ABABAAAB,likelihood_ration,A,1.39794000867,0,8,1,5,3,5,0.5,0.75,lba_k01_d01,1
ABABAAAB,likelihood_ration,A,1.39794000867,0,8,1,5,3,5,0.5,0.75,abscount,0
ABAABABB,information,N,,,,4,4,4,4,0.75,0.75,relcount,-1
ABAABABB,information,N,,,,4,4,4,4,0.75,0.75,snr,0
ABAABABB,information,N,,,,4,4,4,4,0.75,0.75,gating_g04,-1
ABAABABB,information,N,,,,4,4,4,4,0.75,0.75,blca_l10_k01_wi01_leak01_beta01,0
ABAABABB,information,N,,,,4,4,4,4,0.75,0.75,naive,0
ABAABABB,information,N,,,,4,4,4,4,0.75,0.75,lba_k01_d01,0
ABAABABB,information,N,,,,4,4,4,4,0.75,0.75,abscount,-1
ABAABABB,information,N,,,,4,4,4,4,0.75,0.75,likelihood_ration,0
ABAABABB,naive,A,0.75,0,3,4,4,4,4,0.75,0.75,information,0
ABAABABB,naive,A,0.75,0,3,4,4,4,4,0.75,0.75,snr,0
ABAABABB,naive,A,0.75,0,3,4,4,4,4,0.75,0.75,relcount,0
ABAABABB,naive,A,0.75,0,3,4,4,4,4,0.75,0.75,blca_l10_k01_wi01_leak01_beta01,0
ABAABABB,naive,A,0.75,0,3,4,4,4,4,0.75,0.75,gating_g04,0
ABAABABB,naive,A,0.75,0,3,4,4,4,4,0.75,0.75,lba_k01_d01,1
ABAABABB,naive,A,0.75,0,3,4,4,4,4,0.75,0.75,abscount,0
ABAABABB,naive,A,0.75,0,3,4,4,4,4,0.75,0.75,likelihood_ration,1
ABAABABB,lba_k01_d01,A,0.8,0.1,7,4,4,4,4,0.75,0.75,information,0
ABAABABB,lba_k01_d01,A,0.8,0.1,7,4,4,4,4,0.75,0.75,relcount,0
ABAABABB,lba_k01_d01,A,0.8,0.1,7,4,4,4,4,0.75,0.75,snr,0
ABAABABB,lba_k01_d01,A,0.8,0.1,7,4,4,4,4,0.75,0.75,gating_g04,0
ABAABABB,lba_k01_d01,A,0.8,0.1,7,4,4,4,4,0.75,0.75,blca_l10_k01_wi01_leak01_beta01,0
ABAABABB,lba_k01_d01,A,0.8,0.1,7,4,4,4,4,0.75,0.75,naive,1
ABAABABB,lba_k01_d01,A,0.8,0.1,7,4,4,4,4,0.75,0.75,abscount,0
ABAABABB,lba_k01_d01,A,0.8,0.1,7,4,4,4,4,0.75,0.75,likelihood_ration,1
ABAABABB,abscount,N,,,,4,4,4,4,0.75,0.75,information,-1
ABAABABB,abscount,N,,,,4,4,4,4,0.75,0.75,snr,0
ABAABABB,abscount,N,,,,4,4,4,4,0.75,0.75,gating_g04,-1
ABAABABB,abscount,N,,,,4,4,4,4,0.75,0.75,blca_l10_k01_wi01_leak01_beta01,0
ABAABABB,abscount,N,,,,4,4,4,4,0.75,0.75,naive,0
ABAABABB,abscount,N,,,,4,4,4,4,0.75,0.75,lba_k01_d01,0
ABAABABB,abscount,N,,,,4,4,4,4,0.75,0.75,relcount,-1
ABAABABB,abscount,N,,,,4,4,4,4,0.75,0.75,likelihood_ration,0
ABAABABB,snr,B,2.0,0.0,2,4,4,4,4,0.75,0.75,information,0
ABAABABB,snr,B,2.0,0.0,2,4,4,4,4,0.75,0.75,gating_g04,0
ABAABABB,snr,B,2.0,0.0,2,4,4,4,4,0.75,0.75,relcount,0
ABAABABB,snr,B,2.0,0.0,2,4,4,4,4,0.75,0.75,blca_l10_k01_wi01_leak01_beta01,1
ABAABABB,snr,B,2.0,0.0,2,4,4,4,4,0.75,0.75,naive,0
ABAABABB,snr,B,2.0,0.0,2,4,4,4,4,0.75,0.75,lba_k01_d01,0
ABAABABB,snr,B,2.0,0.0,2,4,4,4,4,0.75,0.75,abscount,0
ABAABABB,snr,B,2.0,0.0,2,4,4,4,4,0.75,0.75,likelihood_ration,0
ABAABABB,blca_l10_k01_wi01_leak01_beta01,B,1.98,-0.98,1,4,4,4,4,0.75,0.75,information,0
ABAABABB,blca_l10_k01_wi01_leak01_beta01,B,1.98,-0.98,1,4,4,4,4,0.75,0.75,snr,1
ABAABABB,blca_l10_k01_wi01_leak01_beta01,B,1.98,-0.98,1,4,4,4,4,0.75,0.75,relcount,0
ABAABABB,blca_l10_k01_wi01_leak01_beta01,B,1.98,-0.98,1,4,4,4,4,0.75,0.75,gating_g04,0
ABAABABB,blca_l10_k01_wi01_leak01_beta01,B,1.98,-0.98,1,4,4,4,4,0.75,0.75,naive,0
ABAABABB,blca_l10_k01_wi01_leak01_beta01,B,1.98,-0.98,1,4,4,4,4,0.75,0.75,lba_k01_d01,0
ABAABABB,blca_l10_k01_wi01_leak01_beta01,B,1.98,-0.98,1,4,4,4,4,0.75,0.75,abscount,0
ABAABABB,blca_l10_k01_wi01_leak01_beta01,B,1.98,-0.98,1,4,4,4,4,0.75,0.75,likelihood_ration,0
ABAABABB,gating_g04,N,,,,4,4,4,4,0.75,0.75,information,-1
ABAABABB,gating_g04,N,,,,4,4,4,4,0.75,0.75,snr,0
ABAABABB,gating_g04,N,,,,4,4,4,4,0.75,0.75,relcount,-1
ABAABABB,gating_g04,N,,,,4,4,4,4,0.75,0.75,blca_l10_k01_wi01_leak01_beta01,0
ABAABABB,gating_g04,N,,,,4,4,4,4,0.75,0.75,naive,0
ABAABABB,gating_g04,N,,,,4,4,4,4,0.75,0.75,lba_k01_d01,0
ABAABABB,gating_g04,N,,,,4,4,4,4,0.75,0.75,abscount,-1
ABAABABB,gating_g04,N,,,,4,4,4,4,0.75,0.75,likelihood_ration,0
ABAABABB,relcount,N,,,,4,4,4,4,0.75,0.75,information,-1
ABAABABB,relcount,N,,,,4,4,4,4,0.75,0.75,snr,0
ABAABABB,relcount,N,,,,4,4,4,4,0.75,0.75,gating_g04,-1
ABAABABB,relcount,N,,,,4,4,4,4,0.75,0.75,blca_l10_k01_wi01_leak01_beta01,0
ABAABABB,relcount,N,,,,4,4,4,4,0.75,0.75,naive,0
ABAABABB,relcount,N,,,,4,4,4,4,0.75,0.75,lba_k01_d01,0
ABAABABB,relcount,N,,,,4,4,4,4,0.75,0.75,abscount,-1
ABAABABB,relcount,N,,,,4,4,4,4,0.75,0.75,likelihood_ration,0
ABAABABB,likelihood_ration,A,1.38021124171,0,7,4,4,4,4,0.75,0.75,information,0
ABAABABB,likelihood_ration,A,1.38021124171,0,7,4,4,4,4,0.75,0.75,relcount,0
ABAABABB,likelihood_ration,A,1.38021124171,0,7,4,4,4,4,0.75,0.75,snr,0
ABAABABB,likelihood_ration,A,1.38021124171,0,7,4,4,4,4,0.75,0.75,gating_g04,0
ABAABABB,likelihood_ration,A,1.38021124171,0,7,4,4,4,4,0.75,0.75,blca_l10_k01_wi01_leak01_beta01,0
ABAABABB,likelihood_ration,A,1.38021124171,0,7,4,4,4,4,0.75,0.75,naive,1
ABAABABB,likelihood_ration,A,1.38021124171,0,7,4,4,4,4,0.75,0.75,lba_k01_d01,1
ABAABABB,likelihood_ration,A,1.38021124171,0,7,4,4,4,4,0.75,0.75,abscount,0
ABAABABA,information,N,,,,3,5,3,5,0.75,0.5,relcount,-1
ABAABABA,information,N,,,,3,5,3,5,0.75,0.5,snr,0
ABAABABA,information,N,,,,3,5,3,5,0.75,0.5,gating_g04,-1
ABAABABA,information,N,,,,3,5,3,5,0.75,0.5,blca_l10_k01_wi01_leak01_beta01,0
ABAABABA,information,N,,,,3,5,3,5,0.75,0.5,naive,0
ABAABABA,information,N,,,,3,5,3,5,0.75,0.5,lba_k01_d01,0
ABAABABA,information,N,,,,3,5,3,5,0.75,0.5,abscount,-1
ABAABABA,information,N,,,,3,5,3,5,0.75,0.5,likelihood_ration,0
ABAABABA,naive,A,0.75,0,3,3,5,3,5,0.75,0.5,information,0
ABAABABA,naive,A,0.75,0,3,3,5,3,5,0.75,0.5,snr,0
ABAABABA,naive,A,0.75,0,3,3,5,3,5,0.75,0.5,relcount,0
ABAABABA,naive,A,0.75,0,3,3,5,3,5,0.75,0.5,blca_l10_k01_wi01_leak01_beta01,0
ABAABABA,naive,A,0.75,0,3,3,5,3,5,0.75,0.5,gating_g04,0
ABAABABA,naive,A,0.75,0,3,3,5,3,5,0.75,0.5,lba_k01_d01,1
ABAABABA,naive,A,0.75,0,3,3,5,3,5,0.75,0.5,abscount,0
ABAABABA,naive,A,0.75,0,3,3,5,3,5,0.75,0.5,likelihood_ration,1
ABAABABA,lba_k01_d01,A,0.8,0.1,7,3,5,3,5,0.75,0.5,information,0
ABAABABA,lba_k01_d01,A,0.8,0.1,7,3,5,3,5,0.75,0.5,relcount,0
ABAABABA,lba_k01_d01,A,0.8,0.1,7,3,5,3,5,0.75,0.5,snr,0
ABAABABA,lba_k01_d01,A,0.8,0.1,7,3,5,3,5,0.75,0.5,gating_g04,0
ABAABABA,lba_k01_d01,A,0.8,0.1,7,3,5,3,5,0.75,0.5,blca_l10_k01_wi01_leak01_beta01,0
ABAABABA,lba_k01_d01,A,0.8,0.1,7,3,5,3,5,0.75,0.5,naive,1
ABAABABA,lba_k01_d01,A,0.8,0.1,7,3,5,3,5,0.75,0.5,abscount,0
ABAABABA,lba_k01_d01,A,0.8,0.1,7,3,5,3,5,0.75,0.5,likelihood_ration,1
ABAABABA,abscount,N,,,,3,5,3,5,0.75,0.5,information,-1
ABAABABA,abscount,N,,,,3,5,3,5,0.75,0.5,snr,0
ABAABABA,abscount,N,,,,3,5,3,5,0.75,0.5,gating_g04,-1
ABAABABA,abscount,N,,,,3,5,3,5,0.75,0.5,blca_l10_k01_wi01_leak01_beta01,0
ABAABABA,abscount,N,,,,3,5,3,5,0.75,0.5,naive,0
ABAABABA,abscount,N,,,,3,5,3,5,0.75,0.5,lba_k01_d01,0
ABAABABA,abscount,N,,,,3,5,3,5,0.75,0.5,relcount,-1
ABAABABA,abscount,N,,,,3,5,3,5,0.75,0.5,likelihood_ration,0
ABAABABA,snr,B,2.0,0.0,2,3,5,3,5,0.75,0.5,information,0
ABAABABA,snr,B,2.0,0.0,2,3,5,3,5,0.75,0.5,gating_g04,0
ABAABABA,snr,B,2.0,0.0,2,3,5,3,5,0.75,0.5,relcount,0
ABAABABA,snr,B,2.0,0.0,2,3,5,3,5,0.75,0.5,blca_l10_k01_wi01_leak01_beta01,1
ABAABABA,snr,B,2.0,0.0,2,3,5,3,5,0.75,0.5,naive,0
ABAABABA,snr,B,2.0,0.0,2,3,5,3,5,0.75,0.5,lba_k01_d01,0
ABAABABA,snr,B,2.0,0.0,2,3,5,3,5,0.75,0.5,abscount,0
ABAABABA,snr,B,2.0,0.0,2,3,5,3,5,0.75,0.5,likelihood_ration,0
ABAABABA,blca_l10_k01_wi01_leak01_beta01,B,1.98,-0.98,1,3,5,3,5,0.75,0.5,information,0
ABAABABA,blca_l10_k01_wi01_leak01_beta01,B,1.98,-0.98,1,3,5,3,5,0.75,0.5,snr,1
ABAABABA,blca_l10_k01_wi01_leak01_beta01,B,1.98,-0.98,1,3,5,3,5,0.75,0.5,relcount,0
ABAABABA,blca_l10_k01_wi01_leak01_beta01,B,1.98,-0.98,1,3,5,3,5,0.75,0.5,gating_g04,0
ABAABABA,blca_l10_k01_wi01_leak01_beta01,B,1.98,-0.98,1,3,5,3,5,0.75,0.5,naive,0
ABAABABA,blca_l10_k01_wi01_leak01_beta01,B,1.98,-0.98,1,3,5,3,5,0.75,0.5,lba_k01_d01,0
ABAABABA,blca_l10_k01_wi01_leak01_beta01,B,1.98,-0.98,1,3,5,3,5,0.75,0.5,abscount,0
ABAABABA,blca_l10_k01_wi01_leak01_beta01,B,1.98,-0.98,1,3,5,3,5,0.75,0.5,likelihood_ration,0
ABAABABA,gating_g04,N,,,,3,5,3,5,0.75,0.5,information,-1
ABAABABA,gating_g04,N,,,,3,5,3,5,0.75,0.5,snr,0
ABAABABA,gating_g04,N,,,,3,5,3,5,0.75,0.5,relcount,-1
ABAABABA,gating_g04,N,,,,3,5,3,5,0.75,0.5,blca_l10_k01_wi01_leak01_beta01,0
ABAABABA,gating_g04,N,,,,3,5,3,5,0.75,0.5,naive,0
ABAABABA,gating_g04,N,,,,3,5,3,5,0.75,0.5,lba_k01_d01,0
ABAABABA,gating_g04,N,,,,3,5,3,5,0.75,0.5,abscount,-1
ABAABABA,gating_g04,N,,,,3,5,3,5,0.75,0.5,likelihood_ration,0
ABAABABA,relcount,N,,,,3,5,3,5,0.75,0.5,information,-1
ABAABABA,relcount,N,,,,3,5,3,5,0.75,0.5,snr,0
ABAABABA,relcount,N,,,,3,5,3,5,0.75,0.5,gating_g04,-1
ABAABABA,relcount,N,,,,3,5,3,5,0.75,0.5,blca_l10_k01_wi01_leak01_beta01,0
ABAABABA,relcount,N,,,,3,5,3,5,0.75,0.5,naive,0
ABAABABA,relcount,N,,,,3,5,3,5,0.75,0.5,lba_k01_d01,0
ABAABABA,relcount,N,,,,3,5,3,5,0.75,0.5,abscount,-1
ABAABABA,relcount,N,,,,3,5,3,5,0.75,0.5,likelihood_ration,0
ABAABABA,likelihood_ration,A,1.38021124171,0,7,3,5,3,5,0.75,0.5,information,0
ABAABABA,likelihood_ration,A,1.38021124171,0,7,3,5,3,5,0.75,0.5,relcount,0
ABAABABA,likelihood_ration,A,1.38021124171,0,7,3,5,3,5,0.75,0.5,snr,0
ABAABABA,likelihood_ration,A,1.38021124171,0,7,3,5,3,5,0.75,0.5,gating_g04,0
ABAABABA,likelihood_ration,A,1.38021124171,0,7,3,5,3,5,0.75,0.5,blca_l10_k01_wi01_leak01_beta01,0
ABAABABA,likelihood_ration,A,1.38021124171,0,7,3,5,3,5,0.75,0.5,naive,1
ABAABABA,likelihood_ration,A,1.38021124171,0,7,3,5,3,5,0.75,0.5,lba_k01_d01,1
ABAABABA,likelihood_ration,A,1.38021124171,0,7,3,5,3,5,0.75,0.5,abscount,0
AAABAABB,information,A,0.9375,0.1875,6,3,5,3,5,0.75,0.5,relcount,1
AAABAABB,information,A,0.9375,0.1875,6,3,5,3,5,0.75,0.5,snr,0
AAABAABB,information,A,0.9375,0.1875,6,3,5,3,5,0.75,0.5,gating_g04,0
AAABAABB,information,A,0.9375,0.1875,6,3,5,3,5,0.75,0.5,blca_l10_k01_wi01_leak01_beta01,0
AAABAABB,information,A,0.9375,0.1875,6,3,5,3,5,0.75,0.5,naive,1
AAABAABB,information,A,0.9375,0.1875,6,3,5,3,5,0.75,0.5,lba_k01_d01,1
AAABAABB,information,A,0.9375,0.1875,6,3,5,3,5,0.75,0.5,abscount,0
AAABAABB,information,A,0.9375,0.1875,6,3,5,3,5,0.75,0.5,likelihood_ration,1
AAABAABB,naive,A,0.75,0,1,3,5,3,5,0.75,0.5,information,1
AAABAABB,naive,A,0.75,0,1,3,5,3,5,0.75,0.5,snr,0
AAABAABB,naive,A,0.75,0,1,3,5,3,5,0.75,0.5,relcount,1
AAABAABB,naive,A,0.75,0,1,3,5,3,5,0.75,0.5,blca_l10_k01_wi01_leak01_beta01,0
AAABAABB,naive,A,0.75,0,1,3,5,3,5,0.75,0.5,gating_g04,0
AAABAABB,naive,A,0.75,0,1,3,5,3,5,0.75,0.5,lba_k01_d01,1
AAABAABB,naive,A,0.75,0,1,3,5,3,5,0.75,0.5,abscount,0
AAABAABB,naive,A,0.75,0,1,3,5,3,5,0.75,0.5,likelihood_ration,1
AAABAABB,lba_k01_d01,A,0.8,0.1,7,3,5,3,5,0.75,0.5,information,1
AAABAABB,lba_k01_d01,A,0.8,0.1,7,3,5,3,5,0.75,0.5,relcount,1
AAABAABB,lba_k01_d01,A,0.8,0.1,7,3,5,3,5,0.75,0.5,snr,0
AAABAABB,lba_k01_d01,A,0.8,0.1,7,3,5,3,5,0.75,0.5,gating_g04,0
AAABAABB,lba_k01_d01,A,0.8,0.1,7,3,5,3,5,0.75,0.5,blca_l10_k01_wi01_leak01_beta01,0
AAABAABB,lba_k01_d01,A,0.8,0.1,7,3,5,3,5,0.75,0.5,naive,1
AAABAABB,lba_k01_d01,A,0.8,0.1,7,3,5,3,5,0.75,0.5,abscount,0
AAABAABB,lba_k01_d01,A,0.8,0.1,7,3,5,3,5,0.75,0.5,likelihood_ration,1
AAABAABB,abscount,N,,,,3,5,3,5,0.75,0.5,information,0
AAABAABB,abscount,N,,,,3,5,3,5,0.75,0.5,snr,0
AAABAABB,abscount,N,,,,3,5,3,5,0.75,0.5,gating_g04,-1
AAABAABB,abscount,N,,,,3,5,3,5,0.75,0.5,blca_l10_k01_wi01_leak01_beta01,0
AAABAABB,abscount,N,,,,3,5,3,5,0.75,0.5,naive,0
AAABAABB,abscount,N,,,,3,5,3,5,0.75,0.5,lba_k01_d01,0
AAABAABB,abscount,N,,,,3,5,3,5,0.75,0.5,relcount,0
AAABAABB,abscount,N,,,,3,5,3,5,0.75,0.5,likelihood_ration,0
AAABAABB,snr,B,1.33333333333,0.0,4,3,5,3,5,0.75,0.5,information,0
AAABAABB,snr,B,1.33333333333,0.0,4,3,5,3,5,0.75,0.5,gating_g04,0
AAABAABB,snr,B,1.33333333333,0.0,4,3,5,3,5,0.75,0.5,relcount,0
AAABAABB,snr,B,1.33333333333,0.0,4,3,5,3,5,0.75,0.5,blca_l10_k01_wi01_leak01_beta01,1
AAABAABB,snr,B,1.33333333333,0.0,4,3,5,3,5,0.75,0.5,naive,0
AAABAABB,snr,B,1.33333333333,0.0,4,3,5,3,5,0.75,0.5,lba_k01_d01,0
AAABAABB,snr,B,1.33333333333,0.0,4,3,5,3,5,0.75,0.5,abscount,0
AAABAABB,snr,B,1.33333333333,0.0,4,3,5,3,5,0.75,0.5,likelihood_ration,0
AAABAABB,blca_l10_k01_wi01_leak01_beta01,B,1.98,-0.98,1,3,5,3,5,0.75,0.5,information,0
AAABAABB,blca_l10_k01_wi01_leak01_beta01,B,1.98,-0.98,1,3,5,3,5,0.75,0.5,snr,1
AAABAABB,blca_l10_k01_wi01_leak01_beta01,B,1.98,-0.98,1,3,5,3,5,0.75,0.5,relcount,0
AAABAABB,blca_l10_k01_wi01_leak01_beta01,B,1.98,-0.98,1,3,5,3,5,0.75,0.5,gating_g04,0
AAABAABB,blca_l10_k01_wi01_leak01_beta01,B,1.98,-0.98,1,3,5,3,5,0.75,0.5,naive,0
AAABAABB,blca_l10_k01_wi01_leak01_beta01,B,1.98,-0.98,1,3,5,3,5,0.75,0.5,lba_k01_d01,0
AAABAABB,blca_l10_k01_wi01_leak01_beta01,B,1.98,-0.98,1,3,5,3,5,0.75,0.5,abscount,0
AAABAABB,blca_l10_k01_wi01_leak01_beta01,B,1.98,-0.98,1,3,5,3,5,0.75,0.5,likelihood_ration,0
AAABAABB,gating_g04,N,,,,3,5,3,5,0.75,0.5,information,0
AAABAABB,gating_g04,N,,,,3,5,3,5,0.75,0.5,snr,0
AAABAABB,gating_g04,N,,,,3,5,3,5,0.75,0.5,relcount,0
AAABAABB,gating_g04,N,,,,3,5,3,5,0.75,0.5,blca_l10_k01_wi01_leak01_beta01,0
AAABAABB,gating_g04,N,,,,3,5,3,5,0.75,0.5,naive,0
AAABAABB,gating_g04,N,,,,3,5,3,5,0.75,0.5,lba_k01_d01,0
AAABAABB,gating_g04,N,,,,3,5,3,5,0.75,0.5,abscount,-1
AAABAABB,gating_g04,N,,,,3,5,3,5,0.75,0.5,likelihood_ration,0
AAABAABB,relcount,A,0.833333333333,0.166666666667,6,3,5,3,5,0.75,0.5,information,1
AAABAABB,relcount,A,0.833333333333,0.166666666667,6,3,5,3,5,0.75,0.5,snr,0
AAABAABB,relcount,A,0.833333333333,0.166666666667,6,3,5,3,5,0.75,0.5,gating_g04,0
AAABAABB,relcount,A,0.833333333333,0.166666666667,6,3,5,3,5,0.75,0.5,blca_l10_k01_wi01_leak01_beta01,0
AAABAABB,relcount,A,0.833333333333,0.166666666667,6,3,5,3,5,0.75,0.5,naive,1
AAABAABB,relcount,A,0.833333333333,0.166666666667,6,3,5,3,5,0.75,0.5,lba_k01_d01,1
AAABAABB,relcount,A,0.833333333333,0.166666666667,6,3,5,3,5,0.75,0.5,abscount,0
AAABAABB,relcount,A,0.833333333333,0.166666666667,6,3,5,3,5,0.75,0.5,likelihood_ration,1
AAABAABB,likelihood_ration,A,1.77815125038,0,6,3,5,3,5,0.75,0.5,information,1
AAABAABB,likelihood_ration,A,1.77815125038,0,6,3,5,3,5,0.75,0.5,relcount,1
AAABAABB,likelihood_ration,A,1.77815125038,0,6,3,5,3,5,0.75,0.5,snr,0
AAABAABB,likelihood_ration,A,1.77815125038,0,6,3,5,3,5,0.75,0.5,gating_g04,0
AAABAABB,likelihood_ration,A,1.77815125038,0,6,3,5,3,5,0.75,0.5,blca_l10_k01_wi01_leak01_beta01,0
AAABAABB,likelihood_ration,A,1.77815125038,0,6,3,5,3,5,0.75,0.5,naive,1
AAABAABB,likelihood_ration,A,1.77815125038,0,6,3,5,3,5,0.75,0.5,lba_k01_d01,1
AAABAABB,likelihood_ration,A,1.77815125038,0,6,3,5,3,5,0.75,0.5,abscount,0
AAABAABA,information,A,0.9375,0.1875,6,4,6,2,6,0.75,0.75,relcount,1
AAABAABA,information,A,0.9375,0.1875,6,4,6,2,6,0.75,0.75,snr,0
AAABAABA,information,A,0.9375,0.1875,6,4,6,2,6,0.75,0.75,gating_g04,0
AAABAABA,information,A,0.9375,0.1875,6,4,6,2,6,0.75,0.75,blca_l10_k01_wi01_leak01_beta01,0
AAABAABA,information,A,0.9375,0.1875,6,4,6,2,6,0.75,0.75,naive,1
AAABAABA,information,A,0.9375,0.1875,6,4,6,2,6,0.75,0.75,lba_k01_d01,1
AAABAABA,information,A,0.9375,0.1875,6,4,6,2,6,0.75,0.75,abscount,0
AAABAABA,information,A,0.9375,0.1875,6,4,6,2,6,0.75,0.75,likelihood_ration,1
AAABAABA,naive,A,0.75,0,1,4,6,2,6,0.75,0.75,information,1
AAABAABA,naive,A,0.75,0,1,4,6,2,6,0.75,0.75,snr,0
AAABAABA,naive,A,0.75,0,1,4,6,2,6,0.75,0.75,relcount,1
AAABAABA,naive,A,0.75,0,1,4,6,2,6,0.75,0.75,blca_l10_k01_wi01_leak01_beta01,0
AAABAABA,naive,A,0.75,0,1,4,6,2,6,0.75,0.75,gating_g04,0
AAABAABA,naive,A,0.75,0,1,4,6,2,6,0.75,0.75,lba_k01_d01,1
AAABAABA,naive,A,0.75,0,1,4,6,2,6,0.75,0.75,abscount,0
AAABAABA,naive,A,0.75,0,1,4,6,2,6,0.75,0.75,likelihood_ration,1
AAABAABA,lba_k01_d01,A,0.8,0.1,7,4,6,2,6,0.75,0.75,information,1
AAABAABA,lba_k01_d01,A,0.8,0.1,7,4,6,2,6,0.75,0.75,relcount,1
AAABAABA,lba_k01_d01,A,0.8,0.1,7,4,6,2,6,0.75,0.75,snr,0
AAABAABA,lba_k01_d01,A,0.8,0.1,7,4,6,2,6,0.75,0.75,gating_g04,0
AAABAABA,lba_k01_d01,A,0.8,0.1,7,4,6,2,6,0.75,0.75,blca_l10_k01_wi01_leak01_beta01,0
AAABAABA,lba_k01_d01,A,0.8,0.1,7,4,6,2,6,0.75,0.75,naive,1
AAABAABA,lba_k01_d01,A,0.8,0.1,7,4,6,2,6,0.75,0.75,abscount,0
AAABAABA,lba_k01_d01,A,0.8,0.1,7,4,6,2,6,0.75,0.75,likelihood_ration,1
AAABAABA,abscount,N,,,,4,6,2,6,0.75,0.75,information,0
AAABAABA,abscount,N,,,,4,6,2,6,0.75,0.75,snr,0
AAABAABA,abscount,N,,,,4,6,2,6,0.75,0.75,gating_g04,-1
AAABAABA,abscount,N,,,,4,6,2,6,0.75,0.75,blca_l10_k01_wi01_leak01_beta01,0
AAABAABA,abscount,N,,,,4,6,2,6,0.75,0.75,naive,0
AAABAABA,abscount,N,,,,4,6,2,6,0.75,0.75,lba_k01_d01,0
AAABAABA,abscount,N,,,,4,6,2,6,0.75,0.75,relcount,0
AAABAABA,abscount,N,,,,4,6,2,6,0.75,0.75,likelihood_ration,0
AAABAABA,snr,B,1.33333333333,0.0,4,4,6,2,6,0.75,0.75,information,0
AAABAABA,snr,B,1.33333333333,0.0,4,4,6,2,6,0.75,0.75,gating_g04,0
AAABAABA,snr,B,1.33333333333,0.0,4,4,6,2,6,0.75,0.75,relcount,0
AAABAABA,snr,B,1.33333333333,0.0,4,4,6,2,6,0.75,0.75,blca_l10_k01_wi01_leak01_beta01,1
AAABAABA,snr,B,1.33333333333,0.0,4,4,6,2,6,0.75,0.75,naive,0
AAABAABA,snr,B,1.33333333333,0.0,4,4,6,2,6,0.75,0.75,lba_k01_d01,0
AAABAABA,snr,B,1.33333333333,0.0,4,4,6,2,6,0.75,0.75,abscount,0
AAABAABA,snr,B,1.33333333333,0.0,4,4,6,2,6,0.75,0.75,likelihood_ration,0
AAABAABA,blca_l10_k01_wi01_leak01_beta01,B,1.98,-0.98,1,4,6,2,6,0.75,0.75,information,0
AAABAABA,blca_l10_k01_wi01_leak01_beta01,B,1.98,-0.98,1,4,6,2,6,0.75,0.75,snr,1
AAABAABA,blca_l10_k01_wi01_leak01_beta01,B,1.98,-0.98,1,4,6,2,6,0.75,0.75,relcount,0
AAABAABA,blca_l10_k01_wi01_leak01_beta01,B,1.98,-0.98,1,4,6,2,6,0.75,0.75,gating_g04,0
AAABAABA,blca_l10_k01_wi01_leak01_beta01,B,1.98,-0.98,1,4,6,2,6,0.75,0.75,naive,0
AAABAABA,blca_l10_k01_wi01_leak01_beta01,B,1.98,-0.98,1,4,6,2,6,0.75,0.75,lba_k01_d01,0
AAABAABA,blca_l10_k01_wi01_leak01_beta01,B,1.98,-0.98,1,4,6,2,6,0.75,0.75,abscount,0
AAABAABA,blca_l10_k01_wi01_leak01_beta01,B,1.98,-0.98,1,4,6,2,6,0.75,0.75,likelihood_ration,0
AAABAABA,gating_g04,N,,,,4,6,2,6,0.75,0.75,information,0
AAABAABA,gating_g04,N,,,,4,6,2,6,0.75,0.75,snr,0
AAABAABA,gating_g04,N,,,,4,6,2,6,0.75,0.75,relcount,0
AAABAABA,gating_g04,N,,,,4,6,2,6,0.75,0.75,blca_l10_k01_wi01_leak01_beta01,0
AAABAABA,gating_g04,N,,,,4,6,2,6,0.75,0.75,naive,0
AAABAABA,gating_g04,N,,,,4,6,2,6,0.75,0.75,lba_k01_d01,0
AAABAABA,gating_g04,N,,,,4,6,2,6,0.75,0.75,abscount,-1
AAABAABA,gating_g04,N,,,,4,6,2,6,0.75,0.75,likelihood_ration,0
AAABAABA,relcount,A,0.833333333333,0.166666666667,6,4,6,2,6,0.75,0.75,information,1
AAABAABA,relcount,A,0.833333333333,0.166666666667,6,4,6,2,6,0.75,0.75,snr,0
AAABAABA,relcount,A,0.833333333333,0.166666666667,6,4,6,2,6,0.75,0.75,gating_g04,0
AAABAABA,relcount,A,0.833333333333,0.166666666667,6,4,6,2,6,0.75,0.75,blca_l10_k01_wi01_leak01_beta01,0
AAABAABA,relcount,A,0.833333333333,0.166666666667,6,4,6,2,6,0.75,0.75,naive,1
AAABAABA,relcount,A,0.833333333333,0.166666666667,6,4,6,2,6,0.75,0.75,lba_k01_d01,1
AAABAABA,relcount,A,0.833333333333,0.166666666667,6,4,6,2,6,0.75,0.75,abscount,0
AAABAABA,relcount,A,0.833333333333,0.166666666667,6,4,6,2,6,0.75,0.75,likelihood_ration,1
AAABAABA,likelihood_ration,A,1.77815125038,0,6,4,6,2,6,0.75,0.75,information,1
AAABAABA,likelihood_ration,A,1.77815125038,0,6,4,6,2,6,0.75,0.75,relcount,1
AAABAABA,likelihood_ration,A,1.77815125038,0,6,4,6,2,6,0.75,0.75,snr,0
AAABAABA,likelihood_ration,A,1.77815125038,0,6,4,6,2,6,0.75,0.75,gating_g04,0
AAABAABA,likelihood_ration,A,1.77815125038,0,6,4,6,2,6,0.75,0.75,blca_l10_k01_wi01_leak01_beta01,0
AAABAABA,likelihood_ration,A,1.77815125038,0,6,4,6,2,6,0.75,0.75,naive,1
AAABAABA,likelihood_ration,A,1.77815125038,0,6,4,6,2,6,0.75,0.75,lba_k01_d01,1
AAABAABA,likelihood_ration,A,1.77815125038,0,6,4,6,2,6,0.75,0.75,abscount,0
ABBABAAB,information,N,,,,4,4,4,4,0.5,0.5,relcount,-1
ABBABAAB,information,N,,,,4,4,4,4,0.5,0.5,snr,0
ABBABAAB,information,N,,,,4,4,4,4,0.5,0.5,gating_g04,-1
ABBABAAB,information,N,,,,4,4,4,4,0.5,0.5,blca_l10_k01_wi01_leak01_beta01,0
ABBABAAB,information,N,,,,4,4,4,4,0.5,0.5,naive,0
ABBABAAB,information,N,,,,4,4,4,4,0.5,0.5,lba_k01_d01,0
ABBABAAB,information,N,,,,4,4,4,4,0.5,0.5,abscount,-1
ABBABAAB,information,N,,,,4,4,4,4,0.5,0.5,likelihood_ration,-1
ABBABAAB,naive,B,0.75,0,2,4,4,4,4,0.5,0.5,information,0
ABBABAAB,naive,B,0.75,0,2,4,4,4,4,0.5,0.5,snr,1
ABBABAAB,naive,B,0.75,0,2,4,4,4,4,0.5,0.5,relcount,0
ABBABAAB,naive,B,0.75,0,2,4,4,4,4,0.5,0.5,blca_l10_k01_wi01_leak01_beta01,1
ABBABAAB,naive,B,0.75,0,2,4,4,4,4,0.5,0.5,gating_g04,0
ABBABAAB,naive,B,0.75,0,2,4,4,4,4,0.5,0.5,lba_k01_d01,0
ABBABAAB,naive,B,0.75,0,2,4,4,4,4,0.5,0.5,abscount,0
ABBABAAB,naive,B,0.75,0,2,4,4,4,4,0.5,0.5,likelihood_ration,0
ABBABAAB,lba_k01_d01,A,0.8,0.1,7,4,4,4,4,0.5,0.5,information,0
ABBABAAB,lba_k01_d01,A,0.8,0.1,7,4,4,4,4,0.5,0.5,relcount,0
ABBABAAB,lba_k01_d01,A,0.8,0.1,7,4,4,4,4,0.5,0.5,snr,0
ABBABAAB,lba_k01_d01,A,0.8,0.1,7,4,4,4,4,0.5,0.5,gating_g04,0
ABBABAAB,lba_k01_d01,A,0.8,0.1,7,4,4,4,4,0.5,0.5,blca_l10_k01_wi01_leak01_beta01,0
ABBABAAB,lba_k01_d01,A,0.8,0.1,7,4,4,4,4,0.5,0.5,naive,0
ABBABAAB,lba_k01_d01,A,0.8,0.1,7,4,4,4,4,0.5,0.5,abscount,0
ABBABAAB,lba_k01_d01,A,0.8,0.1,7,4,4,4,4,0.5,0.5,likelihood_ration,0
ABBABAAB,abscount,N,,,,4,4,4,4,0.5,0.5,information,-1
ABBABAAB,abscount,N,,,,4,4,4,4,0.5,0.5,snr,0
ABBABAAB,abscount,N,,,,4,4,4,4,0.5,0.5,gating_g04,-1
ABBABAAB,abscount,N,,,,4,4,4,4,0.5,0.5,blca_l10_k01_wi01_leak01_beta01,0
ABBABAAB,abscount,N,,,,4,4,4,4,0.5,0.5,naive,0
ABBABAAB,abscount,N,,,,4,4,4,4,0.5,0.5,lba_k01_d01,0
ABBABAAB,abscount,N,,,,4,4,4,4,0.5,0.5,relcount,-1
ABBABAAB,abscount,N,,,,4,4,4,4,0.5,0.5,likelihood_ration,-1
ABBABAAB,snr,B,2.0,0.0,2,4,4,4,4,0.5,0.5,information,0
ABBABAAB,snr,B,2.0,0.0,2,4,4,4,4,0.5,0.5,gating_g04,0
ABBABAAB,snr,B,2.0,0.0,2,4,4,4,4,0.5,0.5,relcount,0
ABBABAAB,snr,B,2.0,0.0,2,4,4,4,4,0.5,0.5,blca_l10_k01_wi01_leak01_beta01,1
ABBABAAB,snr,B,2.0,0.0,2,4,4,4,4,0.5,0.5,naive,1
ABBABAAB,snr,B,2.0,0.0,2,4,4,4,4,0.5,0.5,lba_k01_d01,0
ABBABAAB,snr,B,2.0,0.0,2,4,4,4,4,0.5,0.5,abscount,0
ABBABAAB,snr,B,2.0,0.0,2,4,4,4,4,0.5,0.5,likelihood_ration,0
ABBABAAB,blca_l10_k01_wi01_leak01_beta01,B,1.98,-0.98,1,4,4,4,4,0.5,0.5,information,0
ABBABAAB,blca_l10_k01_wi01_leak01_beta01,B,1.98,-0.98,1,4,4,4,4,0.5,0.5,snr,1
ABBABAAB,blca_l10_k01_wi01_leak01_beta01,B,1.98,-0.98,1,4,4,4,4,0.5,0.5,relcount,0
ABBABAAB,blca_l10_k01_wi01_leak01_beta01,B,1.98,-0.98,1,4,4,4,4,0.5,0.5,gating_g04,0
ABBABAAB,blca_l10_k01_wi01_leak01_beta01,B,1.98,-0.98,1,4,4,4,4,0.5,0.5,naive,1
ABBABAAB,blca_l10_k01_wi01_leak01_beta01,B,1.98,-0.98,1,4,4,4,4,0.5,0.5,lba_k01_d01,0
ABBABAAB,blca_l10_k01_wi01_leak01_beta01,B,1.98,-0.98,1,4,4,4,4,0.5,0.5,abscount,0
ABBABAAB,blca_l10_k01_wi01_leak01_beta01,B,1.98,-0.98,1,4,4,4,4,0.5,0.5,likelihood_ration,0
ABBABAAB,gating_g04,N,,,,4,4,4,4,0.5,0.5,information,-1
ABBABAAB,gating_g04,N,,,,4,4,4,4,0.5,0.5,snr,0
ABBABAAB,gating_g04,N,,,,4,4,4,4,0.5,0.5,relcount,-1
ABBABAAB,gating_g04,N,,,,4,4,4,4,0.5,0.5,blca_l10_k01_wi01_leak01_beta01,0
ABBABAAB,gating_g04,N,,,,4,4,4,4,0.5,0.5,naive,0
ABBABAAB,gating_g04,N,,,,4,4,4,4,0.5,0.5,lba_k01_d01,0
ABBABAAB,gating_g04,N,,,,4,4,4,4,0.5,0.5,abscount,-1
ABBABAAB,gating_g04,N,,,,4,4,4,4,0.5,0.5,likelihood_ration,-1
ABBABAAB,relcount,N,,,,4,4,4,4,0.5,0.5,information,-1
ABBABAAB,relcount,N,,,,4,4,4,4,0.5,0.5,snr,0
ABBABAAB,relcount,N,,,,4,4,4,4,0.5,0.5,gating_g04,-1
ABBABAAB,relcount,N,,,,4,4,4,4,0.5,0.5,blca_l10_k01_wi01_leak01_beta01,0
ABBABAAB,relcount,N,,,,4,4,4,4,0.5,0.5,naive,0
ABBABAAB,relcount,N,,,,4,4,4,4,0.5,0.5,lba_k01_d01,0
ABBABAAB,relcount,N,,,,4,4,4,4,0.5,0.5,abscount,-1
ABBABAAB,relcount,N,,,,4,4,4,4,0.5,0.5,likelihood_ration,-1
ABBABAAB,likelihood_ration,N,,,,4,4,4,4,0.5,0.5,information,-1
ABBABAAB,likelihood_ration,N,,,,4,4,4,4,0.5,0.5,relcount,-1
ABBABAAB,likelihood_ration,N,,,,4,4,4,4,0.5,0.5,snr,0
ABBABAAB,likelihood_ration,N,,,,4,4,4,4,0.5,0.5,gating_g04,-1
ABBABAAB,likelihood_ration,N,,,,4,4,4,4,0.5,0.5,blca_l10_k01_wi01_leak01_beta01,0
ABBABAAB,likelihood_ration,N,,,,4,4,4,4,0.5,0.5,naive,0
ABBABAAB,likelihood_ration,N,,,,4,4,4,4,0.5,0.5,lba_k01_d01,0
ABBABAAB,likelihood_ration,N,,,,4,4,4,4,0.5,0.5,abscount,-1
ABBABAAA,information,N,,,,3,5,3,5,0.5,0.75,relcount,-1
ABBABAAA,information,N,,,,3,5,3,5,0.5,0.75,snr,0
ABBABAAA,information,N,,,,3,5,3,5,0.5,0.75,gating_g04,-1
ABBABAAA,information,N,,,,3,5,3,5,0.5,0.75,blca_l10_k01_wi01_leak01_beta01,0
ABBABAAA,information,N,,,,3,5,3,5,0.5,0.75,naive,0
ABBABAAA,information,N,,,,3,5,3,5,0.5,0.75,lba_k01_d01,0
ABBABAAA,information,N,,,,3,5,3,5,0.5,0.75,abscount,-1
ABBABAAA,information,N,,,,3,5,3,5,0.5,0.75,likelihood_ration,-1
ABBABAAA,naive,B,0.75,0,2,3,5,3,5,0.5,0.75,information,0
ABBABAAA,naive,B,0.75,0,2,3,5,3,5,0.5,0.75,snr,1
ABBABAAA,naive,B,0.75,0,2,3,5,3,5,0.5,0.75,relcount,0
ABBABAAA,naive,B,0.75,0,2,3,5,3,5,0.5,0.75,blca_l10_k01_wi01_leak01_beta01,1
ABBABAAA,naive,B,0.75,0,2,3,5,3,5,0.5,0.75,gating_g04,0
ABBABAAA,naive,B,0.75,0,2,3,5,3,5,0.5,0.75,lba_k01_d01,0
ABBABAAA,naive,B,0.75,0,2,3,5,3,5,0.5,0.75,abscount,0
ABBABAAA,naive,B,0.75,0,2,3,5,3,5,0.5,0.75,likelihood_ration,0
ABBABAAA,lba_k01_d01,A,0.8,0.1,7,3,5,3,5,0.5,0.75,information,0
ABBABAAA,lba_k01_d01,A,0.8,0.1,7,3,5,3,5,0.5,0.75,relcount,0
ABBABAAA,lba_k01_d01,A,0.8,0.1,7,3,5,3,5,0.5,0.75,snr,0
ABBABAAA,lba_k01_d01,A,0.8,0.1,7,3,5,3,5,0.5,0.75,gating_g04,0
ABBABAAA,lba_k01_d01,A,0.8,0.1,7,3,5,3,5,0.5,0.75,blca_l10_k01_wi01_leak01_beta01,0
ABBABAAA,lba_k01_d01,A,0.8,0.1,7,3,5,3,5,0.5,0.75,naive,0
ABBABAAA,lba_k01_d01,A,0.8,0.1,7,3,5,3,5,0.5,0.75,abscount,0
ABBABAAA,lba_k01_d01,A,0.8,0.1,7,3,5,3,5,0.5,0.75,likelihood_ration,0
ABBABAAA,abscount,N,,,,3,5,3,5,0.5,0.75,information,-1
ABBABAAA,abscount,N,,,,3,5,3,5,0.5,0.75,snr,0
ABBABAAA,abscount,N,,,,3,5,3,5,0.5,0.75,gating_g04,-1
ABBABAAA,abscount,N,,,,3,5,3,5,0.5,0.75,blca_l10_k01_wi01_leak01_beta01,0
ABBABAAA,abscount,N,,,,3,5,3,5,0.5,0.75,naive,0
ABBABAAA,abscount,N,,,,3,5,3,5,0.5,0.75,lba_k01_d01,0
ABBABAAA,abscount,N,,,,3,5,3,5,0.5,0.75,relcount,-1
ABBABAAA,abscount,N,,,,3,5,3,5,0.5,0.75,likelihood_ration,-1
ABBABAAA,snr,B,2.0,0.0,2,3,5,3,5,0.5,0.75,information,0
ABBABAAA,snr,B,2.0,0.0,2,3,5,3,5,0.5,0.75,gating_g04,0
ABBABAAA,snr,B,2.0,0.0,2,3,5,3,5,0.5,0.75,relcount,0
ABBABAAA,snr,B,2.0,0.0,2,3,5,3,5,0.5,0.75,blca_l10_k01_wi01_leak01_beta01,1
ABBABAAA,snr,B,2.0,0.0,2,3,5,3,5,0.5,0.75,naive,1
ABBABAAA,snr,B,2.0,0.0,2,3,5,3,5,0.5,0.75,lba_k01_d01,0
ABBABAAA,snr,B,2.0,0.0,2,3,5,3,5,0.5,0.75,abscount,0
ABBABAAA,snr,B,2.0,0.0,2,3,5,3,5,0.5,0.75,likelihood_ration,0
ABBABAAA,blca_l10_k01_wi01_leak01_beta01,B,1.98,-0.98,1,3,5,3,5,0.5,0.75,information,0
ABBABAAA,blca_l10_k01_wi01_leak01_beta01,B,1.98,-0.98,1,3,5,3,5,0.5,0.75,snr,1
ABBABAAA,blca_l10_k01_wi01_leak01_beta01,B,1.98,-0.98,1,3,5,3,5,0.5,0.75,relcount,0
ABBABAAA,blca_l10_k01_wi01_leak01_beta01,B,1.98,-0.98,1,3,5,3,5,0.5,0.75,gating_g04,0
ABBABAAA,blca_l10_k01_wi01_leak01_beta01,B,1.98,-0.98,1,3,5,3,5,0.5,0.75,naive,1
ABBABAAA,blca_l10_k01_wi01_leak01_beta01,B,1.98,-0.98,1,3,5,3,5,0.5,0.75,lba_k01_d01,0
ABBABAAA,blca_l10_k01_wi01_leak01_beta01,B,1.98,-0.98,1,3,5,3,5,0.5,0.75,abscount,0
ABBABAAA,blca_l10_k01_wi01_leak01_beta01,B,1.98,-0.98,1,3,5,3,5,0.5,0.75,likelihood_ration,0
ABBABAAA,gating_g04,N,,,,3,5,3,5,0.5,0.75,information,-1
ABBABAAA,gating_g04,N,,,,3,5,3,5,0.5,0.75,snr,0
ABBABAAA,gating_g04,N,,,,3,5,3,5,0.5,0.75,relcount,-1
ABBABAAA,gating_g04,N,,,,3,5,3,5,0.5,0.75,blca_l10_k01_wi01_leak01_beta01,0
ABBABAAA,gating_g04,N,,,,3,5,3,5,0.5,0.75,naive,0
ABBABAAA,gating_g04,N,,,,3,5,3,5,0.5,0.75,lba_k01_d01,0
ABBABAAA,gating_g04,N,,,,3,5,3,5,0.5,0.75,abscount,-1
ABBABAAA,gating_g04,N,,,,3,5,3,5,0.5,0.75,likelihood_ration,-1
ABBABAAA,relcount,N,,,,3,5,3,5,0.5,0.75,information,-1
ABBABAAA,relcount,N,,,,3,5,3,5,0.5,0.75,snr,0
ABBABAAA,relcount,N,,,,3,5,3,5,0.5,0.75,gating_g04,-1
ABBABAAA,relcount,N,,,,3,5,3,5,0.5,0.75,blca_l10_k01_wi01_leak01_beta01,0
ABBABAAA,relcount,N,,,,3,5,3,5,0.5,0.75,naive,0
ABBABAAA,relcount,N,,,,3,5,3,5,0.5,0.75,lba_k01_d01,0
ABBABAAA,relcount,N,,,,3,5,3,5,0.5,0.75,abscount,-1
ABBABAAA,relcount,N,,,,3,5,3,5,0.5,0.75,likelihood_ration,-1
ABBABAAA,likelihood_ration,N,,,,3,5,3,5,0.5,0.75,information,-1
ABBABAAA,likelihood_ration,N,,,,3,5,3,5,0.5,0.75,relcount,-1
ABBABAAA,likelihood_ration,N,,,,3,5,3,5,0.5,0.75,snr,0
ABBABAAA,likelihood_ration,N,,,,3,5,3,5,0.5,0.75,gating_g04,-1
ABBABAAA,likelihood_ration,N,,,,3,5,3,5,0.5,0.75,blca_l10_k01_wi01_leak01_beta01,0
ABBABAAA,likelihood_ration,N,,,,3,5,3,5,0.5,0.75,naive,0
ABBABAAA,likelihood_ration,N,,,,3,5,3,5,0.5,0.75,lba_k01_d01,0
ABBABAAA,likelihood_ration,N,,,,3,5,3,5,0.5,0.75,abscount,-1
ABBABBAA,information,N,,,,4,4,4,4,0.5,0.5,relcount,-1
ABBABBAA,information,N,,,,4,4,4,4,0.5,0.5,snr,0
ABBABBAA,information,N,,,,4,4,4,4,0.5,0.5,gating_g04,-1
ABBABBAA,information,N,,,,4,4,4,4,0.5,0.5,blca_l10_k01_wi01_leak01_beta01,0
ABBABBAA,information,N,,,,4,4,4,4,0.5,0.5,naive,0
ABBABBAA,information,N,,,,4,4,4,4,0.5,0.5,lba_k01_d01,0
ABBABBAA,information,N,,,,4,4,4,4,0.5,0.5,abscount,-1
ABBABBAA,information,N,,,,4,4,4,4,0.5,0.5,likelihood_ration,-1
ABBABBAA,naive,B,0.75,0,2,4,4,4,4,0.5,0.5,information,0
ABBABBAA,naive,B,0.75,0,2,4,4,4,4,0.5,0.5,snr,1
ABBABBAA,naive,B,0.75,0,2,4,4,4,4,0.5,0.5,relcount,0
ABBABBAA,naive,B,0.75,0,2,4,4,4,4,0.5,0.5,blca_l10_k01_wi01_leak01_beta01,1
ABBABBAA,naive,B,0.75,0,2,4,4,4,4,0.5,0.5,gating_g04,0
ABBABBAA,naive,B,0.75,0,2,4,4,4,4,0.5,0.5,lba_k01_d01,0
ABBABBAA,naive,B,0.75,0,2,4,4,4,4,0.5,0.5,abscount,0
ABBABBAA,naive,B,0.75,0,2,4,4,4,4,0.5,0.5,likelihood_ration,0
ABBABBAA,lba_k01_d01,A,0.8,0.1,7,4,4,4,4,0.5,0.5,information,0
ABBABBAA,lba_k01_d01,A,0.8,0.1,7,4,4,4,4,0.5,0.5,relcount,0
ABBABBAA,lba_k01_d01,A,0.8,0.1,7,4,4,4,4,0.5,0.5,snr,0
ABBABBAA,lba_k01_d01,A,0.8,0.1,7,4,4,4,4,0.5,0.5,gating_g04,0
ABBABBAA,lba_k01_d01,A,0.8,0.1,7,4,4,4,4,0.5,0.5,blca_l10_k01_wi01_leak01_beta01,0
ABBABBAA,lba_k01_d01,A,0.8,0.1,7,4,4,4,4,0.5,0.5,naive,0
ABBABBAA,lba_k01_d01,A,0.8,0.1,7,4,4,4,4,0.5,0.5,abscount,0
ABBABBAA,lba_k01_d01,A,0.8,0.1,7,4,4,4,4,0.5,0.5,likelihood_ration,0
ABBABBAA,abscount,N,,,,4,4,4,4,0.5,0.5,information,-1
ABBABBAA,abscount,N,,,,4,4,4,4,0.5,0.5,snr,0
ABBABBAA,abscount,N,,,,4,4,4,4,0.5,0.5,gating_g04,-1
ABBABBAA,abscount,N,,,,4,4,4,4,0.5,0.5,blca_l10_k01_wi01_leak01_beta01,0
ABBABBAA,abscount,N,,,,4,4,4,4,0.5,0.5,naive,0
ABBABBAA,abscount,N,,,,4,4,4,4,0.5,0.5,lba_k01_d01,0
ABBABBAA,abscount,N,,,,4,4,4,4,0.5,0.5,relcount,-1
ABBABBAA,abscount,N,,,,4,4,4,4,0.5,0.5,likelihood_ration,-1
ABBABBAA,snr,B,2.0,0.0,2,4,4,4,4,0.5,0.5,information,0
ABBABBAA,snr,B,2.0,0.0,2,4,4,4,4,0.5,0.5,gating_g04,0
ABBABBAA,snr,B,2.0,0.0,2,4,4,4,4,0.5,0.5,relcount,0
ABBABBAA,snr,B,2.0,0.0,2,4,4,4,4,0.5,0.5,blca_l10_k01_wi01_leak01_beta01,1
ABBABBAA,snr,B,2.0,0.0,2,4,4,4,4,0.5,0.5,naive,1
ABBABBAA,snr,B,2.0,0.0,2,4,4,4,4,0.5,0.5,lba_k01_d01,0
ABBABBAA,snr,B,2.0,0.0,2,4,4,4,4,0.5,0.5,abscount,0
ABBABBAA,snr,B,2.0,0.0,2,4,4,4,4,0.5,0.5,likelihood_ration,0
ABBABBAA,blca_l10_k01_wi01_leak01_beta01,B,1.98,-0.98,1,4,4,4,4,0.5,0.5,information,0
ABBABBAA,blca_l10_k01_wi01_leak01_beta01,B,1.98,-0.98,1,4,4,4,4,0.5,0.5,snr,1
ABBABBAA,blca_l10_k01_wi01_leak01_beta01,B,1.98,-0.98,1,4,4,4,4,0.5,0.5,relcount,0
ABBABBAA,blca_l10_k01_wi01_leak01_beta01,B,1.98,-0.98,1,4,4,4,4,0.5,0.5,gating_g04,0
ABBABBAA,blca_l10_k01_wi01_leak01_beta01,B,1.98,-0.98,1,4,4,4,4,0.5,0.5,naive,1
ABBABBAA,blca_l10_k01_wi01_leak01_beta01,B,1.98,-0.98,1,4,4,4,4,0.5,0.5,lba_k01_d01,0
ABBABBAA,blca_l10_k01_wi01_leak01_beta01,B,1.98,-0.98,1,4,4,4,4,0.5,0.5,abscount,0
ABBABBAA,blca_l10_k01_wi01_leak01_beta01,B,1.98,-0.98,1,4,4,4,4,0.5,0.5,likelihood_ration,0
ABBABBAA,gating_g04,N,,,,4,4,4,4,0.5,0.5,information,-1
ABBABBAA,gating_g04,N,,,,4,4,4,4,0.5,0.5,snr,0
ABBABBAA,gating_g04,N,,,,4,4,4,4,0.5,0.5,relcount,-1
ABBABBAA,gating_g04,N,,,,4,4,4,4,0.5,0.5,blca_l10_k01_wi01_leak01_beta01,0
ABBABBAA,gating_g04,N,,,,4,4,4,4,0.5,0.5,naive,0
ABBABBAA,gating_g04,N,,,,4,4,4,4,0.5,0.5,lba_k01_d01,0
ABBABBAA,gating_g04,N,,,,4,4,4,4,0.5,0.5,abscount,-1
ABBABBAA,gating_g04,N,,,,4,4,4,4,0.5,0.5,likelihood_ration,-1
ABBABBAA,relcount,N,,,,4,4,4,4,0.5,0.5,information,-1
ABBABBAA,relcount,N,,,,4,4,4,4,0.5,0.5,snr,0
ABBABBAA,relcount,N,,,,4,4,4,4,0.5,0.5,gating_g04,-1
ABBABBAA,relcount,N,,,,4,4,4,4,0.5,0.5,blca_l10_k01_wi01_leak01_beta01,0
ABBABBAA,relcount,N,,,,4,4,4,4,0.5,0.5,naive,0
ABBABBAA,relcount,N,,,,4,4,4,4,0.5,0.5,lba_k01_d01,0
ABBABBAA,relcount,N,,,,4,4,4,4,0.5,0.5,abscount,-1
ABBABBAA,relcount,N,,,,4,4,4,4,0.5,0.5,likelihood_ration,-1
ABBABBAA,likelihood_ration,N,,,,4,4,4,4,0.5,0.5,information,-1
ABBABBAA,likelihood_ration,N,,,,4,4,4,4,0.5,0.5,relcount,-1
ABBABBAA,likelihood_ration,N,,,,4,4,4,4,0.5,0.5,snr,0
ABBABBAA,likelihood_ration,N,,,,4,4,4,4,0.5,0.5,gating_g04,-1
ABBABBAA,likelihood_ration,N,,,,4,4,4,4,0.5,0.5,blca_l10_k01_wi01_leak01_beta01,0
ABBABBAA,likelihood_ration,N,,,,4,4,4,4,0.5,0.5,naive,0
ABBABBAA,likelihood_ration,N,,,,4,4,4,4,0.5,0.5,lba_k01_d01,0
ABBABBAA,likelihood_ration,N,,,,4,4,4,4,0.5,0.5,abscount,-1
ABBABBAB,information,N,,,,3,3,5,5,0.5,0.75,relcount,-1
ABBABBAB,information,N,,,,3,3,5,5,0.5,0.75,snr,0
ABBABBAB,information,N,,,,3,3,5,5,0.5,0.75,gating_g04,-1
ABBABBAB,information,N,,,,3,3,5,5,0.5,0.75,blca_l10_k01_wi01_leak01_beta01,0
ABBABBAB,information,N,,,,3,3,5,5,0.5,0.75,naive,0
ABBABBAB,information,N,,,,3,3,5,5,0.5,0.75,lba_k01_d01,0
ABBABBAB,information,N,,,,3,3,5,5,0.5,0.75,abscount,-1
ABBABBAB,information,N,,,,3,3,5,5,0.5,0.75,likelihood_ration,-1
ABBABBAB,naive,B,0.75,0,2,3,3,5,5,0.5,0.75,information,0
ABBABBAB,naive,B,0.75,0,2,3,3,5,5,0.5,0.75,snr,1
ABBABBAB,naive,B,0.75,0,2,3,3,5,5,0.5,0.75,relcount,0
ABBABBAB,naive,B,0.75,0,2,3,3,5,5,0.5,0.75,blca_l10_k01_wi01_leak01_beta01,1
ABBABBAB,naive,B,0.75,0,2,3,3,5,5,0.5,0.75,gating_g04,0
ABBABBAB,naive,B,0.75,0,2,3,3,5,5,0.5,0.75,lba_k01_d01,0
ABBABBAB,naive,B,0.75,0,2,3,3,5,5,0.5,0.75,abscount,0
ABBABBAB,naive,B,0.75,0,2,3,3,5,5,0.5,0.75,likelihood_ration,0
ABBABBAB,lba_k01_d01,A,0.8,0.1,7,3,3,5,5,0.5,0.75,information,0
ABBABBAB,lba_k01_d01,A,0.8,0.1,7,3,3,5,5,0.5,0.75,relcount,0
ABBABBAB,lba_k01_d01,A,0.8,0.1,7,3,3,5,5,0.5,0.75,snr,0
ABBABBAB,lba_k01_d01,A,0.8,0.1,7,3,3,5,5,0.5,0.75,gating_g04,0
ABBABBAB,lba_k01_d01,A,0.8,0.1,7,3,3,5,5,0.5,0.75,blca_l10_k01_wi01_leak01_beta01,0
ABBABBAB,lba_k01_d01,A,0.8,0.1,7,3,3,5,5,0.5,0.75,naive,0
ABBABBAB,lba_k01_d01,A,0.8,0.1,7,3,3,5,5,0.5,0.75,abscount,0
ABBABBAB,lba_k01_d01,A,0.8,0.1,7,3,3,5,5,0.5,0.75,likelihood_ration,0
ABBABBAB,abscount,N,,,,3,3,5,5,0.5,0.75,information,-1
ABBABBAB,abscount,N,,,,3,3,5,5,0.5,0.75,snr,0
ABBABBAB,abscount,N,,,,3,3,5,5,0.5,0.75,gating_g04,-1
ABBABBAB,abscount,N,,,,3,3,5,5,0.5,0.75,blca_l10_k01_wi01_leak01_beta01,0
ABBABBAB,abscount,N,,,,3,3,5,5,0.5,0.75,naive,0
ABBABBAB,abscount,N,,,,3,3,5,5,0.5,0.75,lba_k01_d01,0
ABBABBAB,abscount,N,,,,3,3,5,5,0.5,0.75,relcount,-1
ABBABBAB,abscount,N,,,,3,3,5,5,0.5,0.75,likelihood_ration,-1
ABBABBAB,snr,B,2.0,0.0,2,3,3,5,5,0.5,0.75,information,0
ABBABBAB,snr,B,2.0,0.0,2,3,3,5,5,0.5,0.75,gating_g04,0
ABBABBAB,snr,B,2.0,0.0,2,3,3,5,5,0.5,0.75,relcount,0
ABBABBAB,snr,B,2.0,0.0,2,3,3,5,5,0.5,0.75,blca_l10_k01_wi01_leak01_beta01,1
ABBABBAB,snr,B,2.0,0.0,2,3,3,5,5,0.5,0.75,naive,1
ABBABBAB,snr,B,2.0,0.0,2,3,3,5,5,0.5,0.75,lba_k01_d01,0
ABBABBAB,snr,B,2.0,0.0,2,3,3,5,5,0.5,0.75,abscount,0
ABBABBAB,snr,B,2.0,0.0,2,3,3,5,5,0.5,0.75,likelihood_ration,0
ABBABBAB,blca_l10_k01_wi01_leak01_beta01,B,1.98,-0.98,1,3,3,5,5,0.5,0.75,information,0
ABBABBAB,blca_l10_k01_wi01_leak01_beta01,B,1.98,-0.98,1,3,3,5,5,0.5,0.75,snr,1
ABBABBAB,blca_l10_k01_wi01_leak01_beta01,B,1.98,-0.98,1,3,3,5,5,0.5,0.75,relcount,0
ABBABBAB,blca_l10_k01_wi01_leak01_beta01,B,1.98,-0.98,1,3,3,5,5,0.5,0.75,gating_g04,0
ABBABBAB,blca_l10_k01_wi01_leak01_beta01,B,1.98,-0.98,1,3,3,5,5,0.5,0.75,naive,1
ABBABBAB,blca_l10_k01_wi01_leak01_beta01,B,1.98,-0.98,1,3,3,5,5,0.5,0.75,lba_k01_d01,0
ABBABBAB,blca_l10_k01_wi01_leak01_beta01,B,1.98,-0.98,1,3,3,5,5,0.5,0.75,abscount,0
ABBABBAB,blca_l10_k01_wi01_leak01_beta01,B,1.98,-0.98,1,3,3,5,5,0.5,0.75,likelihood_ration,0
ABBABBAB,gating_g04,N,,,,3,3,5,5,0.5,0.75,information,-1
ABBABBAB,gating_g04,N,,,,3,3,5,5,0.5,0.75,snr,0
ABBABBAB,gating_g04,N,,,,3,3,5,5,0.5,0.75,relcount,-1
ABBABBAB,gating_g04,N,,,,3,3,5,5,0.5,0.75,blca_l10_k01_wi01_leak01_beta01,0
ABBABBAB,gating_g04,N,,,,3,3,5,5,0.5,0.75,naive,0
ABBABBAB,gating_g04,N,,,,3,3,5,5,0.5,0.75,lba_k01_d01,0
ABBABBAB,gating_g04,N,,,,3,3,5,5,0.5,0.75,abscount,-1
ABBABBAB,gating_g04,N,,,,3,3,5,5,0.5,0.75,likelihood_ration,-1
ABBABBAB,relcount,N,,,,3,3,5,5,0.5,0.75,information,-1
ABBABBAB,relcount,N,,,,3,3,5,5,0.5,0.75,snr,0
ABBABBAB,relcount,N,,,,3,3,5,5,0.5,0.75,gating_g04,-1
ABBABBAB,relcount,N,,,,3,3,5,5,0.5,0.75,blca_l10_k01_wi01_leak01_beta01,0
ABBABBAB,relcount,N,,,,3,3,5,5,0.5,0.75,naive,0
ABBABBAB,relcount,N,,,,3,3,5,5,0.5,0.75,lba_k01_d01,0
ABBABBAB,relcount,N,,,,3,3,5,5,0.5,0.75,abscount,-1
ABBABBAB,relcount,N,,,,3,3,5,5,0.5,0.75,likelihood_ration,-1
ABBABBAB,likelihood_ration,N,,,,3,3,5,5,0.5,0.75,information,-1
ABBABBAB,likelihood_ration,N,,,,3,3,5,5,0.5,0.75,relcount,-1
ABBABBAB,likelihood_ration,N,,,,3,3,5,5,0.5,0.75,snr,0
ABBABBAB,likelihood_ration,N,,,,3,3,5,5,0.5,0.75,gating_g04,-1
ABBABBAB,likelihood_ration,N,,,,3,3,5,5,0.5,0.75,blca_l10_k01_wi01_leak01_beta01,0
ABBABBAB,likelihood_ration,N,,,,3,3,5,5,0.5,0.75,naive,0
ABBABBAB,likelihood_ration,N,,,,3,3,5,5,0.5,0.75,lba_k01_d01,0
ABBABBAB,likelihood_ration,N,,,,3,3,5,5,0.5,0.75,abscount,-1
AABBBBBA,information,N,,,,3,3,5,5,0.5,0.75,relcount,-1
AABBBBBA,information,N,,,,3,3,5,5,0.5,0.75,snr,0
AABBBBBA,information,N,,,,3,3,5,5,0.5,0.75,gating_g04,-1
AABBBBBA,information,N,,,,3,3,5,5,0.5,0.75,blca_l10_k01_wi01_leak01_beta01,0
AABBBBBA,information,N,,,,3,3,5,5,0.5,0.75,naive,0
AABBBBBA,information,N,,,,3,3,5,5,0.5,0.75,lba_k01_d01,0
AABBBBBA,information,N,,,,3,3,5,5,0.5,0.75,abscount,-1
AABBBBBA,information,N,,,,3,3,5,5,0.5,0.75,likelihood_ration,-1
AABBBBBA,naive,A,0.75,0,1,3,3,5,5,0.5,0.75,information,0
AABBBBBA,naive,A,0.75,0,1,3,3,5,5,0.5,0.75,snr,0
AABBBBBA,naive,A,0.75,0,1,3,3,5,5,0.5,0.75,relcount,0
AABBBBBA,naive,A,0.75,0,1,3,3,5,5,0.5,0.75,blca_l10_k01_wi01_leak01_beta01,0
AABBBBBA,naive,A,0.75,0,1,3,3,5,5,0.5,0.75,gating_g04,0
AABBBBBA,naive,A,0.75,0,1,3,3,5,5,0.5,0.75,lba_k01_d01,1
AABBBBBA,naive,A,0.75,0,1,3,3,5,5,0.5,0.75,abscount,0
AABBBBBA,naive,A,0.75,0,1,3,3,5,5,0.5,0.75,likelihood_ration,0
AABBBBBA,lba_k01_d01,A,0.8,0.1,7,3,3,5,5,0.5,0.75,information,0
AABBBBBA,lba_k01_d01,A,0.8,0.1,7,3,3,5,5,0.5,0.75,relcount,0
AABBBBBA,lba_k01_d01,A,0.8,0.1,7,3,3,5,5,0.5,0.75,snr,0
AABBBBBA,lba_k01_d01,A,0.8,0.1,7,3,3,5,5,0.5,0.75,gating_g04,0
AABBBBBA,lba_k01_d01,A,0.8,0.1,7,3,3,5,5,0.5,0.75,blca_l10_k01_wi01_leak01_beta01,0
AABBBBBA,lba_k01_d01,A,0.8,0.1,7,3,3,5,5,0.5,0.75,naive,1
AABBBBBA,lba_k01_d01,A,0.8,0.1,7,3,3,5,5,0.5,0.75,abscount,0
AABBBBBA,lba_k01_d01,A,0.8,0.1,7,3,3,5,5,0.5,0.75,likelihood_ration,0
AABBBBBA,abscount,N,,,,3,3,5,5,0.5,0.75,information,-1
AABBBBBA,abscount,N,,,,3,3,5,5,0.5,0.75,snr,0
AABBBBBA,abscount,N,,,,3,3,5,5,0.5,0.75,gating_g04,-1
AABBBBBA,abscount,N,,,,3,3,5,5,0.5,0.75,blca_l10_k01_wi01_leak01_beta01,0
AABBBBBA,abscount,N,,,,3,3,5,5,0.5,0.75,naive,0
AABBBBBA,abscount,N,,,,3,3,5,5,0.5,0.75,lba_k01_d01,0
AABBBBBA,abscount,N,,,,3,3,5,5,0.5,0.75,relcount,-1
AABBBBBA,abscount,N,,,,3,3,5,5,0.5,0.75,likelihood_ration,-1
AABBBBBA,snr,B,1.5,0.0,3,3,3,5,5,0.5,0.75,information,0
AABBBBBA,snr,B,1.5,0.0,3,3,3,5,5,0.5,0.75,gating_g04,0
AABBBBBA,snr,B,1.5,0.0,3,3,3,5,5,0.5,0.75,relcount,0
AABBBBBA,snr,B,1.5,0.0,3,3,3,5,5,0.5,0.75,blca_l10_k01_wi01_leak01_beta01,1
AABBBBBA,snr,B,1.5,0.0,3,3,3,5,5,0.5,0.75,naive,0
AABBBBBA,snr,B,1.5,0.0,3,3,3,5,5,0.5,0.75,lba_k01_d01,0
AABBBBBA,snr,B,1.5,0.0,3,3,3,5,5,0.5,0.75,abscount,0
AABBBBBA,snr,B,1.5,0.0,3,3,3,5,5,0.5,0.75,likelihood_ration,0
AABBBBBA,blca_l10_k01_wi01_leak01_beta01,B,1.98,-0.98,1,3,3,5,5,0.5,0.75,information,0
AABBBBBA,blca_l10_k01_wi01_leak01_beta01,B,1.98,-0.98,1,3,3,5,5,0.5,0.75,snr,1
AABBBBBA,blca_l10_k01_wi01_leak01_beta01,B,1.98,-0.98,1,3,3,5,5,0.5,0.75,relcount,0
AABBBBBA,blca_l10_k01_wi01_leak01_beta01,B,1.98,-0.98,1,3,3,5,5,0.5,0.75,gating_g04,0
AABBBBBA,blca_l10_k01_wi01_leak01_beta01,B,1.98,-0.98,1,3,3,5,5,0.5,0.75,naive,0
AABBBBBA,blca_l10_k01_wi01_leak01_beta01,B,1.98,-0.98,1,3,3,5,5,0.5,0.75,lba_k01_d01,0
AABBBBBA,blca_l10_k01_wi01_leak01_beta01,B,1.98,-0.98,1,3,3,5,5,0.5,0.75,abscount,0
AABBBBBA,blca_l10_k01_wi01_leak01_beta01,B,1.98,-0.98,1,3,3,5,5,0.5,0.75,likelihood_ration,0
AABBBBBA,gating_g04,N,,,,3,3,5,5,0.5,0.75,information,-1
AABBBBBA,gating_g04,N,,,,3,3,5,5,0.5,0.75,snr,0
AABBBBBA,gating_g04,N,,,,3,3,5,5,0.5,0.75,relcount,-1
AABBBBBA,gating_g04,N,,,,3,3,5,5,0.5,0.75,blca_l10_k01_wi01_leak01_beta01,0
AABBBBBA,gating_g04,N,,,,3,3,5,5,0.5,0.75,naive,0
AABBBBBA,gating_g04,N,,,,3,3,5,5,0.5,0.75,lba_k01_d01,0
AABBBBBA,gating_g04,N,,,,3,3,5,5,0.5,0.75,abscount,-1
AABBBBBA,gating_g04,N,,,,3,3,5,5,0.5,0.75,likelihood_ration,-1
AABBBBBA,relcount,N,,,,3,3,5,5,0.5,0.75,information,-1
AABBBBBA,relcount,N,,,,3,3,5,5,0.5,0.75,snr,0
AABBBBBA,relcount,N,,,,3,3,5,5,0.5,0.75,gating_g04,-1
AABBBBBA,relcount,N,,,,3,3,5,5,0.5,0.75,blca_l10_k01_wi01_leak01_beta01,0
AABBBBBA,relcount,N,,,,3,3,5,5,0.5,0.75,naive,0
AABBBBBA,relcount,N,,,,3,3,5,5,0.5,0.75,lba_k01_d01,0
AABBBBBA,relcount,N,,,,3,3,5,5,0.5,0.75,abscount,-1
AABBBBBA,relcount,N,,,,3,3,5,5,0.5,0.75,likelihood_ration,-1
AABBBBBA,likelihood_ration,N,,,,3,3,5,5,0.5,0.75,information,-1
AABBBBBA,likelihood_ration,N,,,,3,3,5,5,0.5,0.75,relcount,-1
AABBBBBA,likelihood_ration,N,,,,3,3,5,5,0.5,0.75,snr,0
AABBBBBA,likelihood_ration,N,,,,3,3,5,5,0.5,0.75,gating_g04,-1
AABBBBBA,likelihood_ration,N,,,,3,3,5,5,0.5,0.75,blca_l10_k01_wi01_leak01_beta01,0
AABBBBBA,likelihood_ration,N,,,,3,3,5,5,0.5,0.75,naive,0
AABBBBBA,likelihood_ration,N,,,,3,3,5,5,0.5,0.75,lba_k01_d01,0
AABBBBBA,likelihood_ration,N,,,,3,3,5,5,0.5,0.75,abscount,-1
AABBBBBB,information,B,1.125,0.375,8,4,2,6,6,0.5,1.0,relcount,0
AABBBBBB,information,B,1.125,0.375,8,4,2,6,6,0.5,1.0,snr,1
AABBBBBB,information,B,1.125,0.375,8,4,2,6,6,0.5,1.0,gating_g04,0
AABBBBBB,information,B,1.125,0.375,8,4,2,6,6,0.5,1.0,blca_l10_k01_wi01_leak01_beta01,1
AABBBBBB,information,B,1.125,0.375,8,4,2,6,6,0.5,1.0,naive,0
AABBBBBB,information,B,1.125,0.375,8,4,2,6,6,0.5,1.0,lba_k01_d01,0
AABBBBBB,information,B,1.125,0.375,8,4,2,6,6,0.5,1.0,abscount,0
AABBBBBB,information,B,1.125,0.375,8,4,2,6,6,0.5,1.0,likelihood_ration,0
AABBBBBB,naive,A,0.75,0,1,4,2,6,6,0.5,1.0,information,0
AABBBBBB,naive,A,0.75,0,1,4,2,6,6,0.5,1.0,snr,0
AABBBBBB,naive,A,0.75,0,1,4,2,6,6,0.5,1.0,relcount,0
AABBBBBB,naive,A,0.75,0,1,4,2,6,6,0.5,1.0,blca_l10_k01_wi01_leak01_beta01,0
AABBBBBB,naive,A,0.75,0,1,4,2,6,6,0.5,1.0,gating_g04,0
AABBBBBB,naive,A,0.75,0,1,4,2,6,6,0.5,1.0,lba_k01_d01,1
AABBBBBB,naive,A,0.75,0,1,4,2,6,6,0.5,1.0,abscount,0
AABBBBBB,naive,A,0.75,0,1,4,2,6,6,0.5,1.0,likelihood_ration,0
AABBBBBB,lba_k01_d01,A,0.8,0.1,7,4,2,6,6,0.5,1.0,information,0
AABBBBBB,lba_k01_d01,A,0.8,0.1,7,4,2,6,6,0.5,1.0,relcount,0
AABBBBBB,lba_k01_d01,A,0.8,0.1,7,4,2,6,6,0.5,1.0,snr,0
AABBBBBB,lba_k01_d01,A,0.8,0.1,7,4,2,6,6,0.5,1.0,gating_g04,0
AABBBBBB,lba_k01_d01,A,0.8,0.1,7,4,2,6,6,0.5,1.0,blca_l10_k01_wi01_leak01_beta01,0
AABBBBBB,lba_k01_d01,A,0.8,0.1,7,4,2,6,6,0.5,1.0,naive,1
AABBBBBB,lba_k01_d01,A,0.8,0.1,7,4,2,6,6,0.5,1.0,abscount,0
AABBBBBB,lba_k01_d01,A,0.8,0.1,7,4,2,6,6,0.5,1.0,likelihood_ration,0
AABBBBBB,abscount,N,,,,4,2,6,6,0.5,1.0,information,0
AABBBBBB,abscount,N,,,,4,2,6,6,0.5,1.0,snr,0
AABBBBBB,abscount,N,,,,4,2,6,6,0.5,1.0,gating_g04,-1
AABBBBBB,abscount,N,,,,4,2,6,6,0.5,1.0,blca_l10_k01_wi01_leak01_beta01,0
AABBBBBB,abscount,N,,,,4,2,6,6,0.5,1.0,naive,0
AABBBBBB,abscount,N,,,,4,2,6,6,0.5,1.0,lba_k01_d01,0
AABBBBBB,abscount,N,,,,4,2,6,6,0.5,1.0,relcount,-1
AABBBBBB,abscount,N,,,,4,2,6,6,0.5,1.0,likelihood_ration,-1
AABBBBBB,snr,B,1.5,0.0,3,4,2,6,6,0.5,1.0,information,1
AABBBBBB,snr,B,1.5,0.0,3,4,2,6,6,0.5,1.0,gating_g04,0
AABBBBBB,snr,B,1.5,0.0,3,4,2,6,6,0.5,1.0,relcount,0
AABBBBBB,snr,B,1.5,0.0,3,4,2,6,6,0.5,1.0,blca_l10_k01_wi01_leak01_beta01,1
AABBBBBB,snr,B,1.5,0.0,3,4,2,6,6,0.5,1.0,naive,0
AABBBBBB,snr,B,1.5,0.0,3,4,2,6,6,0.5,1.0,lba_k01_d01,0
AABBBBBB,snr,B,1.5,0.0,3,4,2,6,6,0.5,1.0,abscount,0
AABBBBBB,snr,B,1.5,0.0,3,4,2,6,6,0.5,1.0,likelihood_ration,0
AABBBBBB,blca_l10_k01_wi01_leak01_beta01,B,1.98,-0.98,1,4,2,6,6,0.5,1.0,information,1
AABBBBBB,blca_l10_k01_wi01_leak01_beta01,B,1.98,-0.98,1,4,2,6,6,0.5,1.0,snr,1
AABBBBBB,blca_l10_k01_wi01_leak01_beta01,B,1.98,-0.98,1,4,2,6,6,0.5,1.0,relcount,0
AABBBBBB,blca_l10_k01_wi01_leak01_beta01,B,1.98,-0.98,1,4,2,6,6,0.5,1.0,gating_g04,0
AABBBBBB,blca_l10_k01_wi01_leak01_beta01,B,1.98,-0.98,1,4,2,6,6,0.5,1.0,naive,0
AABBBBBB,blca_l10_k01_wi01_leak01_beta01,B,1.98,-0.98,1,4,2,6,6,0.5,1.0,lba_k01_d01,0
AABBBBBB,blca_l10_k01_wi01_leak01_beta01,B,1.98,-0.98,1,4,2,6,6,0.5,1.0,abscount,0
AABBBBBB,blca_l10_k01_wi01_leak01_beta01,B,1.98,-0.98,1,4,2,6,6,0.5,1.0,likelihood_ration,0
AABBBBBB,gating_g04,N,,,,4,2,6,6,0.5,1.0,information,0
AABBBBBB,gating_g04,N,,,,4,2,6,6,0.5,1.0,snr,0
AABBBBBB,gating_g04,N,,,,4,2,6,6,0.5,1.0,relcount,-1
AABBBBBB,gating_g04,N,,,,4,2,6,6,0.5,1.0,blca_l10_k01_wi01_leak01_beta01,0
AABBBBBB,gating_g04,N,,,,4,2,6,6,0.5,1.0,naive,0
AABBBBBB,gating_g04,N,,,,4,2,6,6,0.5,1.0,lba_k01_d01,0
AABBBBBB,gating_g04,N,,,,4,2,6,6,0.5,1.0,abscount,-1
AABBBBBB,gating_g04,N,,,,4,2,6,6,0.5,1.0,likelihood_ration,-1
AABBBBBB,relcount,N,,,,4,2,6,6,0.5,1.0,information,0
AABBBBBB,relcount,N,,,,4,2,6,6,0.5,1.0,snr,0
AABBBBBB,relcount,N,,,,4,2,6,6,0.5,1.0,gating_g04,-1
AABBBBBB,relcount,N,,,,4,2,6,6,0.5,1.0,blca_l10_k01_wi01_leak01_beta01,0
AABBBBBB,relcount,N,,,,4,2,6,6,0.5,1.0,naive,0
AABBBBBB,relcount,N,,,,4,2,6,6,0.5,1.0,lba_k01_d01,0
AABBBBBB,relcount,N,,,,4,2,6,6,0.5,1.0,abscount,-1
AABBBBBB,relcount,N,,,,4,2,6,6,0.5,1.0,likelihood_ration,-1
AABBBBBB,likelihood_ration,N,,,,4,2,6,6,0.5,1.0,information,0
AABBBBBB,likelihood_ration,N,,,,4,2,6,6,0.5,1.0,relcount,-1
AABBBBBB,likelihood_ration,N,,,,4,2,6,6,0.5,1.0,snr,0
AABBBBBB,likelihood_ration,N,,,,4,2,6,6,0.5,1.0,gating_g04,-1
AABBBBBB,likelihood_ration,N,,,,4,2,6,6,0.5,1.0,blca_l10_k01_wi01_leak01_beta01,0
AABBBBBB,likelihood_ration,N,,,,4,2,6,6,0.5,1.0,naive,0
AABBBBBB,likelihood_ration,N,,,,4,2,6,6,0.5,1.0,lba_k01_d01,0
AABBBBBB,likelihood_ration,N,,,,4,2,6,6,0.5,1.0,abscount,-1
AABBAAAB,information,N,,,,3,5,3,5,0.5,0.75,relcount,-1
AABBAAAB,information,N,,,,3,5,3,5,0.5,0.75,snr,0
AABBAAAB,information,N,,,,3,5,3,5,0.5,0.75,gating_g04,-1
AABBAAAB,information,N,,,,3,5,3,5,0.5,0.75,blca_l10_k01_wi01_leak01_beta01,0
AABBAAAB,information,N,,,,3,5,3,5,0.5,0.75,naive,0
AABBAAAB,information,N,,,,3,5,3,5,0.5,0.75,lba_k01_d01,0
AABBAAAB,information,N,,,,3,5,3,5,0.5,0.75,abscount,-1
AABBAAAB,information,N,,,,3,5,3,5,0.5,0.75,likelihood_ration,0
AABBAAAB,naive,A,0.75,0,1,3,5,3,5,0.5,0.75,information,0
AABBAAAB,naive,A,0.75,0,1,3,5,3,5,0.5,0.75,snr,0
AABBAAAB,naive,A,0.75,0,1,3,5,3,5,0.5,0.75,relcount,0
AABBAAAB,naive,A,0.75,0,1,3,5,3,5,0.5,0.75,blca_l10_k01_wi01_leak01_beta01,0
AABBAAAB,naive,A,0.75,0,1,3,5,3,5,0.5,0.75,gating_g04,0
AABBAAAB,naive,A,0.75,0,1,3,5,3,5,0.5,0.75,lba_k01_d01,1
AABBAAAB,naive,A,0.75,0,1,3,5,3,5,0.5,0.75,abscount,0
AABBAAAB,naive,A,0.75,0,1,3,5,3,5,0.5,0.75,likelihood_ration,1
AABBAAAB,lba_k01_d01,A,0.8,0.1,7,3,5,3,5,0.5,0.75,information,0
AABBAAAB,lba_k01_d01,A,0.8,0.1,7,3,5,3,5,0.5,0.75,relcount,0
AABBAAAB,lba_k01_d01,A,0.8,0.1,7,3,5,3,5,0.5,0.75,snr,0
AABBAAAB,lba_k01_d01,A,0.8,0.1,7,3,5,3,5,0.5,0.75,gating_g04,0
AABBAAAB,lba_k01_d01,A,0.8,0.1,7,3,5,3,5,0.5,0.75,blca_l10_k01_wi01_leak01_beta01,0
AABBAAAB,lba_k01_d01,A,0.8,0.1,7,3,5,3,5,0.5,0.75,naive,1
AABBAAAB,lba_k01_d01,A,0.8,0.1,7,3,5,3,5,0.5,0.75,abscount,0
AABBAAAB,lba_k01_d01,A,0.8,0.1,7,3,5,3,5,0.5,0.75,likelihood_ration,1
AABBAAAB,abscount,N,,,,3,5,3,5,0.5,0.75,information,-1
AABBAAAB,abscount,N,,,,3,5,3,5,0.5,0.75,snr,0
AABBAAAB,abscount,N,,,,3,5,3,5,0.5,0.75,gating_g04,-1
AABBAAAB,abscount,N,,,,3,5,3,5,0.5,0.75,blca_l10_k01_wi01_leak01_beta01,0
AABBAAAB,abscount,N,,,,3,5,3,5,0.5,0.75,naive,0
AABBAAAB,abscount,N,,,,3,5,3,5,0.5,0.75,lba_k01_d01,0
AABBAAAB,abscount,N,,,,3,5,3,5,0.5,0.75,relcount,-1
AABBAAAB,abscount,N,,,,3,5,3,5,0.5,0.75,likelihood_ration,0
AABBAAAB,snr,B,1.5,0.0,3,3,5,3,5,0.5,0.75,information,0
AABBAAAB,snr,B,1.5,0.0,3,3,5,3,5,0.5,0.75,gating_g04,0
AABBAAAB,snr,B,1.5,0.0,3,3,5,3,5,0.5,0.75,relcount,0
AABBAAAB,snr,B,1.5,0.0,3,3,5,3,5,0.5,0.75,blca_l10_k01_wi01_leak01_beta01,1
AABBAAAB,snr,B,1.5,0.0,3,3,5,3,5,0.5,0.75,naive,0
AABBAAAB,snr,B,1.5,0.0,3,3,5,3,5,0.5,0.75,lba_k01_d01,0
AABBAAAB,snr,B,1.5,0.0,3,3,5,3,5,0.5,0.75,abscount,0
AABBAAAB,snr,B,1.5,0.0,3,3,5,3,5,0.5,0.75,likelihood_ration,0
AABBAAAB,blca_l10_k01_wi01_leak01_beta01,B,1.98,-0.98,1,3,5,3,5,0.5,0.75,information,0
AABBAAAB,blca_l10_k01_wi01_leak01_beta01,B,1.98,-0.98,1,3,5,3,5,0.5,0.75,snr,1
AABBAAAB,blca_l10_k01_wi01_leak01_beta01,B,1.98,-0.98,1,3,5,3,5,0.5,0.75,relcount,0
AABBAAAB,blca_l10_k01_wi01_leak01_beta01,B,1.98,-0.98,1,3,5,3,5,0.5,0.75,gating_g04,0
AABBAAAB,blca_l10_k01_wi01_leak01_beta01,B,1.98,-0.98,1,3,5,3,5,0.5,0.75,naive,0
AABBAAAB,blca_l10_k01_wi01_leak01_beta01,B,1.98,-0.98,1,3,5,3,5,0.5,0.75,lba_k01_d01,0
AABBAAAB,blca_l10_k01_wi01_leak01_beta01,B,1.98,-0.98,1,3,5,3,5,0.5,0.75,abscount,0
AABBAAAB,blca_l10_k01_wi01_leak01_beta01,B,1.98,-0.98,1,3,5,3,5,0.5,0.75,likelihood_ration,0
AABBAAAB,gating_g04,N,,,,3,5,3,5,0.5,0.75,information,-1
AABBAAAB,gating_g04,N,,,,3,5,3,5,0.5,0.75,snr,0
AABBAAAB,gating_g04,N,,,,3,5,3,5,0.5,0.75,relcount,-1
AABBAAAB,gating_g04,N,,,,3,5,3,5,0.5,0.75,blca_l10_k01_wi01_leak01_beta01,0
AABBAAAB,gating_g04,N,,,,3,5,3,5,0.5,0.75,naive,0
AABBAAAB,gating_g04,N,,,,3,5,3,5,0.5,0.75,lba_k01_d01,0
AABBAAAB,gating_g04,N,,,,3,5,3,5,0.5,0.75,abscount,-1
AABBAAAB,gating_g04,N,,,,3,5,3,5,0.5,0.75,likelihood_ration,0
AABBAAAB,relcount,N,,,,3,5,3,5,0.5,0.75,information,-1
AABBAAAB,relcount,N,,,,3,5,3,5,0.5,0.75,snr,0
AABBAAAB,relcount,N,,,,3,5,3,5,0.5,0.75,gating_g04,-1
AABBAAAB,relcount,N,,,,3,5,3,5,0.5,0.75,blca_l10_k01_wi01_leak01_beta01,0
AABBAAAB,relcount,N,,,,3,5,3,5,0.5,0.75,naive,0
AABBAAAB,relcount,N,,,,3,5,3,5,0.5,0.75,lba_k01_d01,0
AABBAAAB,relcount,N,,,,3,5,3,5,0.5,0.75,abscount,-1
AABBAAAB,relcount,N,,,,3,5,3,5,0.5,0.75,likelihood_ration,0
AABBAAAB,likelihood_ration,A,1.39794000867,0,8,3,5,3,5,0.5,0.75,information,0
AABBAAAB,likelihood_ration,A,1.39794000867,0,8,3,5,3,5,0.5,0.75,relcount,0
AABBAAAB,likelihood_ration,A,1.39794000867,0,8,3,5,3,5,0.5,0.75,snr,0
AABBAAAB,likelihood_ration,A,1.39794000867,0,8,3,5,3,5,0.5,0.75,gating_g04,0
AABBAAAB,likelihood_ration,A,1.39794000867,0,8,3,5,3,5,0.5,0.75,blca_l10_k01_wi01_leak01_beta01,0
AABBAAAB,likelihood_ration,A,1.39794000867,0,8,3,5,3,5,0.5,0.75,naive,1
AABBAAAB,likelihood_ration,A,1.39794000867,0,8,3,5,3,5,0.5,0.75,lba_k01_d01,1
AABBAAAB,likelihood_ration,A,1.39794000867,0,8,3,5,3,5,0.5,0.75,abscount,0
AAAAAAAB,information,A,0.75,0.0,4,3,7,1,7,1.0,0.75,relcount,1
AAAAAAAB,information,A,0.75,0.0,4,3,7,1,7,1.0,0.75,snr,0
AAAAAAAB,information,A,0.75,0.0,4,3,7,1,7,1.0,0.75,gating_g04,0
AAAAAAAB,information,A,0.75,0.0,4,3,7,1,7,1.0,0.75,blca_l10_k01_wi01_leak01_beta01,0
AAAAAAAB,information,A,0.75,0.0,4,3,7,1,7,1.0,0.75,naive,1
AAAAAAAB,information,A,0.75,0.0,4,3,7,1,7,1.0,0.75,lba_k01_d01,1
AAAAAAAB,information,A,0.75,0.0,4,3,7,1,7,1.0,0.75,abscount,1
AAAAAAAB,information,A,0.75,0.0,4,3,7,1,7,1.0,0.75,likelihood_ration,0
AAAAAAAB,naive,A,0.75,0,1,3,7,1,7,1.0,0.75,information,1
AAAAAAAB,naive,A,0.75,0,1,3,7,1,7,1.0,0.75,snr,0
AAAAAAAB,naive,A,0.75,0,1,3,7,1,7,1.0,0.75,relcount,1
AAAAAAAB,naive,A,0.75,0,1,3,7,1,7,1.0,0.75,blca_l10_k01_wi01_leak01_beta01,0
AAAAAAAB,naive,A,0.75,0,1,3,7,1,7,1.0,0.75,gating_g04,0
AAAAAAAB,naive,A,0.75,0,1,3,7,1,7,1.0,0.75,lba_k01_d01,1
AAAAAAAB,naive,A,0.75,0,1,3,7,1,7,1.0,0.75,abscount,1
AAAAAAAB,naive,A,0.75,0,1,3,7,1,7,1.0,0.75,likelihood_ration,0
AAAAAAAB,lba_k01_d01,A,0.8,0.1,7,3,7,1,7,1.0,0.75,information,1
AAAAAAAB,lba_k01_d01,A,0.8,0.1,7,3,7,1,7,1.0,0.75,relcount,1
AAAAAAAB,lba_k01_d01,A,0.8,0.1,7,3,7,1,7,1.0,0.75,snr,0
AAAAAAAB,lba_k01_d01,A,0.8,0.1,7,3,7,1,7,1.0,0.75,gating_g04,0
AAAAAAAB,lba_k01_d01,A,0.8,0.1,7,3,7,1,7,1.0,0.75,blca_l10_k01_wi01_leak01_beta01,0
AAAAAAAB,lba_k01_d01,A,0.8,0.1,7,3,7,1,7,1.0,0.75,naive,1
AAAAAAAB,lba_k01_d01,A,0.8,0.1,7,3,7,1,7,1.0,0.75,abscount,1
AAAAAAAB,lba_k01_d01,A,0.8,0.1,7,3,7,1,7,1.0,0.75,likelihood_ration,0
AAAAAAAB,abscount,A,0.75,0.0,6,3,7,1,7,1.0,0.75,information,1
AAAAAAAB,abscount,A,0.75,0.0,6,3,7,1,7,1.0,0.75,snr,0
AAAAAAAB,abscount,A,0.75,0.0,6,3,7,1,7,1.0,0.75,gating_g04,0
AAAAAAAB,abscount,A,0.75,0.0,6,3,7,1,7,1.0,0.75,blca_l10_k01_wi01_leak01_beta01,0
AAAAAAAB,abscount,A,0.75,0.0,6,3,7,1,7,1.0,0.75,naive,1
AAAAAAAB,abscount,A,0.75,0.0,6,3,7,1,7,1.0,0.75,lba_k01_d01,1
AAAAAAAB,abscount,A,0.75,0.0,6,3,7,1,7,1.0,0.75,relcount,1
AAAAAAAB,abscount,A,0.75,0.0,6,3,7,1,7,1.0,0.75,likelihood_ration,0
AAAAAAAB,snr,B,1.14285714286,0.0,8,3,7,1,7,1.0,0.75,information,0
AAAAAAAB,snr,B,1.14285714286,0.0,8,3,7,1,7,1.0,0.75,gating_g04,0
AAAAAAAB,snr,B,1.14285714286,0.0,8,3,7,1,7,1.0,0.75,relcount,0
AAAAAAAB,snr,B,1.14285714286,0.0,8,3,7,1,7,1.0,0.75,blca_l10_k01_wi01_leak01_beta01,1
AAAAAAAB,snr,B,1.14285714286,0.0,8,3,7,1,7,1.0,0.75,naive,0
AAAAAAAB,snr,B,1.14285714286,0.0,8,3,7,1,7,1.0,0.75,lba_k01_d01,0
AAAAAAAB,snr,B,1.14285714286,0.0,8,3,7,1,7,1.0,0.75,abscount,0
AAAAAAAB,snr,B,1.14285714286,0.0,8,3,7,1,7,1.0,0.75,likelihood_ration,0
AAAAAAAB,blca_l10_k01_wi01_leak01_beta01,B,1.98,-0.98,1,3,7,1,7,1.0,0.75,information,0
AAAAAAAB,blca_l10_k01_wi01_leak01_beta01,B,1.98,-0.98,1,3,7,1,7,1.0,0.75,snr,1
AAAAAAAB,blca_l10_k01_wi01_leak01_beta01,B,1.98,-0.98,1,3,7,1,7,1.0,0.75,relcount,0
AAAAAAAB,blca_l10_k01_wi01_leak01_beta01,B,1.98,-0.98,1,3,7,1,7,1.0,0.75,gating_g04,0
AAAAAAAB,blca_l10_k01_wi01_leak01_beta01,B,1.98,-0.98,1,3,7,1,7,1.0,0.75,naive,0
AAAAAAAB,blca_l10_k01_wi01_leak01_beta01,B,1.98,-0.98,1,3,7,1,7,1.0,0.75,lba_k01_d01,0
AAAAAAAB,blca_l10_k01_wi01_leak01_beta01,B,1.98,-0.98,1,3,7,1,7,1.0,0.75,abscount,0
AAAAAAAB,blca_l10_k01_wi01_leak01_beta01,B,1.98,-0.98,1,3,7,1,7,1.0,0.75,likelihood_ration,0
AAAAAAAB,gating_g04,N,,,,3,7,1,7,1.0,0.75,information,0
AAAAAAAB,gating_g04,N,,,,3,7,1,7,1.0,0.75,snr,0
AAAAAAAB,gating_g04,N,,,,3,7,1,7,1.0,0.75,relcount,0
AAAAAAAB,gating_g04,N,,,,3,7,1,7,1.0,0.75,blca_l10_k01_wi01_leak01_beta01,0
AAAAAAAB,gating_g04,N,,,,3,7,1,7,1.0,0.75,naive,0
AAAAAAAB,gating_g04,N,,,,3,7,1,7,1.0,0.75,lba_k01_d01,0
AAAAAAAB,gating_g04,N,,,,3,7,1,7,1.0,0.75,abscount,0
AAAAAAAB,gating_g04,N,,,,3,7,1,7,1.0,0.75,likelihood_ration,-1
AAAAAAAB,relcount,A,0.875,0.125,8,3,7,1,7,1.0,0.75,information,1
AAAAAAAB,relcount,A,0.875,0.125,8,3,7,1,7,1.0,0.75,snr,0
AAAAAAAB,relcount,A,0.875,0.125,8,3,7,1,7,1.0,0.75,gating_g04,0
AAAAAAAB,relcount,A,0.875,0.125,8,3,7,1,7,1.0,0.75,blca_l10_k01_wi01_leak01_beta01,0
AAAAAAAB,relcount,A,0.875,0.125,8,3,7,1,7,1.0,0.75,naive,1
AAAAAAAB,relcount,A,0.875,0.125,8,3,7,1,7,1.0,0.75,lba_k01_d01,1
AAAAAAAB,relcount,A,0.875,0.125,8,3,7,1,7,1.0,0.75,abscount,1
AAAAAAAB,relcount,A,0.875,0.125,8,3,7,1,7,1.0,0.75,likelihood_ration,0
AAAAAAAB,likelihood_ration,N,,,,3,7,1,7,1.0,0.75,information,0
AAAAAAAB,likelihood_ration,N,,,,3,7,1,7,1.0,0.75,relcount,0
AAAAAAAB,likelihood_ration,N,,,,3,7,1,7,1.0,0.75,snr,0
AAAAAAAB,likelihood_ration,N,,,,3,7,1,7,1.0,0.75,gating_g04,-1
AAAAAAAB,likelihood_ration,N,,,,3,7,1,7,1.0,0.75,blca_l10_k01_wi01_leak01_beta01,0
AAAAAAAB,likelihood_ration,N,,,,3,7,1,7,1.0,0.75,naive,0
AAAAAAAB,likelihood_ration,N,,,,3,7,1,7,1.0,0.75,lba_k01_d01,0
AAAAAAAB,likelihood_ration,N,,,,3,7,1,7,1.0,0.75,abscount,0
ABBBABBB,information,B,1.125,0.375,8,2,2,6,6,0.75,0.75,relcount,0
ABBBABBB,information,B,1.125,0.375,8,2,2,6,6,0.75,0.75,snr,1
ABBBABBB,information,B,1.125,0.375,8,2,2,6,6,0.75,0.75,gating_g04,0
ABBBABBB,information,B,1.125,0.375,8,2,2,6,6,0.75,0.75,blca_l10_k01_wi01_leak01_beta01,1
ABBBABBB,information,B,1.125,0.375,8,2,2,6,6,0.75,0.75,naive,1
ABBBABBB,information,B,1.125,0.375,8,2,2,6,6,0.75,0.75,lba_k01_d01,0
ABBBABBB,information,B,1.125,0.375,8,2,2,6,6,0.75,0.75,abscount,0
ABBBABBB,information,B,1.125,0.375,8,2,2,6,6,0.75,0.75,likelihood_ration,1
ABBBABBB,naive,B,0.75,0,2,2,2,6,6,0.75,0.75,information,1
ABBBABBB,naive,B,0.75,0,2,2,2,6,6,0.75,0.75,snr,1
ABBBABBB,naive,B,0.75,0,2,2,2,6,6,0.75,0.75,relcount,0
ABBBABBB,naive,B,0.75,0,2,2,2,6,6,0.75,0.75,blca_l10_k01_wi01_leak01_beta01,1
ABBBABBB,naive,B,0.75,0,2,2,2,6,6,0.75,0.75,gating_g04,0
ABBBABBB,naive,B,0.75,0,2,2,2,6,6,0.75,0.75,lba_k01_d01,0
ABBBABBB,naive,B,0.75,0,2,2,2,6,6,0.75,0.75,abscount,0
ABBBABBB,naive,B,0.75,0,2,2,2,6,6,0.75,0.75,likelihood_ration,1
ABBBABBB,lba_k01_d01,A,0.8,0.1,7,2,2,6,6,0.75,0.75,information,0
ABBBABBB,lba_k01_d01,A,0.8,0.1,7,2,2,6,6,0.75,0.75,relcount,0
ABBBABBB,lba_k01_d01,A,0.8,0.1,7,2,2,6,6,0.75,0.75,snr,0
ABBBABBB,lba_k01_d01,A,0.8,0.1,7,2,2,6,6,0.75,0.75,gating_g04,0
ABBBABBB,lba_k01_d01,A,0.8,0.1,7,2,2,6,6,0.75,0.75,blca_l10_k01_wi01_leak01_beta01,0
ABBBABBB,lba_k01_d01,A,0.8,0.1,7,2,2,6,6,0.75,0.75,naive,0
ABBBABBB,lba_k01_d01,A,0.8,0.1,7,2,2,6,6,0.75,0.75,abscount,0
ABBBABBB,lba_k01_d01,A,0.8,0.1,7,2,2,6,6,0.75,0.75,likelihood_ration,0
ABBBABBB,abscount,N,,,,2,2,6,6,0.75,0.75,information,0
ABBBABBB,abscount,N,,,,2,2,6,6,0.75,0.75,snr,0
ABBBABBB,abscount,N,,,,2,2,6,6,0.75,0.75,gating_g04,-1
ABBBABBB,abscount,N,,,,2,2,6,6,0.75,0.75,blca_l10_k01_wi01_leak01_beta01,0
ABBBABBB,abscount,N,,,,2,2,6,6,0.75,0.75,naive,0
ABBBABBB,abscount,N,,,,2,2,6,6,0.75,0.75,lba_k01_d01,0
ABBBABBB,abscount,N,,,,2,2,6,6,0.75,0.75,relcount,-1
ABBBABBB,abscount,N,,,,2,2,6,6,0.75,0.75,likelihood_ration,0
ABBBABBB,snr,B,2.0,0.0,2,2,2,6,6,0.75,0.75,information,1
ABBBABBB,snr,B,2.0,0.0,2,2,2,6,6,0.75,0.75,gating_g04,0
ABBBABBB,snr,B,2.0,0.0,2,2,2,6,6,0.75,0.75,relcount,0
ABBBABBB,snr,B,2.0,0.0,2,2,2,6,6,0.75,0.75,blca_l10_k01_wi01_leak01_beta01,1
ABBBABBB,snr,B,2.0,0.0,2,2,2,6,6,0.75,0.75,naive,1
ABBBABBB,snr,B,2.0,0.0,2,2,2,6,6,0.75,0.75,lba_k01_d01,0
ABBBABBB,snr,B,2.0,0.0,2,2,2,6,6,0.75,0.75,abscount,0
ABBBABBB,snr,B,2.0,0.0,2,2,2,6,6,0.75,0.75,likelihood_ration,1
ABBBABBB,blca_l10_k01_wi01_leak01_beta01,B,1.98,-0.98,1,2,2,6,6,0.75,0.75,information,1
ABBBABBB,blca_l10_k01_wi01_leak01_beta01,B,1.98,-0.98,1,2,2,6,6,0.75,0.75,snr,1
ABBBABBB,blca_l10_k01_wi01_leak01_beta01,B,1.98,-0.98,1,2,2,6,6,0.75,0.75,relcount,0
ABBBABBB,blca_l10_k01_wi01_leak01_beta01,B,1.98,-0.98,1,2,2,6,6,0.75,0.75,gating_g04,0
ABBBABBB,blca_l10_k01_wi01_leak01_beta01,B,1.98,-0.98,1,2,2,6,6,0.75,0.75,naive,1
ABBBABBB,blca_l10_k01_wi01_leak01_beta01,B,1.98,-0.98,1,2,2,6,6,0.75,0.75,lba_k01_d01,0
ABBBABBB,blca_l10_k01_wi01_leak01_beta01,B,1.98,-0.98,1,2,2,6,6,0.75,0.75,abscount,0
ABBBABBB,blca_l10_k01_wi01_leak01_beta01,B,1.98,-0.98,1,2,2,6,6,0.75,0.75,likelihood_ration,1
ABBBABBB,gating_g04,N,,,,2,2,6,6,0.75,0.75,information,0
ABBBABBB,gating_g04,N,,,,2,2,6,6,0.75,0.75,snr,0
ABBBABBB,gating_g04,N,,,,2,2,6,6,0.75,0.75,relcount,-1
ABBBABBB,gating_g04,N,,,,2,2,6,6,0.75,0.75,blca_l10_k01_wi01_leak01_beta01,0
ABBBABBB,gating_g04,N,,,,2,2,6,6,0.75,0.75,naive,0
ABBBABBB,gating_g04,N,,,,2,2,6,6,0.75,0.75,lba_k01_d01,0
ABBBABBB,gating_g04,N,,,,2,2,6,6,0.75,0.75,abscount,-1
ABBBABBB,gating_g04,N,,,,2,2,6,6,0.75,0.75,likelihood_ration,0
ABBBABBB,relcount,N,,,,2,2,6,6,0.75,0.75,information,0
ABBBABBB,relcount,N,,,,2,2,6,6,0.75,0.75,snr,0
ABBBABBB,relcount,N,,,,2,2,6,6,0.75,0.75,gating_g04,-1
ABBBABBB,relcount,N,,,,2,2,6,6,0.75,0.75,blca_l10_k01_wi01_leak01_beta01,0
ABBBABBB,relcount,N,,,,2,2,6,6,0.75,0.75,naive,0
ABBBABBB,relcount,N,,,,2,2,6,6,0.75,0.75,lba_k01_d01,0
ABBBABBB,relcount,N,,,,2,2,6,6,0.75,0.75,abscount,-1
ABBBABBB,relcount,N,,,,2,2,6,6,0.75,0.75,likelihood_ration,0
ABBBABBB,likelihood_ration,B,-1.65321251378,0,7,2,2,6,6,0.75,0.75,information,1
ABBBABBB,likelihood_ration,B,-1.65321251378,0,7,2,2,6,6,0.75,0.75,relcount,0
ABBBABBB,likelihood_ration,B,-1.65321251378,0,7,2,2,6,6,0.75,0.75,snr,1
ABBBABBB,likelihood_ration,B,-1.65321251378,0,7,2,2,6,6,0.75,0.75,gating_g04,0
ABBBABBB,likelihood_ration,B,-1.65321251378,0,7,2,2,6,6,0.75,0.75,blca_l10_k01_wi01_leak01_beta01,1
ABBBABBB,likelihood_ration,B,-1.65321251378,0,7,2,2,6,6,0.75,0.75,naive,1
ABBBABBB,likelihood_ration,B,-1.65321251378,0,7,2,2,6,6,0.75,0.75,lba_k01_d01,0
ABBBABBB,likelihood_ration,B,-1.65321251378,0,7,2,2,6,6,0.75,0.75,abscount,0
ABBBABBA,information,N,,,,3,3,5,5,0.75,0.5,relcount,-1
ABBBABBA,information,N,,,,3,3,5,5,0.75,0.5,snr,0
ABBBABBA,information,N,,,,3,3,5,5,0.75,0.5,gating_g04,-1
ABBBABBA,information,N,,,,3,3,5,5,0.75,0.5,blca_l10_k01_wi01_leak01_beta01,0
ABBBABBA,information,N,,,,3,3,5,5,0.75,0.5,naive,0
ABBBABBA,information,N,,,,3,3,5,5,0.75,0.5,lba_k01_d01,0
ABBBABBA,information,N,,,,3,3,5,5,0.75,0.5,abscount,-1
ABBBABBA,information,N,,,,3,3,5,5,0.75,0.5,likelihood_ration,0
ABBBABBA,naive,B,0.75,0,2,3,3,5,5,0.75,0.5,information,0
ABBBABBA,naive,B,0.75,0,2,3,3,5,5,0.75,0.5,snr,1
ABBBABBA,naive,B,0.75,0,2,3,3,5,5,0.75,0.5,relcount,0
ABBBABBA,naive,B,0.75,0,2,3,3,5,5,0.75,0.5,blca_l10_k01_wi01_leak01_beta01,1
ABBBABBA,naive,B,0.75,0,2,3,3,5,5,0.75,0.5,gating_g04,0
ABBBABBA,naive,B,0.75,0,2,3,3,5,5,0.75,0.5,lba_k01_d01,0
ABBBABBA,naive,B,0.75,0,2,3,3,5,5,0.75,0.5,abscount,0
ABBBABBA,naive,B,0.75,0,2,3,3,5,5,0.75,0.5,likelihood_ration,1
ABBBABBA,lba_k01_d01,A,0.8,0.1,7,3,3,5,5,0.75,0.5,information,0
ABBBABBA,lba_k01_d01,A,0.8,0.1,7,3,3,5,5,0.75,0.5,relcount,0
ABBBABBA,lba_k01_d01,A,0.8,0.1,7,3,3,5,5,0.75,0.5,snr,0
ABBBABBA,lba_k01_d01,A,0.8,0.1,7,3,3,5,5,0.75,0.5,gating_g04,0
ABBBABBA,lba_k01_d01,A,0.8,0.1,7,3,3,5,5,0.75,0.5,blca_l10_k01_wi01_leak01_beta01,0
ABBBABBA,lba_k01_d01,A,0.8,0.1,7,3,3,5,5,0.75,0.5,naive,0
ABBBABBA,lba_k01_d01,A,0.8,0.1,7,3,3,5,5,0.75,0.5,abscount,0
ABBBABBA,lba_k01_d01,A,0.8,0.1,7,3,3,5,5,0.75,0.5,likelihood_ration,0
ABBBABBA,abscount,N,,,,3,3,5,5,0.75,0.5,information,-1
ABBBABBA,abscount,N,,,,3,3,5,5,0.75,0.5,snr,0
ABBBABBA,abscount,N,,,,3,3,5,5,0.75,0.5,gating_g04,-1
ABBBABBA,abscount,N,,,,3,3,5,5,0.75,0.5,blca_l10_k01_wi01_leak01_beta01,0
ABBBABBA,abscount,N,,,,3,3,5,5,0.75,0.5,naive,0
ABBBABBA,abscount,N,,,,3,3,5,5,0.75,0.5,lba_k01_d01,0
ABBBABBA,abscount,N,,,,3,3,5,5,0.75,0.5,relcount,-1
ABBBABBA,abscount,N,,,,3,3,5,5,0.75,0.5,likelihood_ration,0
ABBBABBA,snr,B,2.0,0.0,2,3,3,5,5,0.75,0.5,information,0
ABBBABBA,snr,B,2.0,0.0,2,3,3,5,5,0.75,0.5,gating_g04,0
ABBBABBA,snr,B,2.0,0.0,2,3,3,5,5,0.75,0.5,relcount,0
ABBBABBA,snr,B,2.0,0.0,2,3,3,5,5,0.75,0.5,blca_l10_k01_wi01_leak01_beta01,1
ABBBABBA,snr,B,2.0,0.0,2,3,3,5,5,0.75,0.5,naive,1
ABBBABBA,snr,B,2.0,0.0,2,3,3,5,5,0.75,0.5,lba_k01_d01,0
ABBBABBA,snr,B,2.0,0.0,2,3,3,5,5,0.75,0.5,abscount,0
ABBBABBA,snr,B,2.0,0.0,2,3,3,5,5,0.75,0.5,likelihood_ration,1
ABBBABBA,blca_l10_k01_wi01_leak01_beta01,B,1.98,-0.98,1,3,3,5,5,0.75,0.5,information,0
ABBBABBA,blca_l10_k01_wi01_leak01_beta01,B,1.98,-0.98,1,3,3,5,5,0.75,0.5,snr,1
ABBBABBA,blca_l10_k01_wi01_leak01_beta01,B,1.98,-0.98,1,3,3,5,5,0.75,0.5,relcount,0
ABBBABBA,blca_l10_k01_wi01_leak01_beta01,B,1.98,-0.98,1,3,3,5,5,0.75,0.5,gating_g04,0
ABBBABBA,blca_l10_k01_wi01_leak01_beta01,B,1.98,-0.98,1,3,3,5,5,0.75,0.5,naive,1
ABBBABBA,blca_l10_k01_wi01_leak01_beta01,B,1.98,-0.98,1,3,3,5,5,0.75,0.5,lba_k01_d01,0
ABBBABBA,blca_l10_k01_wi01_leak01_beta01,B,1.98,-0.98,1,3,3,5,5,0.75,0.5,abscount,0
ABBBABBA,blca_l10_k01_wi01_leak01_beta01,B,1.98,-0.98,1,3,3,5,5,0.75,0.5,likelihood_ration,1
ABBBABBA,gating_g04,N,,,,3,3,5,5,0.75,0.5,information,-1
ABBBABBA,gating_g04,N,,,,3,3,5,5,0.75,0.5,snr,0
ABBBABBA,gating_g04,N,,,,3,3,5,5,0.75,0.5,relcount,-1
ABBBABBA,gating_g04,N,,,,3,3,5,5,0.75,0.5,blca_l10_k01_wi01_leak01_beta01,0
ABBBABBA,gating_g04,N,,,,3,3,5,5,0.75,0.5,naive,0
ABBBABBA,gating_g04,N,,,,3,3,5,5,0.75,0.5,lba_k01_d01,0
ABBBABBA,gating_g04,N,,,,3,3,5,5,0.75,0.5,abscount,-1
ABBBABBA,gating_g04,N,,,,3,3,5,5,0.75,0.5,likelihood_ration,0
ABBBABBA,relcount,N,,,,3,3,5,5,0.75,0.5,information,-1
ABBBABBA,relcount,N,,,,3,3,5,5,0.75,0.5,snr,0
ABBBABBA,relcount,N,,,,3,3,5,5,0.75,0.5,gating_g04,-1
ABBBABBA,relcount,N,,,,3,3,5,5,0.75,0.5,blca_l10_k01_wi01_leak01_beta01,0
ABBBABBA,relcount,N,,,,3,3,5,5,0.75,0.5,naive,0
ABBBABBA,relcount,N,,,,3,3,5,5,0.75,0.5,lba_k01_d01,0
ABBBABBA,relcount,N,,,,3,3,5,5,0.75,0.5,abscount,-1
ABBBABBA,relcount,N,,,,3,3,5,5,0.75,0.5,likelihood_ration,0
ABBBABBA,likelihood_ration,B,-1.65321251378,0,7,3,3,5,5,0.75,0.5,information,0
ABBBABBA,likelihood_ration,B,-1.65321251378,0,7,3,3,5,5,0.75,0.5,relcount,0
ABBBABBA,likelihood_ration,B,-1.65321251378,0,7,3,3,5,5,0.75,0.5,snr,1
ABBBABBA,likelihood_ration,B,-1.65321251378,0,7,3,3,5,5,0.75,0.5,gating_g04,0
ABBBABBA,likelihood_ration,B,-1.65321251378,0,7,3,3,5,5,0.75,0.5,blca_l10_k01_wi01_leak01_beta01,1
ABBBABBA,likelihood_ration,B,-1.65321251378,0,7,3,3,5,5,0.75,0.5,naive,1
ABBBABBA,likelihood_ration,B,-1.65321251378,0,7,3,3,5,5,0.75,0.5,lba_k01_d01,0
ABBBABBA,likelihood_ration,B,-1.65321251378,0,7,3,3,5,5,0.75,0.5,abscount,0
AABBABBA,information,N,,,,4,4,4,4,0.5,0.5,relcount,-1
AABBABBA,information,N,,,,4,4,4,4,0.5,0.5,snr,0
AABBABBA,information,N,,,,4,4,4,4,0.5,0.5,gating_g04,-1
AABBABBA,information,N,,,,4,4,4,4,0.5,0.5,blca_l10_k01_wi01_leak01_beta01,0
AABBABBA,information,N,,,,4,4,4,4,0.5,0.5,naive,0
AABBABBA,information,N,,,,4,4,4,4,0.5,0.5,lba_k01_d01,0
AABBABBA,information,N,,,,4,4,4,4,0.5,0.5,abscount,-1
AABBABBA,information,N,,,,4,4,4,4,0.5,0.5,likelihood_ration,-1
AABBABBA,naive,A,0.75,0,1,4,4,4,4,0.5,0.5,information,0
AABBABBA,naive,A,0.75,0,1,4,4,4,4,0.5,0.5,snr,0
AABBABBA,naive,A,0.75,0,1,4,4,4,4,0.5,0.5,relcount,0
AABBABBA,naive,A,0.75,0,1,4,4,4,4,0.5,0.5,blca_l10_k01_wi01_leak01_beta01,0
AABBABBA,naive,A,0.75,0,1,4,4,4,4,0.5,0.5,gating_g04,0
AABBABBA,naive,A,0.75,0,1,4,4,4,4,0.5,0.5,lba_k01_d01,1
AABBABBA,naive,A,0.75,0,1,4,4,4,4,0.5,0.5,abscount,0
AABBABBA,naive,A,0.75,0,1,4,4,4,4,0.5,0.5,likelihood_ration,0
AABBABBA,lba_k01_d01,A,0.8,0.1,7,4,4,4,4,0.5,0.5,information,0
AABBABBA,lba_k01_d01,A,0.8,0.1,7,4,4,4,4,0.5,0.5,relcount,0
AABBABBA,lba_k01_d01,A,0.8,0.1,7,4,4,4,4,0.5,0.5,snr,0
AABBABBA,lba_k01_d01,A,0.8,0.1,7,4,4,4,4,0.5,0.5,gating_g04,0
AABBABBA,lba_k01_d01,A,0.8,0.1,7,4,4,4,4,0.5,0.5,blca_l10_k01_wi01_leak01_beta01,0
AABBABBA,lba_k01_d01,A,0.8,0.1,7,4,4,4,4,0.5,0.5,naive,1
AABBABBA,lba_k01_d01,A,0.8,0.1,7,4,4,4,4,0.5,0.5,abscount,0
AABBABBA,lba_k01_d01,A,0.8,0.1,7,4,4,4,4,0.5,0.5,likelihood_ration,0
AABBABBA,abscount,N,,,,4,4,4,4,0.5,0.5,information,-1
AABBABBA,abscount,N,,,,4,4,4,4,0.5,0.5,snr,0
AABBABBA,abscount,N,,,,4,4,4,4,0.5,0.5,gating_g04,-1
AABBABBA,abscount,N,,,,4,4,4,4,0.5,0.5,blca_l10_k01_wi01_leak01_beta01,0
AABBABBA,abscount,N,,,,4,4,4,4,0.5,0.5,naive,0
AABBABBA,abscount,N,,,,4,4,4,4,0.5,0.5,lba_k01_d01,0
AABBABBA,abscount,N,,,,4,4,4,4,0.5,0.5,relcount,-1
AABBABBA,abscount,N,,,,4,4,4,4,0.5,0.5,likelihood_ration,-1
AABBABBA,snr,B,1.5,0.0,3,4,4,4,4,0.5,0.5,information,0
AABBABBA,snr,B,1.5,0.0,3,4,4,4,4,0.5,0.5,gating_g04,0
AABBABBA,snr,B,1.5,0.0,3,4,4,4,4,0.5,0.5,relcount,0
AABBABBA,snr,B,1.5,0.0,3,4,4,4,4,0.5,0.5,blca_l10_k01_wi01_leak01_beta01,1
AABBABBA,snr,B,1.5,0.0,3,4,4,4,4,0.5,0.5,naive,0
AABBABBA,snr,B,1.5,0.0,3,4,4,4,4,0.5,0.5,lba_k01_d01,0
AABBABBA,snr,B,1.5,0.0,3,4,4,4,4,0.5,0.5,abscount,0
AABBABBA,snr,B,1.5,0.0,3,4,4,4,4,0.5,0.5,likelihood_ration,0
AABBABBA,blca_l10_k01_wi01_leak01_beta01,B,1.98,-0.98,1,4,4,4,4,0.5,0.5,information,0
AABBABBA,blca_l10_k01_wi01_leak01_beta01,B,1.98,-0.98,1,4,4,4,4,0.5,0.5,snr,1
AABBABBA,blca_l10_k01_wi01_leak01_beta01,B,1.98,-0.98,1,4,4,4,4,0.5,0.5,relcount,0
AABBABBA,blca_l10_k01_wi01_leak01_beta01,B,1.98,-0.98,1,4,4,4,4,0.5,0.5,gating_g04,0
AABBABBA,blca_l10_k01_wi01_leak01_beta01,B,1.98,-0.98,1,4,4,4,4,0.5,0.5,naive,0
AABBABBA,blca_l10_k01_wi01_leak01_beta01,B,1.98,-0.98,1,4,4,4,4,0.5,0.5,lba_k01_d01,0
AABBABBA,blca_l10_k01_wi01_leak01_beta01,B,1.98,-0.98,1,4,4,4,4,0.5,0.5,abscount,0
AABBABBA,blca_l10_k01_wi01_leak01_beta01,B,1.98,-0.98,1,4,4,4,4,0.5,0.5,likelihood_ration,0
AABBABBA,gating_g04,N,,,,4,4,4,4,0.5,0.5,information,-1
AABBABBA,gating_g04,N,,,,4,4,4,4,0.5,0.5,snr,0
AABBABBA,gating_g04,N,,,,4,4,4,4,0.5,0.5,relcount,-1
AABBABBA,gating_g04,N,,,,4,4,4,4,0.5,0.5,blca_l10_k01_wi01_leak01_beta01,0
AABBABBA,gating_g04,N,,,,4,4,4,4,0.5,0.5,naive,0
AABBABBA,gating_g04,N,,,,4,4,4,4,0.5,0.5,lba_k01_d01,0
AABBABBA,gating_g04,N,,,,4,4,4,4,0.5,0.5,abscount,-1
AABBABBA,gating_g04,N,,,,4,4,4,4,0.5,0.5,likelihood_ration,-1
AABBABBA,relcount,N,,,,4,4,4,4,0.5,0.5,information,-1
AABBABBA,relcount,N,,,,4,4,4,4,0.5,0.5,snr,0
AABBABBA,relcount,N,,,,4,4,4,4,0.5,0.5,gating_g04,-1
AABBABBA,relcount,N,,,,4,4,4,4,0.5,0.5,blca_l10_k01_wi01_leak01_beta01,0
AABBABBA,relcount,N,,,,4,4,4,4,0.5,0.5,naive,0
AABBABBA,relcount,N,,,,4,4,4,4,0.5,0.5,lba_k01_d01,0
AABBABBA,relcount,N,,,,4,4,4,4,0.5,0.5,abscount,-1
AABBABBA,relcount,N,,,,4,4,4,4,0.5,0.5,likelihood_ration,-1
AABBABBA,likelihood_ration,N,,,,4,4,4,4,0.5,0.5,information,-1
AABBABBA,likelihood_ration,N,,,,4,4,4,4,0.5,0.5,relcount,-1
AABBABBA,likelihood_ration,N,,,,4,4,4,4,0.5,0.5,snr,0
AABBABBA,likelihood_ration,N,,,,4,4,4,4,0.5,0.5,gating_g04,-1
AABBABBA,likelihood_ration,N,,,,4,4,4,4,0.5,0.5,blca_l10_k01_wi01_leak01_beta01,0
AABBABBA,likelihood_ration,N,,,,4,4,4,4,0.5,0.5,naive,0
AABBABBA,likelihood_ration,N,,,,4,4,4,4,0.5,0.5,lba_k01_d01,0
AABBABBA,likelihood_ration,N,,,,4,4,4,4,0.5,0.5,abscount,-1
AABBABBB,information,N,,,,3,3,5,5,0.5,0.75,relcount,-1
AABBABBB,information,N,,,,3,3,5,5,0.5,0.75,snr,0
AABBABBB,information,N,,,,3,3,5,5,0.5,0.75,gating_g04,-1
AABBABBB,information,N,,,,3,3,5,5,0.5,0.75,blca_l10_k01_wi01_leak01_beta01,0
AABBABBB,information,N,,,,3,3,5,5,0.5,0.75,naive,0
AABBABBB,information,N,,,,3,3,5,5,0.5,0.75,lba_k01_d01,0
AABBABBB,information,N,,,,3,3,5,5,0.5,0.75,abscount,-1
AABBABBB,information,N,,,,3,3,5,5,0.5,0.75,likelihood_ration,-1
AABBABBB,naive,A,0.75,0,1,3,3,5,5,0.5,0.75,information,0
AABBABBB,naive,A,0.75,0,1,3,3,5,5,0.5,0.75,snr,0
AABBABBB,naive,A,0.75,0,1,3,3,5,5,0.5,0.75,relcount,0
AABBABBB,naive,A,0.75,0,1,3,3,5,5,0.5,0.75,blca_l10_k01_wi01_leak01_beta01,0
AABBABBB,naive,A,0.75,0,1,3,3,5,5,0.5,0.75,gating_g04,0
AABBABBB,naive,A,0.75,0,1,3,3,5,5,0.5,0.75,lba_k01_d01,1
AABBABBB,naive,A,0.75,0,1,3,3,5,5,0.5,0.75,abscount,0
AABBABBB,naive,A,0.75,0,1,3,3,5,5,0.5,0.75,likelihood_ration,0
AABBABBB,lba_k01_d01,A,0.8,0.1,7,3,3,5,5,0.5,0.75,information,0
AABBABBB,lba_k01_d01,A,0.8,0.1,7,3,3,5,5,0.5,0.75,relcount,0
AABBABBB,lba_k01_d01,A,0.8,0.1,7,3,3,5,5,0.5,0.75,snr,0
AABBABBB,lba_k01_d01,A,0.8,0.1,7,3,3,5,5,0.5,0.75,gating_g04,0
AABBABBB,lba_k01_d01,A,0.8,0.1,7,3,3,5,5,0.5,0.75,blca_l10_k01_wi01_leak01_beta01,0
AABBABBB,lba_k01_d01,A,0.8,0.1,7,3,3,5,5,0.5,0.75,naive,1
AABBABBB,lba_k01_d01,A,0.8,0.1,7,3,3,5,5,0.5,0.75,abscount,0
AABBABBB,lba_k01_d01,A,0.8,0.1,7,3,3,5,5,0.5,0.75,likelihood_ration,0
AABBABBB,abscount,N,,,,3,3,5,5,0.5,0.75,information,-1
AABBABBB,abscount,N,,,,3,3,5,5,0.5,0.75,snr,0
AABBABBB,abscount,N,,,,3,3,5,5,0.5,0.75,gating_g04,-1
AABBABBB,abscount,N,,,,3,3,5,5,0.5,0.75,blca_l10_k01_wi01_leak01_beta01,0
AABBABBB,abscount,N,,,,3,3,5,5,0.5,0.75,naive,0
AABBABBB,abscount,N,,,,3,3,5,5,0.5,0.75,lba_k01_d01,0
AABBABBB,abscount,N,,,,3,3,5,5,0.5,0.75,relcount,-1
AABBABBB,abscount,N,,,,3,3,5,5,0.5,0.75,likelihood_ration,-1
AABBABBB,snr,B,1.5,0.0,3,3,3,5,5,0.5,0.75,information,0
AABBABBB,snr,B,1.5,0.0,3,3,3,5,5,0.5,0.75,gating_g04,0
AABBABBB,snr,B,1.5,0.0,3,3,3,5,5,0.5,0.75,relcount,0
AABBABBB,snr,B,1.5,0.0,3,3,3,5,5,0.5,0.75,blca_l10_k01_wi01_leak01_beta01,1
AABBABBB,snr,B,1.5,0.0,3,3,3,5,5,0.5,0.75,naive,0
AABBABBB,snr,B,1.5,0.0,3,3,3,5,5,0.5,0.75,lba_k01_d01,0
AABBABBB,snr,B,1.5,0.0,3,3,3,5,5,0.5,0.75,abscount,0
AABBABBB,snr,B,1.5,0.0,3,3,3,5,5,0.5,0.75,likelihood_ration,0
AABBABBB,blca_l10_k01_wi01_leak01_beta01,B,1.98,-0.98,1,3,3,5,5,0.5,0.75,information,0
AABBABBB,blca_l10_k01_wi01_leak01_beta01,B,1.98,-0.98,1,3,3,5,5,0.5,0.75,snr,1
AABBABBB,blca_l10_k01_wi01_leak01_beta01,B,1.98,-0.98,1,3,3,5,5,0.5,0.75,relcount,0
AABBABBB,blca_l10_k01_wi01_leak01_beta01,B,1.98,-0.98,1,3,3,5,5,0.5,0.75,gating_g04,0
AABBABBB,blca_l10_k01_wi01_leak01_beta01,B,1.98,-0.98,1,3,3,5,5,0.5,0.75,naive,0
AABBABBB,blca_l10_k01_wi01_leak01_beta01,B,1.98,-0.98,1,3,3,5,5,0.5,0.75,lba_k01_d01,0
AABBABBB,blca_l10_k01_wi01_leak01_beta01,B,1.98,-0.98,1,3,3,5,5,0.5,0.75,abscount,0
AABBABBB,blca_l10_k01_wi01_leak01_beta01,B,1.98,-0.98,1,3,3,5,5,0.5,0.75,likelihood_ration,0
AABBABBB,gating_g04,N,,,,3,3,5,5,0.5,0.75,information,-1
AABBABBB,gating_g04,N,,,,3,3,5,5,0.5,0.75,snr,0
AABBABBB,gating_g04,N,,,,3,3,5,5,0.5,0.75,relcount,-1
AABBABBB,gating_g04,N,,,,3,3,5,5,0.5,0.75,blca_l10_k01_wi01_leak01_beta01,0
AABBABBB,gating_g04,N,,,,3,3,5,5,0.5,0.75,naive,0
AABBABBB,gating_g04,N,,,,3,3,5,5,0.5,0.75,lba_k01_d01,0
AABBABBB,gating_g04,N,,,,3,3,5,5,0.5,0.75,abscount,-1
AABBABBB,gating_g04,N,,,,3,3,5,5,0.5,0.75,likelihood_ration,-1
AABBABBB,relcount,N,,,,3,3,5,5,0.5,0.75,information,-1
AABBABBB,relcount,N,,,,3,3,5,5,0.5,0.75,snr,0
AABBABBB,relcount,N,,,,3,3,5,5,0.5,0.75,gating_g04,-1
AABBABBB,relcount,N,,,,3,3,5,5,0.5,0.75,blca_l10_k01_wi01_leak01_beta01,0
AABBABBB,relcount,N,,,,3,3,5,5,0.5,0.75,naive,0
AABBABBB,relcount,N,,,,3,3,5,5,0.5,0.75,lba_k01_d01,0
AABBABBB,relcount,N,,,,3,3,5,5,0.5,0.75,abscount,-1
AABBABBB,relcount,N,,,,3,3,5,5,0.5,0.75,likelihood_ration,-1
AABBABBB,likelihood_ration,N,,,,3,3,5,5,0.5,0.75,information,-1
AABBABBB,likelihood_ration,N,,,,3,3,5,5,0.5,0.75,relcount,-1
AABBABBB,likelihood_ration,N,,,,3,3,5,5,0.5,0.75,snr,0
AABBABBB,likelihood_ration,N,,,,3,3,5,5,0.5,0.75,gating_g04,-1
AABBABBB,likelihood_ration,N,,,,3,3,5,5,0.5,0.75,blca_l10_k01_wi01_leak01_beta01,0
AABBABBB,likelihood_ration,N,,,,3,3,5,5,0.5,0.75,naive,0
AABBABBB,likelihood_ration,N,,,,3,3,5,5,0.5,0.75,lba_k01_d01,0
AABBABBB,likelihood_ration,N,,,,3,3,5,5,0.5,0.75,abscount,-1
AABBAAAA,information,A,1.125,0.375,8,4,6,2,6,0.5,1.0,relcount,0
AABBAAAA,information,A,1.125,0.375,8,4,6,2,6,0.5,1.0,snr,0
AABBAAAA,information,A,1.125,0.375,8,4,6,2,6,0.5,1.0,gating_g04,0
AABBAAAA,information,A,1.125,0.375,8,4,6,2,6,0.5,1.0,blca_l10_k01_wi01_leak01_beta01,0
AABBAAAA,information,A,1.125,0.375,8,4,6,2,6,0.5,1.0,naive,1
AABBAAAA,information,A,1.125,0.375,8,4,6,2,6,0.5,1.0,lba_k01_d01,1
AABBAAAA,information,A,1.125,0.375,8,4,6,2,6,0.5,1.0,abscount,0
AABBAAAA,information,A,1.125,0.375,8,4,6,2,6,0.5,1.0,likelihood_ration,1
AABBAAAA,naive,A,0.75,0,1,4,6,2,6,0.5,1.0,information,1
AABBAAAA,naive,A,0.75,0,1,4,6,2,6,0.5,1.0,snr,0
AABBAAAA,naive,A,0.75,0,1,4,6,2,6,0.5,1.0,relcount,0
AABBAAAA,naive,A,0.75,0,1,4,6,2,6,0.5,1.0,blca_l10_k01_wi01_leak01_beta01,0
AABBAAAA,naive,A,0.75,0,1,4,6,2,6,0.5,1.0,gating_g04,0
AABBAAAA,naive,A,0.75,0,1,4,6,2,6,0.5,1.0,lba_k01_d01,1
AABBAAAA,naive,A,0.75,0,1,4,6,2,6,0.5,1.0,abscount,0
AABBAAAA,naive,A,0.75,0,1,4,6,2,6,0.5,1.0,likelihood_ration,1
AABBAAAA,lba_k01_d01,A,0.8,0.1,7,4,6,2,6,0.5,1.0,information,1
AABBAAAA,lba_k01_d01,A,0.8,0.1,7,4,6,2,6,0.5,1.0,relcount,0
AABBAAAA,lba_k01_d01,A,0.8,0.1,7,4,6,2,6,0.5,1.0,snr,0
AABBAAAA,lba_k01_d01,A,0.8,0.1,7,4,6,2,6,0.5,1.0,gating_g04,0
AABBAAAA,lba_k01_d01,A,0.8,0.1,7,4,6,2,6,0.5,1.0,blca_l10_k01_wi01_leak01_beta01,0
AABBAAAA,lba_k01_d01,A,0.8,0.1,7,4,6,2,6,0.5,1.0,naive,1
AABBAAAA,lba_k01_d01,A,0.8,0.1,7,4,6,2,6,0.5,1.0,abscount,0
AABBAAAA,lba_k01_d01,A,0.8,0.1,7,4,6,2,6,0.5,1.0,likelihood_ration,1
AABBAAAA,abscount,N,,,,4,6,2,6,0.5,1.0,information,0
AABBAAAA,abscount,N,,,,4,6,2,6,0.5,1.0,snr,0
AABBAAAA,abscount,N,,,,4,6,2,6,0.5,1.0,gating_g04,-1
AABBAAAA,abscount,N,,,,4,6,2,6,0.5,1.0,blca_l10_k01_wi01_leak01_beta01,0
AABBAAAA,abscount,N,,,,4,6,2,6,0.5,1.0,naive,0
AABBAAAA,abscount,N,,,,4,6,2,6,0.5,1.0,lba_k01_d01,0
AABBAAAA,abscount,N,,,,4,6,2,6,0.5,1.0,relcount,-1
AABBAAAA,abscount,N,,,,4,6,2,6,0.5,1.0,likelihood_ration,0
AABBAAAA,snr,B,1.5,0.0,3,4,6,2,6,0.5,1.0,information,0
AABBAAAA,snr,B,1.5,0.0,3,4,6,2,6,0.5,1.0,gating_g04,0
AABBAAAA,snr,B,1.5,0.0,3,4,6,2,6,0.5,1.0,relcount,0
AABBAAAA,snr,B,1.5,0.0,3,4,6,2,6,0.5,1.0,blca_l10_k01_wi01_leak01_beta01,1
AABBAAAA,snr,B,1.5,0.0,3,4,6,2,6,0.5,1.0,naive,0
AABBAAAA,snr,B,1.5,0.0,3,4,6,2,6,0.5,1.0,lba_k01_d01,0
AABBAAAA,snr,B,1.5,0.0,3,4,6,2,6,0.5,1.0,abscount,0
AABBAAAA,snr,B,1.5,0.0,3,4,6,2,6,0.5,1.0,likelihood_ration,0
AABBAAAA,blca_l10_k01_wi01_leak01_beta01,B,1.98,-0.98,1,4,6,2,6,0.5,1.0,information,0
AABBAAAA,blca_l10_k01_wi01_leak01_beta01,B,1.98,-0.98,1,4,6,2,6,0.5,1.0,snr,1
AABBAAAA,blca_l10_k01_wi01_leak01_beta01,B,1.98,-0.98,1,4,6,2,6,0.5,1.0,relcount,0
AABBAAAA,blca_l10_k01_wi01_leak01_beta01,B,1.98,-0.98,1,4,6,2,6,0.5,1.0,gating_g04,0
AABBAAAA,blca_l10_k01_wi01_leak01_beta01,B,1.98,-0.98,1,4,6,2,6,0.5,1.0,naive,0
AABBAAAA,blca_l10_k01_wi01_leak01_beta01,B,1.98,-0.98,1,4,6,2,6,0.5,1.0,lba_k01_d01,0
AABBAAAA,blca_l10_k01_wi01_leak01_beta01,B,1.98,-0.98,1,4,6,2,6,0.5,1.0,abscount,0
AABBAAAA,blca_l10_k01_wi01_leak01_beta01,B,1.98,-0.98,1,4,6,2,6,0.5,1.0,likelihood_ration,0
AABBAAAA,gating_g04,N,,,,4,6,2,6,0.5,1.0,information,0
AABBAAAA,gating_g04,N,,,,4,6,2,6,0.5,1.0,snr,0
AABBAAAA,gating_g04,N,,,,4,6,2,6,0.5,1.0,relcount,-1
AABBAAAA,gating_g04,N,,,,4,6,2,6,0.5,1.0,blca_l10_k01_wi01_leak01_beta01,0
AABBAAAA,gating_g04,N,,,,4,6,2,6,0.5,1.0,naive,0
AABBAAAA,gating_g04,N,,,,4,6,2,6,0.5,1.0,lba_k01_d01,0
AABBAAAA,gating_g04,N,,,,4,6,2,6,0.5,1.0,abscount,-1
AABBAAAA,gating_g04,N,,,,4,6,2,6,0.5,1.0,likelihood_ration,0
AABBAAAA,relcount,N,,,,4,6,2,6,0.5,1.0,information,0
AABBAAAA,relcount,N,,,,4,6,2,6,0.5,1.0,snr,0
AABBAAAA,relcount,N,,,,4,6,2,6,0.5,1.0,gating_g04,-1
AABBAAAA,relcount,N,,,,4,6,2,6,0.5,1.0,blca_l10_k01_wi01_leak01_beta01,0
AABBAAAA,relcount,N,,,,4,6,2,6,0.5,1.0,naive,0
AABBAAAA,relcount,N,,,,4,6,2,6,0.5,1.0,lba_k01_d01,0
AABBAAAA,relcount,N,,,,4,6,2,6,0.5,1.0,abscount,-1
AABBAAAA,relcount,N,,,,4,6,2,6,0.5,1.0,likelihood_ration,0
AABBAAAA,likelihood_ration,A,1.65321251378,0,8,4,6,2,6,0.5,1.0,information,1
AABBAAAA,likelihood_ration,A,1.65321251378,0,8,4,6,2,6,0.5,1.0,relcount,0
AABBAAAA,likelihood_ration,A,1.65321251378,0,8,4,6,2,6,0.5,1.0,snr,0
AABBAAAA,likelihood_ration,A,1.65321251378,0,8,4,6,2,6,0.5,1.0,gating_g04,0
AABBAAAA,likelihood_ration,A,1.65321251378,0,8,4,6,2,6,0.5,1.0,blca_l10_k01_wi01_leak01_beta01,0
AABBAAAA,likelihood_ration,A,1.65321251378,0,8,4,6,2,6,0.5,1.0,naive,1
AABBAAAA,likelihood_ration,A,1.65321251378,0,8,4,6,2,6,0.5,1.0,lba_k01_d01,1
AABBAAAA,likelihood_ration,A,1.65321251378,0,8,4,6,2,6,0.5,1.0,abscount,0
ABBBBBBB,information,B,0.9375,0.1875,6,3,1,7,7,0.75,1.0,relcount,1
ABBBBBBB,information,B,0.9375,0.1875,6,3,1,7,7,0.75,1.0,snr,1
ABBBBBBB,information,B,0.9375,0.1875,6,3,1,7,7,0.75,1.0,gating_g04,0
ABBBBBBB,information,B,0.9375,0.1875,6,3,1,7,7,0.75,1.0,blca_l10_k01_wi01_leak01_beta01,1
ABBBBBBB,information,B,0.9375,0.1875,6,3,1,7,7,0.75,1.0,naive,1
ABBBBBBB,information,B,0.9375,0.1875,6,3,1,7,7,0.75,1.0,lba_k01_d01,0
ABBBBBBB,information,B,0.9375,0.1875,6,3,1,7,7,0.75,1.0,abscount,1
ABBBBBBB,information,B,0.9375,0.1875,6,3,1,7,7,0.75,1.0,likelihood_ration,1
ABBBBBBB,naive,B,0.75,0,2,3,1,7,7,0.75,1.0,information,1
ABBBBBBB,naive,B,0.75,0,2,3,1,7,7,0.75,1.0,snr,1
ABBBBBBB,naive,B,0.75,0,2,3,1,7,7,0.75,1.0,relcount,1
ABBBBBBB,naive,B,0.75,0,2,3,1,7,7,0.75,1.0,blca_l10_k01_wi01_leak01_beta01,1
ABBBBBBB,naive,B,0.75,0,2,3,1,7,7,0.75,1.0,gating_g04,0
ABBBBBBB,naive,B,0.75,0,2,3,1,7,7,0.75,1.0,lba_k01_d01,0
ABBBBBBB,naive,B,0.75,0,2,3,1,7,7,0.75,1.0,abscount,1
ABBBBBBB,naive,B,0.75,0,2,3,1,7,7,0.75,1.0,likelihood_ration,1
ABBBBBBB,lba_k01_d01,A,0.8,0.1,7,3,1,7,7,0.75,1.0,information,0
ABBBBBBB,lba_k01_d01,A,0.8,0.1,7,3,1,7,7,0.75,1.0,relcount,0
ABBBBBBB,lba_k01_d01,A,0.8,0.1,7,3,1,7,7,0.75,1.0,snr,0
ABBBBBBB,lba_k01_d01,A,0.8,0.1,7,3,1,7,7,0.75,1.0,gating_g04,0
ABBBBBBB,lba_k01_d01,A,0.8,0.1,7,3,1,7,7,0.75,1.0,blca_l10_k01_wi01_leak01_beta01,0
ABBBBBBB,lba_k01_d01,A,0.8,0.1,7,3,1,7,7,0.75,1.0,naive,0
ABBBBBBB,lba_k01_d01,A,0.8,0.1,7,3,1,7,7,0.75,1.0,abscount,0
ABBBBBBB,lba_k01_d01,A,0.8,0.1,7,3,1,7,7,0.75,1.0,likelihood_ration,0
ABBBBBBB,abscount,B,0.875,0.125,8,3,1,7,7,0.75,1.0,information,1
ABBBBBBB,abscount,B,0.875,0.125,8,3,1,7,7,0.75,1.0,snr,1
ABBBBBBB,abscount,B,0.875,0.125,8,3,1,7,7,0.75,1.0,gating_g04,0
ABBBBBBB,abscount,B,0.875,0.125,8,3,1,7,7,0.75,1.0,blca_l10_k01_wi01_leak01_beta01,1
ABBBBBBB,abscount,B,0.875,0.125,8,3,1,7,7,0.75,1.0,naive,1
ABBBBBBB,abscount,B,0.875,0.125,8,3,1,7,7,0.75,1.0,lba_k01_d01,0
ABBBBBBB,abscount,B,0.875,0.125,8,3,1,7,7,0.75,1.0,relcount,1
ABBBBBBB,abscount,B,0.875,0.125,8,3,1,7,7,0.75,1.0,likelihood_ration,1
ABBBBBBB,snr,B,2.0,0.0,2,3,1,7,7,0.75,1.0,information,1
ABBBBBBB,snr,B,2.0,0.0,2,3,1,7,7,0.75,1.0,gating_g04,0
ABBBBBBB,snr,B,2.0,0.0,2,3,1,7,7,0.75,1.0,relcount,1
ABBBBBBB,snr,B,2.0,0.0,2,3,1,7,7,0.75,1.0,blca_l10_k01_wi01_leak01_beta01,1
ABBBBBBB,snr,B,2.0,0.0,2,3,1,7,7,0.75,1.0,naive,1
ABBBBBBB,snr,B,2.0,0.0,2,3,1,7,7,0.75,1.0,lba_k01_d01,0
ABBBBBBB,snr,B,2.0,0.0,2,3,1,7,7,0.75,1.0,abscount,1
ABBBBBBB,snr,B,2.0,0.0,2,3,1,7,7,0.75,1.0,likelihood_ration,1
ABBBBBBB,blca_l10_k01_wi01_leak01_beta01,B,1.98,-0.98,1,3,1,7,7,0.75,1.0,information,1
ABBBBBBB,blca_l10_k01_wi01_leak01_beta01,B,1.98,-0.98,1,3,1,7,7,0.75,1.0,snr,1
ABBBBBBB,blca_l10_k01_wi01_leak01_beta01,B,1.98,-0.98,1,3,1,7,7,0.75,1.0,relcount,1
ABBBBBBB,blca_l10_k01_wi01_leak01_beta01,B,1.98,-0.98,1,3,1,7,7,0.75,1.0,gating_g04,0
ABBBBBBB,blca_l10_k01_wi01_leak01_beta01,B,1.98,-0.98,1,3,1,7,7,0.75,1.0,naive,1
ABBBBBBB,blca_l10_k01_wi01_leak01_beta01,B,1.98,-0.98,1,3,1,7,7,0.75,1.0,lba_k01_d01,0
ABBBBBBB,blca_l10_k01_wi01_leak01_beta01,B,1.98,-0.98,1,3,1,7,7,0.75,1.0,abscount,1
ABBBBBBB,blca_l10_k01_wi01_leak01_beta01,B,1.98,-0.98,1,3,1,7,7,0.75,1.0,likelihood_ration,1
ABBBBBBB,gating_g04,N,,,,3,1,7,7,0.75,1.0,information,0
ABBBBBBB,gating_g04,N,,,,3,1,7,7,0.75,1.0,snr,0
ABBBBBBB,gating_g04,N,,,,3,1,7,7,0.75,1.0,relcount,0
ABBBBBBB,gating_g04,N,,,,3,1,7,7,0.75,1.0,blca_l10_k01_wi01_leak01_beta01,0
ABBBBBBB,gating_g04,N,,,,3,1,7,7,0.75,1.0,naive,0
ABBBBBBB,gating_g04,N,,,,3,1,7,7,0.75,1.0,lba_k01_d01,0
ABBBBBBB,gating_g04,N,,,,3,1,7,7,0.75,1.0,abscount,0
ABBBBBBB,gating_g04,N,,,,3,1,7,7,0.75,1.0,likelihood_ration,0
ABBBBBBB,relcount,B,0.833333333333,0.166666666667,6,3,1,7,7,0.75,1.0,information,1
ABBBBBBB,relcount,B,0.833333333333,0.166666666667,6,3,1,7,7,0.75,1.0,snr,1
ABBBBBBB,relcount,B,0.833333333333,0.166666666667,6,3,1,7,7,0.75,1.0,gating_g04,0
ABBBBBBB,relcount,B,0.833333333333,0.166666666667,6,3,1,7,7,0.75,1.0,blca_l10_k01_wi01_leak01_beta01,1
ABBBBBBB,relcount,B,0.833333333333,0.166666666667,6,3,1,7,7,0.75,1.0,naive,1
ABBBBBBB,relcount,B,0.833333333333,0.166666666667,6,3,1,7,7,0.75,1.0,lba_k01_d01,0
ABBBBBBB,relcount,B,0.833333333333,0.166666666667,6,3,1,7,7,0.75,1.0,abscount,1
ABBBBBBB,relcount,B,0.833333333333,0.166666666667,6,3,1,7,7,0.75,1.0,likelihood_ration,1
ABBBBBBB,likelihood_ration,B,-1.38021124171,0,5,3,1,7,7,0.75,1.0,information,1
ABBBBBBB,likelihood_ration,B,-1.38021124171,0,5,3,1,7,7,0.75,1.0,relcount,1
ABBBBBBB,likelihood_ration,B,-1.38021124171,0,5,3,1,7,7,0.75,1.0,snr,1
ABBBBBBB,likelihood_ration,B,-1.38021124171,0,5,3,1,7,7,0.75,1.0,gating_g04,0
ABBBBBBB,likelihood_ration,B,-1.38021124171,0,5,3,1,7,7,0.75,1.0,blca_l10_k01_wi01_leak01_beta01,1
ABBBBBBB,likelihood_ration,B,-1.38021124171,0,5,3,1,7,7,0.75,1.0,naive,1
ABBBBBBB,likelihood_ration,B,-1.38021124171,0,5,3,1,7,7,0.75,1.0,lba_k01_d01,0
ABBBBBBB,likelihood_ration,B,-1.38021124171,0,5,3,1,7,7,0.75,1.0,abscount,1
AAABBAAB,information,N,,,,3,5,3,5,0.75,0.5,relcount,-1
AAABBAAB,information,N,,,,3,5,3,5,0.75,0.5,snr,0
AAABBAAB,information,N,,,,3,5,3,5,0.75,0.5,gating_g04,-1
AAABBAAB,information,N,,,,3,5,3,5,0.75,0.5,blca_l10_k01_wi01_leak01_beta01,0
AAABBAAB,information,N,,,,3,5,3,5,0.75,0.5,naive,0
AAABBAAB,information,N,,,,3,5,3,5,0.75,0.5,lba_k01_d01,0
AAABBAAB,information,N,,,,3,5,3,5,0.75,0.5,abscount,-1
AAABBAAB,information,N,,,,3,5,3,5,0.75,0.5,likelihood_ration,0
AAABBAAB,naive,A,0.75,0,1,3,5,3,5,0.75,0.5,information,0
AAABBAAB,naive,A,0.75,0,1,3,5,3,5,0.75,0.5,snr,0
AAABBAAB,naive,A,0.75,0,1,3,5,3,5,0.75,0.5,relcount,0
AAABBAAB,naive,A,0.75,0,1,3,5,3,5,0.75,0.5,blca_l10_k01_wi01_leak01_beta01,0
AAABBAAB,naive,A,0.75,0,1,3,5,3,5,0.75,0.5,gating_g04,0
AAABBAAB,naive,A,0.75,0,1,3,5,3,5,0.75,0.5,lba_k01_d01,1
AAABBAAB,naive,A,0.75,0,1,3,5,3,5,0.75,0.5,abscount,0
AAABBAAB,naive,A,0.75,0,1,3,5,3,5,0.75,0.5,likelihood_ration,1
AAABBAAB,lba_k01_d01,A,0.8,0.1,7,3,5,3,5,0.75,0.5,information,0
AAABBAAB,lba_k01_d01,A,0.8,0.1,7,3,5,3,5,0.75,0.5,relcount,0
AAABBAAB,lba_k01_d01,A,0.8,0.1,7,3,5,3,5,0.75,0.5,snr,0
AAABBAAB,lba_k01_d01,A,0.8,0.1,7,3,5,3,5,0.75,0.5,gating_g04,0
AAABBAAB,lba_k01_d01,A,0.8,0.1,7,3,5,3,5,0.75,0.5,blca_l10_k01_wi01_leak01_beta01,0
AAABBAAB,lba_k01_d01,A,0.8,0.1,7,3,5,3,5,0.75,0.5,naive,1
AAABBAAB,lba_k01_d01,A,0.8,0.1,7,3,5,3,5,0.75,0.5,abscount,0
AAABBAAB,lba_k01_d01,A,0.8,0.1,7,3,5,3,5,0.75,0.5,likelihood_ration,1
AAABBAAB,abscount,N,,,,3,5,3,5,0.75,0.5,information,-1
AAABBAAB,abscount,N,,,,3,5,3,5,0.75,0.5,snr,0
AAABBAAB,abscount,N,,,,3,5,3,5,0.75,0.5,gating_g04,-1
AAABBAAB,abscount,N,,,,3,5,3,5,0.75,0.5,blca_l10_k01_wi01_leak01_beta01,0
AAABBAAB,abscount,N,,,,3,5,3,5,0.75,0.5,naive,0
AAABBAAB,abscount,N,,,,3,5,3,5,0.75,0.5,lba_k01_d01,0
AAABBAAB,abscount,N,,,,3,5,3,5,0.75,0.5,relcount,-1
AAABBAAB,abscount,N,,,,3,5,3,5,0.75,0.5,likelihood_ration,0
AAABBAAB,snr,B,1.33333333333,0.0,4,3,5,3,5,0.75,0.5,information,0
AAABBAAB,snr,B,1.33333333333,0.0,4,3,5,3,5,0.75,0.5,gating_g04,0
AAABBAAB,snr,B,1.33333333333,0.0,4,3,5,3,5,0.75,0.5,relcount,0
AAABBAAB,snr,B,1.33333333333,0.0,4,3,5,3,5,0.75,0.5,blca_l10_k01_wi01_leak01_beta01,1
AAABBAAB,snr,B,1.33333333333,0.0,4,3,5,3,5,0.75,0.5,naive,0
AAABBAAB,snr,B,1.33333333333,0.0,4,3,5,3,5,0.75,0.5,lba_k01_d01,0
AAABBAAB,snr,B,1.33333333333,0.0,4,3,5,3,5,0.75,0.5,abscount,0
AAABBAAB,snr,B,1.33333333333,0.0,4,3,5,3,5,0.75,0.5,likelihood_ration,0
AAABBAAB,blca_l10_k01_wi01_leak01_beta01,B,1.98,-0.98,1,3,5,3,5,0.75,0.5,information,0
AAABBAAB,blca_l10_k01_wi01_leak01_beta01,B,1.98,-0.98,1,3,5,3,5,0.75,0.5,snr,1
AAABBAAB,blca_l10_k01_wi01_leak01_beta01,B,1.98,-0.98,1,3,5,3,5,0.75,0.5,relcount,0
AAABBAAB,blca_l10_k01_wi01_leak01_beta01,B,1.98,-0.98,1,3,5,3,5,0.75,0.5,gating_g04,0
AAABBAAB,blca_l10_k01_wi01_leak01_beta01,B,1.98,-0.98,1,3,5,3,5,0.75,0.5,naive,0
AAABBAAB,blca_l10_k01_wi01_leak01_beta01,B,1.98,-0.98,1,3,5,3,5,0.75,0.5,lba_k01_d01,0
AAABBAAB,blca_l10_k01_wi01_leak01_beta01,B,1.98,-0.98,1,3,5,3,5,0.75,0.5,abscount,0
AAABBAAB,blca_l10_k01_wi01_leak01_beta01,B,1.98,-0.98,1,3,5,3,5,0.75,0.5,likelihood_ration,0
AAABBAAB,gating_g04,N,,,,3,5,3,5,0.75,0.5,information,-1
AAABBAAB,gating_g04,N,,,,3,5,3,5,0.75,0.5,snr,0
AAABBAAB,gating_g04,N,,,,3,5,3,5,0.75,0.5,relcount,-1
AAABBAAB,gating_g04,N,,,,3,5,3,5,0.75,0.5,blca_l10_k01_wi01_leak01_beta01,0
AAABBAAB,gating_g04,N,,,,3,5,3,5,0.75,0.5,naive,0
AAABBAAB,gating_g04,N,,,,3,5,3,5,0.75,0.5,lba_k01_d01,0
AAABBAAB,gating_g04,N,,,,3,5,3,5,0.75,0.5,abscount,-1
AAABBAAB,gating_g04,N,,,,3,5,3,5,0.75,0.5,likelihood_ration,0
AAABBAAB,relcount,N,,,,3,5,3,5,0.75,0.5,information,-1
AAABBAAB,relcount,N,,,,3,5,3,5,0.75,0.5,snr,0
AAABBAAB,relcount,N,,,,3,5,3,5,0.75,0.5,gating_g04,-1
AAABBAAB,relcount,N,,,,3,5,3,5,0.75,0.5,blca_l10_k01_wi01_leak01_beta01,0
AAABBAAB,relcount,N,,,,3,5,3,5,0.75,0.5,naive,0
AAABBAAB,relcount,N,,,,3,5,3,5,0.75,0.5,lba_k01_d01,0
AAABBAAB,relcount,N,,,,3,5,3,5,0.75,0.5,abscount,-1
AAABBAAB,relcount,N,,,,3,5,3,5,0.75,0.5,likelihood_ration,0
AAABBAAB,likelihood_ration,A,1.35218251811,0,7,3,5,3,5,0.75,0.5,information,0
AAABBAAB,likelihood_ration,A,1.35218251811,0,7,3,5,3,5,0.75,0.5,relcount,0
AAABBAAB,likelihood_ration,A,1.35218251811,0,7,3,5,3,5,0.75,0.5,snr,0
AAABBAAB,likelihood_ration,A,1.35218251811,0,7,3,5,3,5,0.75,0.5,gating_g04,0
AAABBAAB,likelihood_ration,A,1.35218251811,0,7,3,5,3,5,0.75,0.5,blca_l10_k01_wi01_leak01_beta01,0
AAABBAAB,likelihood_ration,A,1.35218251811,0,7,3,5,3,5,0.75,0.5,naive,1
AAABBAAB,likelihood_ration,A,1.35218251811,0,7,3,5,3,5,0.75,0.5,lba_k01_d01,1
AAABBAAB,likelihood_ration,A,1.35218251811,0,7,3,5,3,5,0.75,0.5,abscount,0
AAABBAAA,information,A,1.125,0.375,8,4,6,2,6,0.75,0.75,relcount,0
AAABBAAA,information,A,1.125,0.375,8,4,6,2,6,0.75,0.75,snr,0
AAABBAAA,information,A,1.125,0.375,8,4,6,2,6,0.75,0.75,gating_g04,0
AAABBAAA,information,A,1.125,0.375,8,4,6,2,6,0.75,0.75,blca_l10_k01_wi01_leak01_beta01,0
AAABBAAA,information,A,1.125,0.375,8,4,6,2,6,0.75,0.75,naive,1
AAABBAAA,information,A,1.125,0.375,8,4,6,2,6,0.75,0.75,lba_k01_d01,1
AAABBAAA,information,A,1.125,0.375,8,4,6,2,6,0.75,0.75,abscount,0
AAABBAAA,information,A,1.125,0.375,8,4,6,2,6,0.75,0.75,likelihood_ration,1
AAABBAAA,naive,A,0.75,0,1,4,6,2,6,0.75,0.75,information,1
AAABBAAA,naive,A,0.75,0,1,4,6,2,6,0.75,0.75,snr,0
AAABBAAA,naive,A,0.75,0,1,4,6,2,6,0.75,0.75,relcount,0
AAABBAAA,naive,A,0.75,0,1,4,6,2,6,0.75,0.75,blca_l10_k01_wi01_leak01_beta01,0
AAABBAAA,naive,A,0.75,0,1,4,6,2,6,0.75,0.75,gating_g04,0
AAABBAAA,naive,A,0.75,0,1,4,6,2,6,0.75,0.75,lba_k01_d01,1
AAABBAAA,naive,A,0.75,0,1,4,6,2,6,0.75,0.75,abscount,0
AAABBAAA,naive,A,0.75,0,1,4,6,2,6,0.75,0.75,likelihood_ration,1
AAABBAAA,lba_k01_d01,A,0.8,0.1,7,4,6,2,6,0.75,0.75,information,1
AAABBAAA,lba_k01_d01,A,0.8,0.1,7,4,6,2,6,0.75,0.75,relcount,0
AAABBAAA,lba_k01_d01,A,0.8,0.1,7,4,6,2,6,0.75,0.75,snr,0
AAABBAAA,lba_k01_d01,A,0.8,0.1,7,4,6,2,6,0.75,0.75,gating_g04,0
AAABBAAA,lba_k01_d01,A,0.8,0.1,7,4,6,2,6,0.75,0.75,blca_l10_k01_wi01_leak01_beta01,0
AAABBAAA,lba_k01_d01,A,0.8,0.1,7,4,6,2,6,0.75,0.75,naive,1
AAABBAAA,lba_k01_d01,A,0.8,0.1,7,4,6,2,6,0.75,0.75,abscount,0
AAABBAAA,lba_k01_d01,A,0.8,0.1,7,4,6,2,6,0.75,0.75,likelihood_ration,1
AAABBAAA,abscount,N,,,,4,6,2,6,0.75,0.75,information,0
AAABBAAA,abscount,N,,,,4,6,2,6,0.75,0.75,snr,0
AAABBAAA,abscount,N,,,,4,6,2,6,0.75,0.75,gating_g04,-1
AAABBAAA,abscount,N,,,,4,6,2,6,0.75,0.75,blca_l10_k01_wi01_leak01_beta01,0
AAABBAAA,abscount,N,,,,4,6,2,6,0.75,0.75,naive,0
AAABBAAA,abscount,N,,,,4,6,2,6,0.75,0.75,lba_k01_d01,0
AAABBAAA,abscount,N,,,,4,6,2,6,0.75,0.75,relcount,-1
AAABBAAA,abscount,N,,,,4,6,2,6,0.75,0.75,likelihood_ration,0
AAABBAAA,snr,B,1.33333333333,0.0,4,4,6,2,6,0.75,0.75,information,0
AAABBAAA,snr,B,1.33333333333,0.0,4,4,6,2,6,0.75,0.75,gating_g04,0
AAABBAAA,snr,B,1.33333333333,0.0,4,4,6,2,6,0.75,0.75,relcount,0
AAABBAAA,snr,B,1.33333333333,0.0,4,4,6,2,6,0.75,0.75,blca_l10_k01_wi01_leak01_beta01,1
AAABBAAA,snr,B,1.33333333333,0.0,4,4,6,2,6,0.75,0.75,naive,0
AAABBAAA,snr,B,1.33333333333,0.0,4,4,6,2,6,0.75,0.75,lba_k01_d01,0
AAABBAAA,snr,B,1.33333333333,0.0,4,4,6,2,6,0.75,0.75,abscount,0
AAABBAAA,snr,B,1.33333333333,0.0,4,4,6,2,6,0.75,0.75,likelihood_ration,0
AAABBAAA,blca_l10_k01_wi01_leak01_beta01,B,1.98,-0.98,1,4,6,2,6,0.75,0.75,information,0
AAABBAAA,blca_l10_k01_wi01_leak01_beta01,B,1.98,-0.98,1,4,6,2,6,0.75,0.75,snr,1
AAABBAAA,blca_l10_k01_wi01_leak01_beta01,B,1.98,-0.98,1,4,6,2,6,0.75,0.75,relcount,0
AAABBAAA,blca_l10_k01_wi01_leak01_beta01,B,1.98,-0.98,1,4,6,2,6,0.75,0.75,gating_g04,0
AAABBAAA,blca_l10_k01_wi01_leak01_beta01,B,1.98,-0.98,1,4,6,2,6,0.75,0.75,naive,0
AAABBAAA,blca_l10_k01_wi01_leak01_beta01,B,1.98,-0.98,1,4,6,2,6,0.75,0.75,lba_k01_d01,0
AAABBAAA,blca_l10_k01_wi01_leak01_beta01,B,1.98,-0.98,1,4,6,2,6,0.75,0.75,abscount,0
AAABBAAA,blca_l10_k01_wi01_leak01_beta01,B,1.98,-0.98,1,4,6,2,6,0.75,0.75,likelihood_ration,0
AAABBAAA,gating_g04,N,,,,4,6,2,6,0.75,0.75,information,0
AAABBAAA,gating_g04,N,,,,4,6,2,6,0.75,0.75,snr,0
AAABBAAA,gating_g04,N,,,,4,6,2,6,0.75,0.75,relcount,-1
AAABBAAA,gating_g04,N,,,,4,6,2,6,0.75,0.75,blca_l10_k01_wi01_leak01_beta01,0
AAABBAAA,gating_g04,N,,,,4,6,2,6,0.75,0.75,naive,0
AAABBAAA,gating_g04,N,,,,4,6,2,6,0.75,0.75,lba_k01_d01,0
AAABBAAA,gating_g04,N,,,,4,6,2,6,0.75,0.75,abscount,-1
AAABBAAA,gating_g04,N,,,,4,6,2,6,0.75,0.75,likelihood_ration,0
AAABBAAA,relcount,N,,,,4,6,2,6,0.75,0.75,information,0
AAABBAAA,relcount,N,,,,4,6,2,6,0.75,0.75,snr,0
AAABBAAA,relcount,N,,,,4,6,2,6,0.75,0.75,gating_g04,-1
AAABBAAA,relcount,N,,,,4,6,2,6,0.75,0.75,blca_l10_k01_wi01_leak01_beta01,0
AAABBAAA,relcount,N,,,,4,6,2,6,0.75,0.75,naive,0
AAABBAAA,relcount,N,,,,4,6,2,6,0.75,0.75,lba_k01_d01,0
AAABBAAA,relcount,N,,,,4,6,2,6,0.75,0.75,abscount,-1
AAABBAAA,relcount,N,,,,4,6,2,6,0.75,0.75,likelihood_ration,0
AAABBAAA,likelihood_ration,A,1.35218251811,0,7,4,6,2,6,0.75,0.75,information,1
AAABBAAA,likelihood_ration,A,1.35218251811,0,7,4,6,2,6,0.75,0.75,relcount,0
AAABBAAA,likelihood_ration,A,1.35218251811,0,7,4,6,2,6,0.75,0.75,snr,0
AAABBAAA,likelihood_ration,A,1.35218251811,0,7,4,6,2,6,0.75,0.75,gating_g04,0
AAABBAAA,likelihood_ration,A,1.35218251811,0,7,4,6,2,6,0.75,0.75,blca_l10_k01_wi01_leak01_beta01,0
AAABBAAA,likelihood_ration,A,1.35218251811,0,7,4,6,2,6,0.75,0.75,naive,1
AAABBAAA,likelihood_ration,A,1.35218251811,0,7,4,6,2,6,0.75,0.75,lba_k01_d01,1
AAABBAAA,likelihood_ration,A,1.35218251811,0,7,4,6,2,6,0.75,0.75,abscount,0
ABABABAB,information,N,,,,0,4,4,4,0.5,0.5,relcount,-1
ABABABAB,information,N,,,,0,4,4,4,0.5,0.5,snr,0
ABABABAB,information,N,,,,0,4,4,4,0.5,0.5,gating_g04,-1
ABABABAB,information,N,,,,0,4,4,4,0.5,0.5,blca_l10_k01_wi01_leak01_beta01,0
ABABABAB,information,N,,,,0,4,4,4,0.5,0.5,naive,-1
ABABABAB,information,N,,,,0,4,4,4,0.5,0.5,lba_k01_d01,0
ABABABAB,information,N,,,,0,4,4,4,0.5,0.5,abscount,-1
ABABABAB,information,N,,,,0,4,4,4,0.5,0.5,likelihood_ration,-1
ABABABAB,naive,N,,,,0,4,4,4,0.5,0.5,information,-1
ABABABAB,naive,N,,,,0,4,4,4,0.5,0.5,snr,0
ABABABAB,naive,N,,,,0,4,4,4,0.5,0.5,relcount,-1
ABABABAB,naive,N,,,,0,4,4,4,0.5,0.5,blca_l10_k01_wi01_leak01_beta01,0
ABABABAB,naive,N,,,,0,4,4,4,0.5,0.5,gating_g04,-1
ABABABAB,naive,N,,,,0,4,4,4,0.5,0.5,lba_k01_d01,0
ABABABAB,naive,N,,,,0,4,4,4,0.5,0.5,abscount,-1
ABABABAB,naive,N,,,,0,4,4,4,0.5,0.5,likelihood_ration,-1
ABABABAB,lba_k01_d01,A,0.8,0.1,7,0,4,4,4,0.5,0.5,information,0
ABABABAB,lba_k01_d01,A,0.8,0.1,7,0,4,4,4,0.5,0.5,relcount,0
ABABABAB,lba_k01_d01,A,0.8,0.1,7,0,4,4,4,0.5,0.5,snr,0
ABABABAB,lba_k01_d01,A,0.8,0.1,7,0,4,4,4,0.5,0.5,gating_g04,0
ABABABAB,lba_k01_d01,A,0.8,0.1,7,0,4,4,4,0.5,0.5,blca_l10_k01_wi01_leak01_beta01,0
ABABABAB,lba_k01_d01,A,0.8,0.1,7,0,4,4,4,0.5,0.5,naive,0
ABABABAB,lba_k01_d01,A,0.8,0.1,7,0,4,4,4,0.5,0.5,abscount,0
ABABABAB,lba_k01_d01,A,0.8,0.1,7,0,4,4,4,0.5,0.5,likelihood_ration,0
ABABABAB,abscount,N,,,,0,4,4,4,0.5,0.5,information,-1
ABABABAB,abscount,N,,,,0,4,4,4,0.5,0.5,snr,0
ABABABAB,abscount,N,,,,0,4,4,4,0.5,0.5,gating_g04,-1
ABABABAB,abscount,N,,,,0,4,4,4,0.5,0.5,blca_l10_k01_wi01_leak01_beta01,0
ABABABAB,abscount,N,,,,0,4,4,4,0.5,0.5,naive,-1
ABABABAB,abscount,N,,,,0,4,4,4,0.5,0.5,lba_k01_d01,0
ABABABAB,abscount,N,,,,0,4,4,4,0.5,0.5,relcount,-1
ABABABAB,abscount,N,,,,0,4,4,4,0.5,0.5,likelihood_ration,-1
ABABABAB,snr,B,2.0,0.0,2,0,4,4,4,0.5,0.5,information,0
ABABABAB,snr,B,2.0,0.0,2,0,4,4,4,0.5,0.5,gating_g04,0
ABABABAB,snr,B,2.0,0.0,2,0,4,4,4,0.5,0.5,relcount,0
ABABABAB,snr,B,2.0,0.0,2,0,4,4,4,0.5,0.5,blca_l10_k01_wi01_leak01_beta01,1
ABABABAB,snr,B,2.0,0.0,2,0,4,4,4,0.5,0.5,naive,0
ABABABAB,snr,B,2.0,0.0,2,0,4,4,4,0.5,0.5,lba_k01_d01,0
ABABABAB,snr,B,2.0,0.0,2,0,4,4,4,0.5,0.5,abscount,0
ABABABAB,snr,B,2.0,0.0,2,0,4,4,4,0.5,0.5,likelihood_ration,0
ABABABAB,blca_l10_k01_wi01_leak01_beta01,B,1.98,-0.98,1,0,4,4,4,0.5,0.5,information,0
ABABABAB,blca_l10_k01_wi01_leak01_beta01,B,1.98,-0.98,1,0,4,4,4,0.5,0.5,snr,1
ABABABAB,blca_l10_k01_wi01_leak01_beta01,B,1.98,-0.98,1,0,4,4,4,0.5,0.5,relcount,0
ABABABAB,blca_l10_k01_wi01_leak01_beta01,B,1.98,-0.98,1,0,4,4,4,0.5,0.5,gating_g04,0
ABABABAB,blca_l10_k01_wi01_leak01_beta01,B,1.98,-0.98,1,0,4,4,4,0.5,0.5,naive,0
ABABABAB,blca_l10_k01_wi01_leak01_beta01,B,1.98,-0.98,1,0,4,4,4,0.5,0.5,lba_k01_d01,0
ABABABAB,blca_l10_k01_wi01_leak01_beta01,B,1.98,-0.98,1,0,4,4,4,0.5,0.5,abscount,0
ABABABAB,blca_l10_k01_wi01_leak01_beta01,B,1.98,-0.98,1,0,4,4,4,0.5,0.5,likelihood_ration,0
ABABABAB,gating_g04,N,,,,0,4,4,4,0.5,0.5,information,-1
ABABABAB,gating_g04,N,,,,0,4,4,4,0.5,0.5,snr,0
ABABABAB,gating_g04,N,,,,0,4,4,4,0.5,0.5,relcount,-1
ABABABAB,gating_g04,N,,,,0,4,4,4,0.5,0.5,blca_l10_k01_wi01_leak01_beta01,0
ABABABAB,gating_g04,N,,,,0,4,4,4,0.5,0.5,naive,-1
ABABABAB,gating_g04,N,,,,0,4,4,4,0.5,0.5,lba_k01_d01,0
ABABABAB,gating_g04,N,,,,0,4,4,4,0.5,0.5,abscount,-1
ABABABAB,gating_g04,N,,,,0,4,4,4,0.5,0.5,likelihood_ration,-1
ABABABAB,relcount,N,,,,0,4,4,4,0.5,0.5,information,-1
ABABABAB,relcount,N,,,,0,4,4,4,0.5,0.5,snr,0
ABABABAB,relcount,N,,,,0,4,4,4,0.5,0.5,gating_g04,-1
ABABABAB,relcount,N,,,,0,4,4,4,0.5,0.5,blca_l10_k01_wi01_leak01_beta01,0
ABABABAB,relcount,N,,,,0,4,4,4,0.5,0.5,naive,-1
ABABABAB,relcount,N,,,,0,4,4,4,0.5,0.5,lba_k01_d01,0
ABABABAB,relcount,N,,,,0,4,4,4,0.5,0.5,abscount,-1
ABABABAB,relcount,N,,,,0,4,4,4,0.5,0.5,likelihood_ration,-1
ABABABAB,likelihood_ration,N,,,,0,4,4,4,0.5,0.5,information,-1
ABABABAB,likelihood_ration,N,,,,0,4,4,4,0.5,0.5,relcount,-1
ABABABAB,likelihood_ration,N,,,,0,4,4,4,0.5,0.5,snr,0
ABABABAB,likelihood_ration,N,,,,0,4,4,4,0.5,0.5,gating_g04,-1
ABABABAB,likelihood_ration,N,,,,0,4,4,4,0.5,0.5,blca_l10_k01_wi01_leak01_beta01,0
ABABABAB,likelihood_ration,N,,,,0,4,4,4,0.5,0.5,naive,-1
ABABABAB,likelihood_ration,N,,,,0,4,4,4,0.5,0.5,lba_k01_d01,0
ABABABAB,likelihood_ration,N,,,,0,4,4,4,0.5,0.5,abscount,-1
ABABABAA,information,N,,,,1,5,3,5,0.5,0.75,relcount,-1
ABABABAA,information,N,,,,1,5,3,5,0.5,0.75,snr,0
ABABABAA,information,N,,,,1,5,3,5,0.5,0.75,gating_g04,-1
ABABABAA,information,N,,,,1,5,3,5,0.5,0.75,blca_l10_k01_wi01_leak01_beta01,0
ABABABAA,information,N,,,,1,5,3,5,0.5,0.75,naive,0
ABABABAA,information,N,,,,1,5,3,5,0.5,0.75,lba_k01_d01,0
ABABABAA,information,N,,,,1,5,3,5,0.5,0.75,abscount,-1
ABABABAA,information,N,,,,1,5,3,5,0.5,0.75,likelihood_ration,-1
ABABABAA,naive,A,0.75,0,7,1,5,3,5,0.5,0.75,information,0
ABABABAA,naive,A,0.75,0,7,1,5,3,5,0.5,0.75,snr,0
ABABABAA,naive,A,0.75,0,7,1,5,3,5,0.5,0.75,relcount,0
ABABABAA,naive,A,0.75,0,7,1,5,3,5,0.5,0.75,blca_l10_k01_wi01_leak01_beta01,0
ABABABAA,naive,A,0.75,0,7,1,5,3,5,0.5,0.75,gating_g04,0
ABABABAA,naive,A,0.75,0,7,1,5,3,5,0.5,0.75,lba_k01_d01,1
ABABABAA,naive,A,0.75,0,7,1,5,3,5,0.5,0.75,abscount,0
ABABABAA,naive,A,0.75,0,7,1,5,3,5,0.5,0.75,likelihood_ration,0
ABABABAA,lba_k01_d01,A,0.8,0.1,7,1,5,3,5,0.5,0.75,information,0
ABABABAA,lba_k01_d01,A,0.8,0.1,7,1,5,3,5,0.5,0.75,relcount,0
ABABABAA,lba_k01_d01,A,0.8,0.1,7,1,5,3,5,0.5,0.75,snr,0
ABABABAA,lba_k01_d01,A,0.8,0.1,7,1,5,3,5,0.5,0.75,gating_g04,0
ABABABAA,lba_k01_d01,A,0.8,0.1,7,1,5,3,5,0.5,0.75,blca_l10_k01_wi01_leak01_beta01,0
ABABABAA,lba_k01_d01,A,0.8,0.1,7,1,5,3,5,0.5,0.75,naive,1
ABABABAA,lba_k01_d01,A,0.8,0.1,7,1,5,3,5,0.5,0.75,abscount,0
ABABABAA,lba_k01_d01,A,0.8,0.1,7,1,5,3,5,0.5,0.75,likelihood_ration,0
ABABABAA,abscount,N,,,,1,5,3,5,0.5,0.75,information,-1
ABABABAA,abscount,N,,,,1,5,3,5,0.5,0.75,snr,0
ABABABAA,abscount,N,,,,1,5,3,5,0.5,0.75,gating_g04,-1
ABABABAA,abscount,N,,,,1,5,3,5,0.5,0.75,blca_l10_k01_wi01_leak01_beta01,0
ABABABAA,abscount,N,,,,1,5,3,5,0.5,0.75,naive,0
ABABABAA,abscount,N,,,,1,5,3,5,0.5,0.75,lba_k01_d01,0
ABABABAA,abscount,N,,,,1,5,3,5,0.5,0.75,relcount,-1
ABABABAA,abscount,N,,,,1,5,3,5,0.5,0.75,likelihood_ration,-1
ABABABAA,snr,B,2.0,0.0,2,1,5,3,5,0.5,0.75,information,0
ABABABAA,snr,B,2.0,0.0,2,1,5,3,5,0.5,0.75,gating_g04,0
ABABABAA,snr,B,2.0,0.0,2,1,5,3,5,0.5,0.75,relcount,0
ABABABAA,snr,B,2.0,0.0,2,1,5,3,5,0.5,0.75,blca_l10_k01_wi01_leak01_beta01,1
ABABABAA,snr,B,2.0,0.0,2,1,5,3,5,0.5,0.75,naive,0
ABABABAA,snr,B,2.0,0.0,2,1,5,3,5,0.5,0.75,lba_k01_d01,0
ABABABAA,snr,B,2.0,0.0,2,1,5,3,5,0.5,0.75,abscount,0
ABABABAA,snr,B,2.0,0.0,2,1,5,3,5,0.5,0.75,likelihood_ration,0
ABABABAA,blca_l10_k01_wi01_leak01_beta01,B,1.98,-0.98,1,1,5,3,5,0.5,0.75,information,0
ABABABAA,blca_l10_k01_wi01_leak01_beta01,B,1.98,-0.98,1,1,5,3,5,0.5,0.75,snr,1
ABABABAA,blca_l10_k01_wi01_leak01_beta01,B,1.98,-0.98,1,1,5,3,5,0.5,0.75,relcount,0
ABABABAA,blca_l10_k01_wi01_leak01_beta01,B,1.98,-0.98,1,1,5,3,5,0.5,0.75,gating_g04,0
ABABABAA,blca_l10_k01_wi01_leak01_beta01,B,1.98,-0.98,1,1,5,3,5,0.5,0.75,naive,0
ABABABAA,blca_l10_k01_wi01_leak01_beta01,B,1.98,-0.98,1,1,5,3,5,0.5,0.75,lba_k01_d01,0
ABABABAA,blca_l10_k01_wi01_leak01_beta01,B,1.98,-0.98,1,1,5,3,5,0.5,0.75,abscount,0
ABABABAA,blca_l10_k01_wi01_leak01_beta01,B,1.98,-0.98,1,1,5,3,5,0.5,0.75,likelihood_ration,0
ABABABAA,gating_g04,N,,,,1,5,3,5,0.5,0.75,information,-1
ABABABAA,gating_g04,N,,,,1,5,3,5,0.5,0.75,snr,0
ABABABAA,gating_g04,N,,,,1,5,3,5,0.5,0.75,relcount,-1
ABABABAA,gating_g04,N,,,,1,5,3,5,0.5,0.75,blca_l10_k01_wi01_leak01_beta01,0
ABABABAA,gating_g04,N,,,,1,5,3,5,0.5,0.75,naive,0
ABABABAA,gating_g04,N,,,,1,5,3,5,0.5,0.75,lba_k01_d01,0
ABABABAA,gating_g04,N,,,,1,5,3,5,0.5,0.75,abscount,-1
ABABABAA,gating_g04,N,,,,1,5,3,5,0.5,0.75,likelihood_ration,-1
ABABABAA,relcount,N,,,,1,5,3,5,0.5,0.75,information,-1
ABABABAA,relcount,N,,,,1,5,3,5,0.5,0.75,snr,0
ABABABAA,relcount,N,,,,1,5,3,5,0.5,0.75,gating_g04,-1
ABABABAA,relcount,N,,,,1,5,3,5,0.5,0.75,blca_l10_k01_wi01_leak01_beta01,0
ABABABAA,relcount,N,,,,1,5,3,5,0.5,0.75,naive,0
ABABABAA,relcount,N,,,,1,5,3,5,0.5,0.75,lba_k01_d01,0
ABABABAA,relcount,N,,,,1,5,3,5,0.5,0.75,abscount,-1
ABABABAA,relcount,N,,,,1,5,3,5,0.5,0.75,likelihood_ration,-1
ABABABAA,likelihood_ration,N,,,,1,5,3,5,0.5,0.75,information,-1
ABABABAA,likelihood_ration,N,,,,1,5,3,5,0.5,0.75,relcount,-1
ABABABAA,likelihood_ration,N,,,,1,5,3,5,0.5,0.75,snr,0
ABABABAA,likelihood_ration,N,,,,1,5,3,5,0.5,0.75,gating_g04,-1
ABABABAA,likelihood_ration,N,,,,1,5,3,5,0.5,0.75,blca_l10_k01_wi01_leak01_beta01,0
ABABABAA,likelihood_ration,N,,,,1,5,3,5,0.5,0.75,naive,0
ABABABAA,likelihood_ration,N,,,,1,5,3,5,0.5,0.75,lba_k01_d01,0
ABABABAA,likelihood_ration,N,,,,1,5,3,5,0.5,0.75,abscount,-1
ABBAABBA,information,N,,,,4,4,4,4,0.5,0.5,relcount,-1
ABBAABBA,information,N,,,,4,4,4,4,0.5,0.5,snr,0
ABBAABBA,information,N,,,,4,4,4,4,0.5,0.5,gating_g04,-1
ABBAABBA,information,N,,,,4,4,4,4,0.5,0.5,blca_l10_k01_wi01_leak01_beta01,0
ABBAABBA,information,N,,,,4,4,4,4,0.5,0.5,naive,0
ABBAABBA,information,N,,,,4,4,4,4,0.5,0.5,lba_k01_d01,0
ABBAABBA,information,N,,,,4,4,4,4,0.5,0.5,abscount,-1
ABBAABBA,information,N,,,,4,4,4,4,0.5,0.5,likelihood_ration,-1
ABBAABBA,naive,B,0.75,0,2,4,4,4,4,0.5,0.5,information,0
ABBAABBA,naive,B,0.75,0,2,4,4,4,4,0.5,0.5,snr,1
ABBAABBA,naive,B,0.75,0,2,4,4,4,4,0.5,0.5,relcount,0
ABBAABBA,naive,B,0.75,0,2,4,4,4,4,0.5,0.5,blca_l10_k01_wi01_leak01_beta01,1
ABBAABBA,naive,B,0.75,0,2,4,4,4,4,0.5,0.5,gating_g04,0
ABBAABBA,naive,B,0.75,0,2,4,4,4,4,0.5,0.5,lba_k01_d01,0
ABBAABBA,naive,B,0.75,0,2,4,4,4,4,0.5,0.5,abscount,0
ABBAABBA,naive,B,0.75,0,2,4,4,4,4,0.5,0.5,likelihood_ration,0
ABBAABBA,lba_k01_d01,A,0.8,0.1,7,4,4,4,4,0.5,0.5,information,0
ABBAABBA,lba_k01_d01,A,0.8,0.1,7,4,4,4,4,0.5,0.5,relcount,0
ABBAABBA,lba_k01_d01,A,0.8,0.1,7,4,4,4,4,0.5,0.5,snr,0
ABBAABBA,lba_k01_d01,A,0.8,0.1,7,4,4,4,4,0.5,0.5,gating_g04,0
ABBAABBA,lba_k01_d01,A,0.8,0.1,7,4,4,4,4,0.5,0.5,blca_l10_k01_wi01_leak01_beta01,0
ABBAABBA,lba_k01_d01,A,0.8,0.1,7,4,4,4,4,0.5,0.5,naive,0
ABBAABBA,lba_k01_d01,A,0.8,0.1,7,4,4,4,4,0.5,0.5,abscount,0
ABBAABBA,lba_k01_d01,A,0.8,0.1,7,4,4,4,4,0.5,0.5,likelihood_ration,0
ABBAABBA,abscount,N,,,,4,4,4,4,0.5,0.5,information,-1
ABBAABBA,abscount,N,,,,4,4,4,4,0.5,0.5,snr,0
ABBAABBA,abscount,N,,,,4,4,4,4,0.5,0.5,gating_g04,-1
ABBAABBA,abscount,N,,,,4,4,4,4,0.5,0.5,blca_l10_k01_wi01_leak01_beta01,0
ABBAABBA,abscount,N,,,,4,4,4,4,0.5,0.5,naive,0
ABBAABBA,abscount,N,,,,4,4,4,4,0.5,0.5,lba_k01_d01,0
ABBAABBA,abscount,N,,,,4,4,4,4,0.5,0.5,relcount,-1
ABBAABBA,abscount,N,,,,4,4,4,4,0.5,0.5,likelihood_ration,-1
ABBAABBA,snr,B,2.0,0.0,2,4,4,4,4,0.5,0.5,information,0
ABBAABBA,snr,B,2.0,0.0,2,4,4,4,4,0.5,0.5,gating_g04,0
ABBAABBA,snr,B,2.0,0.0,2,4,4,4,4,0.5,0.5,relcount,0
ABBAABBA,snr,B,2.0,0.0,2,4,4,4,4,0.5,0.5,blca_l10_k01_wi01_leak01_beta01,1
ABBAABBA,snr,B,2.0,0.0,2,4,4,4,4,0.5,0.5,naive,1
ABBAABBA,snr,B,2.0,0.0,2,4,4,4,4,0.5,0.5,lba_k01_d01,0
ABBAABBA,snr,B,2.0,0.0,2,4,4,4,4,0.5,0.5,abscount,0
ABBAABBA,snr,B,2.0,0.0,2,4,4,4,4,0.5,0.5,likelihood_ration,0
ABBAABBA,blca_l10_k01_wi01_leak01_beta01,B,1.98,-0.98,1,4,4,4,4,0.5,0.5,information,0
ABBAABBA,blca_l10_k01_wi01_leak01_beta01,B,1.98,-0.98,1,4,4,4,4,0.5,0.5,snr,1
ABBAABBA,blca_l10_k01_wi01_leak01_beta01,B,1.98,-0.98,1,4,4,4,4,0.5,0.5,relcount,0
ABBAABBA,blca_l10_k01_wi01_leak01_beta01,B,1.98,-0.98,1,4,4,4,4,0.5,0.5,gating_g04,0
ABBAABBA,blca_l10_k01_wi01_leak01_beta01,B,1.98,-0.98,1,4,4,4,4,0.5,0.5,naive,1
ABBAABBA,blca_l10_k01_wi01_leak01_beta01,B,1.98,-0.98,1,4,4,4,4,0.5,0.5,lba_k01_d01,0
ABBAABBA,blca_l10_k01_wi01_leak01_beta01,B,1.98,-0.98,1,4,4,4,4,0.5,0.5,abscount,0
ABBAABBA,blca_l10_k01_wi01_leak01_beta01,B,1.98,-0.98,1,4,4,4,4,0.5,0.5,likelihood_ration,0
ABBAABBA,gating_g04,N,,,,4,4,4,4,0.5,0.5,information,-1
ABBAABBA,gating_g04,N,,,,4,4,4,4,0.5,0.5,snr,0
ABBAABBA,gating_g04,N,,,,4,4,4,4,0.5,0.5,relcount,-1
ABBAABBA,gating_g04,N,,,,4,4,4,4,0.5,0.5,blca_l10_k01_wi01_leak01_beta01,0
ABBAABBA,gating_g04,N,,,,4,4,4,4,0.5,0.5,naive,0
ABBAABBA,gating_g04,N,,,,4,4,4,4,0.5,0.5,lba_k01_d01,0
ABBAABBA,gating_g04,N,,,,4,4,4,4,0.5,0.5,abscount,-1
ABBAABBA,gating_g04,N,,,,4,4,4,4,0.5,0.5,likelihood_ration,-1
ABBAABBA,relcount,N,,,,4,4,4,4,0.5,0.5,information,-1
ABBAABBA,relcount,N,,,,4,4,4,4,0.5,0.5,snr,0
ABBAABBA,relcount,N,,,,4,4,4,4,0.5,0.5,gating_g04,-1
ABBAABBA,relcount,N,,,,4,4,4,4,0.5,0.5,blca_l10_k01_wi01_leak01_beta01,0
ABBAABBA,relcount,N,,,,4,4,4,4,0.5,0.5,naive,0
ABBAABBA,relcount,N,,,,4,4,4,4,0.5,0.5,lba_k01_d01,0
ABBAABBA,relcount,N,,,,4,4,4,4,0.5,0.5,abscount,-1
ABBAABBA,relcount,N,,,,4,4,4,4,0.5,0.5,likelihood_ration,-1
ABBAABBA,likelihood_ration,N,,,,4,4,4,4,0.5,0.5,information,-1
ABBAABBA,likelihood_ration,N,,,,4,4,4,4,0.5,0.5,relcount,-1
ABBAABBA,likelihood_ration,N,,,,4,4,4,4,0.5,0.5,snr,0
ABBAABBA,likelihood_ration,N,,,,4,4,4,4,0.5,0.5,gating_g04,-1
ABBAABBA,likelihood_ration,N,,,,4,4,4,4,0.5,0.5,blca_l10_k01_wi01_leak01_beta01,0
ABBAABBA,likelihood_ration,N,,,,4,4,4,4,0.5,0.5,naive,0
ABBAABBA,likelihood_ration,N,,,,4,4,4,4,0.5,0.5,lba_k01_d01,0
ABBAABBA,likelihood_ration,N,,,,4,4,4,4,0.5,0.5,abscount,-1
ABBAABBB,information,N,,,,3,3,5,5,0.5,0.75,relcount,-1
ABBAABBB,information,N,,,,3,3,5,5,0.5,0.75,snr,0
ABBAABBB,information,N,,,,3,3,5,5,0.5,0.75,gating_g04,-1
ABBAABBB,information,N,,,,3,3,5,5,0.5,0.75,blca_l10_k01_wi01_leak01_beta01,0
ABBAABBB,information,N,,,,3,3,5,5,0.5,0.75,naive,0
ABBAABBB,information,N,,,,3,3,5,5,0.5,0.75,lba_k01_d01,0
ABBAABBB,information,N,,,,3,3,5,5,0.5,0.75,abscount,-1
ABBAABBB,information,N,,,,3,3,5,5,0.5,0.75,likelihood_ration,-1
ABBAABBB,naive,B,0.75,0,2,3,3,5,5,0.5,0.75,information,0
ABBAABBB,naive,B,0.75,0,2,3,3,5,5,0.5,0.75,snr,1
ABBAABBB,naive,B,0.75,0,2,3,3,5,5,0.5,0.75,relcount,0
ABBAABBB,naive,B,0.75,0,2,3,3,5,5,0.5,0.75,blca_l10_k01_wi01_leak01_beta01,1
ABBAABBB,naive,B,0.75,0,2,3,3,5,5,0.5,0.75,gating_g04,0
ABBAABBB,naive,B,0.75,0,2,3,3,5,5,0.5,0.75,lba_k01_d01,0
ABBAABBB,naive,B,0.75,0,2,3,3,5,5,0.5,0.75,abscount,0
ABBAABBB,naive,B,0.75,0,2,3,3,5,5,0.5,0.75,likelihood_ration,0
ABBAABBB,lba_k01_d01,A,0.8,0.1,7,3,3,5,5,0.5,0.75,information,0
ABBAABBB,lba_k01_d01,A,0.8,0.1,7,3,3,5,5,0.5,0.75,relcount,0
ABBAABBB,lba_k01_d01,A,0.8,0.1,7,3,3,5,5,0.5,0.75,snr,0
ABBAABBB,lba_k01_d01,A,0.8,0.1,7,3,3,5,5,0.5,0.75,gating_g04,0
ABBAABBB,lba_k01_d01,A,0.8,0.1,7,3,3,5,5,0.5,0.75,blca_l10_k01_wi01_leak01_beta01,0
ABBAABBB,lba_k01_d01,A,0.8,0.1,7,3,3,5,5,0.5,0.75,naive,0
ABBAABBB,lba_k01_d01,A,0.8,0.1,7,3,3,5,5,0.5,0.75,abscount,0
ABBAABBB,lba_k01_d01,A,0.8,0.1,7,3,3,5,5,0.5,0.75,likelihood_ration,0
ABBAABBB,abscount,N,,,,3,3,5,5,0.5,0.75,information,-1
ABBAABBB,abscount,N,,,,3,3,5,5,0.5,0.75,snr,0
ABBAABBB,abscount,N,,,,3,3,5,5,0.5,0.75,gating_g04,-1
ABBAABBB,abscount,N,,,,3,3,5,5,0.5,0.75,blca_l10_k01_wi01_leak01_beta01,0
ABBAABBB,abscount,N,,,,3,3,5,5,0.5,0.75,naive,0
ABBAABBB,abscount,N,,,,3,3,5,5,0.5,0.75,lba_k01_d01,0
ABBAABBB,abscount,N,,,,3,3,5,5,0.5,0.75,relcount,-1
ABBAABBB,abscount,N,,,,3,3,5,5,0.5,0.75,likelihood_ration,-1
ABBAABBB,snr,B,2.0,0.0,2,3,3,5,5,0.5,0.75,information,0
ABBAABBB,snr,B,2.0,0.0,2,3,3,5,5,0.5,0.75,gating_g04,0
ABBAABBB,snr,B,2.0,0.0,2,3,3,5,5,0.5,0.75,relcount,0
ABBAABBB,snr,B,2.0,0.0,2,3,3,5,5,0.5,0.75,blca_l10_k01_wi01_leak01_beta01,1
ABBAABBB,snr,B,2.0,0.0,2,3,3,5,5,0.5,0.75,naive,1
ABBAABBB,snr,B,2.0,0.0,2,3,3,5,5,0.5,0.75,lba_k01_d01,0
ABBAABBB,snr,B,2.0,0.0,2,3,3,5,5,0.5,0.75,abscount,0
ABBAABBB,snr,B,2.0,0.0,2,3,3,5,5,0.5,0.75,likelihood_ration,0
ABBAABBB,blca_l10_k01_wi01_leak01_beta01,B,1.98,-0.98,1,3,3,5,5,0.5,0.75,information,0
ABBAABBB,blca_l10_k01_wi01_leak01_beta01,B,1.98,-0.98,1,3,3,5,5,0.5,0.75,snr,1
ABBAABBB,blca_l10_k01_wi01_leak01_beta01,B,1.98,-0.98,1,3,3,5,5,0.5,0.75,relcount,0
ABBAABBB,blca_l10_k01_wi01_leak01_beta01,B,1.98,-0.98,1,3,3,5,5,0.5,0.75,gating_g04,0
ABBAABBB,blca_l10_k01_wi01_leak01_beta01,B,1.98,-0.98,1,3,3,5,5,0.5,0.75,naive,1
ABBAABBB,blca_l10_k01_wi01_leak01_beta01,B,1.98,-0.98,1,3,3,5,5,0.5,0.75,lba_k01_d01,0
ABBAABBB,blca_l10_k01_wi01_leak01_beta01,B,1.98,-0.98,1,3,3,5,5,0.5,0.75,abscount,0
ABBAABBB,blca_l10_k01_wi01_leak01_beta01,B,1.98,-0.98,1,3,3,5,5,0.5,0.75,likelihood_ration,0
ABBAABBB,gating_g04,N,,,,3,3,5,5,0.5,0.75,information,-1
ABBAABBB,gating_g04,N,,,,3,3,5,5,0.5,0.75,snr,0
ABBAABBB,gating_g04,N,,,,3,3,5,5,0.5,0.75,relcount,-1
ABBAABBB,gating_g04,N,,,,3,3,5,5,0.5,0.75,blca_l10_k01_wi01_leak01_beta01,0
ABBAABBB,gating_g04,N,,,,3,3,5,5,0.5,0.75,naive,0
ABBAABBB,gating_g04,N,,,,3,3,5,5,0.5,0.75,lba_k01_d01,0
ABBAABBB,gating_g04,N,,,,3,3,5,5,0.5,0.75,abscount,-1
ABBAABBB,gating_g04,N,,,,3,3,5,5,0.5,0.75,likelihood_ration,-1
ABBAABBB,relcount,N,,,,3,3,5,5,0.5,0.75,information,-1
ABBAABBB,relcount,N,,,,3,3,5,5,0.5,0.75,snr,0
ABBAABBB,relcount,N,,,,3,3,5,5,0.5,0.75,gating_g04,-1
ABBAABBB,relcount,N,,,,3,3,5,5,0.5,0.75,blca_l10_k01_wi01_leak01_beta01,0
ABBAABBB,relcount,N,,,,3,3,5,5,0.5,0.75,naive,0
ABBAABBB,relcount,N,,,,3,3,5,5,0.5,0.75,lba_k01_d01,0
ABBAABBB,relcount,N,,,,3,3,5,5,0.5,0.75,abscount,-1
ABBAABBB,relcount,N,,,,3,3,5,5,0.5,0.75,likelihood_ration,-1
ABBAABBB,likelihood_ration,N,,,,3,3,5,5,0.5,0.75,information,-1
ABBAABBB,likelihood_ration,N,,,,3,3,5,5,0.5,0.75,relcount,-1
ABBAABBB,likelihood_ration,N,,,,3,3,5,5,0.5,0.75,snr,0
ABBAABBB,likelihood_ration,N,,,,3,3,5,5,0.5,0.75,gating_g04,-1
ABBAABBB,likelihood_ration,N,,,,3,3,5,5,0.5,0.75,blca_l10_k01_wi01_leak01_beta01,0
ABBAABBB,likelihood_ration,N,,,,3,3,5,5,0.5,0.75,naive,0
ABBAABBB,likelihood_ration,N,,,,3,3,5,5,0.5,0.75,lba_k01_d01,0
ABBAABBB,likelihood_ration,N,,,,3,3,5,5,0.5,0.75,abscount,-1
ABBBABAB,information,N,,,,1,3,5,5,0.75,0.5,relcount,-1
ABBBABAB,information,N,,,,1,3,5,5,0.75,0.5,snr,0
ABBBABAB,information,N,,,,1,3,5,5,0.75,0.5,gating_g04,-1
ABBBABAB,information,N,,,,1,3,5,5,0.75,0.5,blca_l10_k01_wi01_leak01_beta01,0
ABBBABAB,information,N,,,,1,3,5,5,0.75,0.5,naive,0
ABBBABAB,information,N,,,,1,3,5,5,0.75,0.5,lba_k01_d01,0
ABBBABAB,information,N,,,,1,3,5,5,0.75,0.5,abscount,-1
ABBBABAB,information,N,,,,1,3,5,5,0.75,0.5,likelihood_ration,0
ABBBABAB,naive,B,0.75,0,2,1,3,5,5,0.75,0.5,information,0
ABBBABAB,naive,B,0.75,0,2,1,3,5,5,0.75,0.5,snr,1
ABBBABAB,naive,B,0.75,0,2,1,3,5,5,0.75,0.5,relcount,0
ABBBABAB,naive,B,0.75,0,2,1,3,5,5,0.75,0.5,blca_l10_k01_wi01_leak01_beta01,1
ABBBABAB,naive,B,0.75,0,2,1,3,5,5,0.75,0.5,gating_g04,0
ABBBABAB,naive,B,0.75,0,2,1,3,5,5,0.75,0.5,lba_k01_d01,0
ABBBABAB,naive,B,0.75,0,2,1,3,5,5,0.75,0.5,abscount,0
ABBBABAB,naive,B,0.75,0,2,1,3,5,5,0.75,0.5,likelihood_ration,1
ABBBABAB,lba_k01_d01,A,0.8,0.1,7,1,3,5,5,0.75,0.5,information,0
ABBBABAB,lba_k01_d01,A,0.8,0.1,7,1,3,5,5,0.75,0.5,relcount,0
ABBBABAB,lba_k01_d01,A,0.8,0.1,7,1,3,5,5,0.75,0.5,snr,0
ABBBABAB,lba_k01_d01,A,0.8,0.1,7,1,3,5,5,0.75,0.5,gating_g04,0
ABBBABAB,lba_k01_d01,A,0.8,0.1,7,1,3,5,5,0.75,0.5,blca_l10_k01_wi01_leak01_beta01,0
ABBBABAB,lba_k01_d01,A,0.8,0.1,7,1,3,5,5,0.75,0.5,naive,0
ABBBABAB,lba_k01_d01,A,0.8,0.1,7,1,3,5,5,0.75,0.5,abscount,0
ABBBABAB,lba_k01_d01,A,0.8,0.1,7,1,3,5,5,0.75,0.5,likelihood_ration,0
ABBBABAB,abscount,N,,,,1,3,5,5,0.75,0.5,information,-1
ABBBABAB,abscount,N,,,,1,3,5,5,0.75,0.5,snr,0
ABBBABAB,abscount,N,,,,1,3,5,5,0.75,0.5,gating_g04,-1
ABBBABAB,abscount,N,,,,1,3,5,5,0.75,0.5,blca_l10_k01_wi01_leak01_beta01,0
ABBBABAB,abscount,N,,,,1,3,5,5,0.75,0.5,naive,0
ABBBABAB,abscount,N,,,,1,3,5,5,0.75,0.5,lba_k01_d01,0
ABBBABAB,abscount,N,,,,1,3,5,5,0.75,0.5,relcount,-1
ABBBABAB,abscount,N,,,,1,3,5,5,0.75,0.5,likelihood_ration,0
ABBBABAB,snr,B,2.0,0.0,2,1,3,5,5,0.75,0.5,information,0
ABBBABAB,snr,B,2.0,0.0,2,1,3,5,5,0.75,0.5,gating_g04,0
ABBBABAB,snr,B,2.0,0.0,2,1,3,5,5,0.75,0.5,relcount,0
ABBBABAB,snr,B,2.0,0.0,2,1,3,5,5,0.75,0.5,blca_l10_k01_wi01_leak01_beta01,1
ABBBABAB,snr,B,2.0,0.0,2,1,3,5,5,0.75,0.5,naive,1
ABBBABAB,snr,B,2.0,0.0,2,1,3,5,5,0.75,0.5,lba_k01_d01,0
ABBBABAB,snr,B,2.0,0.0,2,1,3,5,5,0.75,0.5,abscount,0
ABBBABAB,snr,B,2.0,0.0,2,1,3,5,5,0.75,0.5,likelihood_ration,1
ABBBABAB,blca_l10_k01_wi01_leak01_beta01,B,1.98,-0.98,1,1,3,5,5,0.75,0.5,information,0
ABBBABAB,blca_l10_k01_wi01_leak01_beta01,B,1.98,-0.98,1,1,3,5,5,0.75,0.5,snr,1
ABBBABAB,blca_l10_k01_wi01_leak01_beta01,B,1.98,-0.98,1,1,3,5,5,0.75,0.5,relcount,0
ABBBABAB,blca_l10_k01_wi01_leak01_beta01,B,1.98,-0.98,1,1,3,5,5,0.75,0.5,gating_g04,0
ABBBABAB,blca_l10_k01_wi01_leak01_beta01,B,1.98,-0.98,1,1,3,5,5,0.75,0.5,naive,1
ABBBABAB,blca_l10_k01_wi01_leak01_beta01,B,1.98,-0.98,1,1,3,5,5,0.75,0.5,lba_k01_d01,0
ABBBABAB,blca_l10_k01_wi01_leak01_beta01,B,1.98,-0.98,1,1,3,5,5,0.75,0.5,abscount,0
ABBBABAB,blca_l10_k01_wi01_leak01_beta01,B,1.98,-0.98,1,1,3,5,5,0.75,0.5,likelihood_ration,1
ABBBABAB,gating_g04,N,,,,1,3,5,5,0.75,0.5,information,-1
ABBBABAB,gating_g04,N,,,,1,3,5,5,0.75,0.5,snr,0
ABBBABAB,gating_g04,N,,,,1,3,5,5,0.75,0.5,relcount,-1
ABBBABAB,gating_g04,N,,,,1,3,5,5,0.75,0.5,blca_l10_k01_wi01_leak01_beta01,0
ABBBABAB,gating_g04,N,,,,1,3,5,5,0.75,0.5,naive,0
ABBBABAB,gating_g04,N,,,,1,3,5,5,0.75,0.5,lba_k01_d01,0
ABBBABAB,gating_g04,N,,,,1,3,5,5,0.75,0.5,abscount,-1
ABBBABAB,gating_g04,N,,,,1,3,5,5,0.75,0.5,likelihood_ration,0
ABBBABAB,relcount,N,,,,1,3,5,5,0.75,0.5,information,-1
ABBBABAB,relcount,N,,,,1,3,5,5,0.75,0.5,snr,0
ABBBABAB,relcount,N,,,,1,3,5,5,0.75,0.5,gating_g04,-1
ABBBABAB,relcount,N,,,,1,3,5,5,0.75,0.5,blca_l10_k01_wi01_leak01_beta01,0
ABBBABAB,relcount,N,,,,1,3,5,5,0.75,0.5,naive,0
ABBBABAB,relcount,N,,,,1,3,5,5,0.75,0.5,lba_k01_d01,0
ABBBABAB,relcount,N,,,,1,3,5,5,0.75,0.5,abscount,-1
ABBBABAB,relcount,N,,,,1,3,5,5,0.75,0.5,likelihood_ration,0
ABBBABAB,likelihood_ration,B,-1.38021124171,0,7,1,3,5,5,0.75,0.5,information,0
ABBBABAB,likelihood_ration,B,-1.38021124171,0,7,1,3,5,5,0.75,0.5,relcount,0
ABBBABAB,likelihood_ration,B,-1.38021124171,0,7,1,3,5,5,0.75,0.5,snr,1
ABBBABAB,likelihood_ration,B,-1.38021124171,0,7,1,3,5,5,0.75,0.5,gating_g04,0
ABBBABAB,likelihood_ration,B,-1.38021124171,0,7,1,3,5,5,0.75,0.5,blca_l10_k01_wi01_leak01_beta01,1
ABBBABAB,likelihood_ration,B,-1.38021124171,0,7,1,3,5,5,0.75,0.5,naive,1
ABBBABAB,likelihood_ration,B,-1.38021124171,0,7,1,3,5,5,0.75,0.5,lba_k01_d01,0
ABBBABAB,likelihood_ration,B,-1.38021124171,0,7,1,3,5,5,0.75,0.5,abscount,0
ABBBABAA,information,N,,,,2,4,4,4,0.75,0.75,relcount,-1
ABBBABAA,information,N,,,,2,4,4,4,0.75,0.75,snr,0
ABBBABAA,information,N,,,,2,4,4,4,0.75,0.75,gating_g04,-1
ABBBABAA,information,N,,,,2,4,4,4,0.75,0.75,blca_l10_k01_wi01_leak01_beta01,0
ABBBABAA,information,N,,,,2,4,4,4,0.75,0.75,naive,0
ABBBABAA,information,N,,,,2,4,4,4,0.75,0.75,lba_k01_d01,0
ABBBABAA,information,N,,,,2,4,4,4,0.75,0.75,abscount,-1
ABBBABAA,information,N,,,,2,4,4,4,0.75,0.75,likelihood_ration,0
ABBBABAA,naive,B,0.75,0,2,2,4,4,4,0.75,0.75,information,0
ABBBABAA,naive,B,0.75,0,2,2,4,4,4,0.75,0.75,snr,1
ABBBABAA,naive,B,0.75,0,2,2,4,4,4,0.75,0.75,relcount,0
ABBBABAA,naive,B,0.75,0,2,2,4,4,4,0.75,0.75,blca_l10_k01_wi01_leak01_beta01,1
ABBBABAA,naive,B,0.75,0,2,2,4,4,4,0.75,0.75,gating_g04,0
ABBBABAA,naive,B,0.75,0,2,2,4,4,4,0.75,0.75,lba_k01_d01,0
ABBBABAA,naive,B,0.75,0,2,2,4,4,4,0.75,0.75,abscount,0
ABBBABAA,naive,B,0.75,0,2,2,4,4,4,0.75,0.75,likelihood_ration,1
ABBBABAA,lba_k01_d01,A,0.8,0.1,7,2,4,4,4,0.75,0.75,information,0
ABBBABAA,lba_k01_d01,A,0.8,0.1,7,2,4,4,4,0.75,0.75,relcount,0
ABBBABAA,lba_k01_d01,A,0.8,0.1,7,2,4,4,4,0.75,0.75,snr,0
ABBBABAA,lba_k01_d01,A,0.8,0.1,7,2,4,4,4,0.75,0.75,gating_g04,0
ABBBABAA,lba_k01_d01,A,0.8,0.1,7,2,4,4,4,0.75,0.75,blca_l10_k01_wi01_leak01_beta01,0
ABBBABAA,lba_k01_d01,A,0.8,0.1,7,2,4,4,4,0.75,0.75,naive,0
ABBBABAA,lba_k01_d01,A,0.8,0.1,7,2,4,4,4,0.75,0.75,abscount,0
ABBBABAA,lba_k01_d01,A,0.8,0.1,7,2,4,4,4,0.75,0.75,likelihood_ration,0
ABBBABAA,abscount,N,,,,2,4,4,4,0.75,0.75,information,-1
ABBBABAA,abscount,N,,,,2,4,4,4,0.75,0.75,snr,0
ABBBABAA,abscount,N,,,,2,4,4,4,0.75,0.75,gating_g04,-1
ABBBABAA,abscount,N,,,,2,4,4,4,0.75,0.75,blca_l10_k01_wi01_leak01_beta01,0
ABBBABAA,abscount,N,,,,2,4,4,4,0.75,0.75,naive,0
ABBBABAA,abscount,N,,,,2,4,4,4,0.75,0.75,lba_k01_d01,0
ABBBABAA,abscount,N,,,,2,4,4,4,0.75,0.75,relcount,-1
ABBBABAA,abscount,N,,,,2,4,4,4,0.75,0.75,likelihood_ration,0
ABBBABAA,snr,B,2.0,0.0,2,2,4,4,4,0.75,0.75,information,0
ABBBABAA,snr,B,2.0,0.0,2,2,4,4,4,0.75,0.75,gating_g04,0
ABBBABAA,snr,B,2.0,0.0,2,2,4,4,4,0.75,0.75,relcount,0
ABBBABAA,snr,B,2.0,0.0,2,2,4,4,4,0.75,0.75,blca_l10_k01_wi01_leak01_beta01,1
ABBBABAA,snr,B,2.0,0.0,2,2,4,4,4,0.75,0.75,naive,1
ABBBABAA,snr,B,2.0,0.0,2,2,4,4,4,0.75,0.75,lba_k01_d01,0
ABBBABAA,snr,B,2.0,0.0,2,2,4,4,4,0.75,0.75,abscount,0
ABBBABAA,snr,B,2.0,0.0,2,2,4,4,4,0.75,0.75,likelihood_ration,1
ABBBABAA,blca_l10_k01_wi01_leak01_beta01,B,1.98,-0.98,1,2,4,4,4,0.75,0.75,information,0
ABBBABAA,blca_l10_k01_wi01_leak01_beta01,B,1.98,-0.98,1,2,4,4,4,0.75,0.75,snr,1
ABBBABAA,blca_l10_k01_wi01_leak01_beta01,B,1.98,-0.98,1,2,4,4,4,0.75,0.75,relcount,0
ABBBABAA,blca_l10_k01_wi01_leak01_beta01,B,1.98,-0.98,1,2,4,4,4,0.75,0.75,gating_g04,0
ABBBABAA,blca_l10_k01_wi01_leak01_beta01,B,1.98,-0.98,1,2,4,4,4,0.75,0.75,naive,1
ABBBABAA,blca_l10_k01_wi01_leak01_beta01,B,1.98,-0.98,1,2,4,4,4,0.75,0.75,lba_k01_d01,0
ABBBABAA,blca_l10_k01_wi01_leak01_beta01,B,1.98,-0.98,1,2,4,4,4,0.75,0.75,abscount,0
ABBBABAA,blca_l10_k01_wi01_leak01_beta01,B,1.98,-0.98,1,2,4,4,4,0.75,0.75,likelihood_ration,1
ABBBABAA,gating_g04,N,,,,2,4,4,4,0.75,0.75,information,-1
ABBBABAA,gating_g04,N,,,,2,4,4,4,0.75,0.75,snr,0
ABBBABAA,gating_g04,N,,,,2,4,4,4,0.75,0.75,relcount,-1
ABBBABAA,gating_g04,N,,,,2,4,4,4,0.75,0.75,blca_l10_k01_wi01_leak01_beta01,0
ABBBABAA,gating_g04,N,,,,2,4,4,4,0.75,0.75,naive,0
ABBBABAA,gating_g04,N,,,,2,4,4,4,0.75,0.75,lba_k01_d01,0
ABBBABAA,gating_g04,N,,,,2,4,4,4,0.75,0.75,abscount,-1
ABBBABAA,gating_g04,N,,,,2,4,4,4,0.75,0.75,likelihood_ration,0
ABBBABAA,relcount,N,,,,2,4,4,4,0.75,0.75,information,-1
ABBBABAA,relcount,N,,,,2,4,4,4,0.75,0.75,snr,0
ABBBABAA,relcount,N,,,,2,4,4,4,0.75,0.75,gating_g04,-1
ABBBABAA,relcount,N,,,,2,4,4,4,0.75,0.75,blca_l10_k01_wi01_leak01_beta01,0
ABBBABAA,relcount,N,,,,2,4,4,4,0.75,0.75,naive,0
ABBBABAA,relcount,N,,,,2,4,4,4,0.75,0.75,lba_k01_d01,0
ABBBABAA,relcount,N,,,,2,4,4,4,0.75,0.75,abscount,-1
ABBBABAA,relcount,N,,,,2,4,4,4,0.75,0.75,likelihood_ration,0
ABBBABAA,likelihood_ration,B,-1.38021124171,0,7,2,4,4,4,0.75,0.75,information,0
ABBBABAA,likelihood_ration,B,-1.38021124171,0,7,2,4,4,4,0.75,0.75,relcount,0
ABBBABAA,likelihood_ration,B,-1.38021124171,0,7,2,4,4,4,0.75,0.75,snr,1
ABBBABAA,likelihood_ration,B,-1.38021124171,0,7,2,4,4,4,0.75,0.75,gating_g04,0
ABBBABAA,likelihood_ration,B,-1.38021124171,0,7,2,4,4,4,0.75,0.75,blca_l10_k01_wi01_leak01_beta01,1
ABBBABAA,likelihood_ration,B,-1.38021124171,0,7,2,4,4,4,0.75,0.75,naive,1
ABBBABAA,likelihood_ration,B,-1.38021124171,0,7,2,4,4,4,0.75,0.75,lba_k01_d01,0
ABBBABAA,likelihood_ration,B,-1.38021124171,0,7,2,4,4,4,0.75,0.75,abscount,0
AAAABBBB,information,A,0.75,0.0,4,4,4,4,4,1.0,1.0,relcount,0
AAAABBBB,information,A,0.75,0.0,4,4,4,4,4,1.0,1.0,snr,0
AAAABBBB,information,A,0.75,0.0,4,4,4,4,4,1.0,1.0,gating_g04,0
AAAABBBB,information,A,0.75,0.0,4,4,4,4,4,1.0,1.0,blca_l10_k01_wi01_leak01_beta01,0
AAAABBBB,information,A,0.75,0.0,4,4,4,4,4,1.0,1.0,naive,1
AAAABBBB,information,A,0.75,0.0,4,4,4,4,4,1.0,1.0,lba_k01_d01,1
AAAABBBB,information,A,0.75,0.0,4,4,4,4,4,1.0,1.0,abscount,0
AAAABBBB,information,A,0.75,0.0,4,4,4,4,4,1.0,1.0,likelihood_ration,0
AAAABBBB,naive,A,0.75,0,1,4,4,4,4,1.0,1.0,information,1
AAAABBBB,naive,A,0.75,0,1,4,4,4,4,1.0,1.0,snr,0
AAAABBBB,naive,A,0.75,0,1,4,4,4,4,1.0,1.0,relcount,0
AAAABBBB,naive,A,0.75,0,1,4,4,4,4,1.0,1.0,blca_l10_k01_wi01_leak01_beta01,0
AAAABBBB,naive,A,0.75,0,1,4,4,4,4,1.0,1.0,gating_g04,0
AAAABBBB,naive,A,0.75,0,1,4,4,4,4,1.0,1.0,lba_k01_d01,1
AAAABBBB,naive,A,0.75,0,1,4,4,4,4,1.0,1.0,abscount,0
AAAABBBB,naive,A,0.75,0,1,4,4,4,4,1.0,1.0,likelihood_ration,0
AAAABBBB,lba_k01_d01,A,0.8,0.1,7,4,4,4,4,1.0,1.0,information,1
AAAABBBB,lba_k01_d01,A,0.8,0.1,7,4,4,4,4,1.0,1.0,relcount,0
AAAABBBB,lba_k01_d01,A,0.8,0.1,7,4,4,4,4,1.0,1.0,snr,0
AAAABBBB,lba_k01_d01,A,0.8,0.1,7,4,4,4,4,1.0,1.0,gating_g04,0
AAAABBBB,lba_k01_d01,A,0.8,0.1,7,4,4,4,4,1.0,1.0,blca_l10_k01_wi01_leak01_beta01,0
AAAABBBB,lba_k01_d01,A,0.8,0.1,7,4,4,4,4,1.0,1.0,naive,1
AAAABBBB,lba_k01_d01,A,0.8,0.1,7,4,4,4,4,1.0,1.0,abscount,0
AAAABBBB,lba_k01_d01,A,0.8,0.1,7,4,4,4,4,1.0,1.0,likelihood_ration,0
AAAABBBB,abscount,N,,,,4,4,4,4,1.0,1.0,information,0
AAAABBBB,abscount,N,,,,4,4,4,4,1.0,1.0,snr,0
AAAABBBB,abscount,N,,,,4,4,4,4,1.0,1.0,gating_g04,-1
AAAABBBB,abscount,N,,,,4,4,4,4,1.0,1.0,blca_l10_k01_wi01_leak01_beta01,0
AAAABBBB,abscount,N,,,,4,4,4,4,1.0,1.0,naive,0
AAAABBBB,abscount,N,,,,4,4,4,4,1.0,1.0,lba_k01_d01,0
AAAABBBB,abscount,N,,,,4,4,4,4,1.0,1.0,relcount,-1
AAAABBBB,abscount,N,,,,4,4,4,4,1.0,1.0,likelihood_ration,-1
AAAABBBB,snr,B,1.25,0.0,5,4,4,4,4,1.0,1.0,information,0
AAAABBBB,snr,B,1.25,0.0,5,4,4,4,4,1.0,1.0,gating_g04,0
AAAABBBB,snr,B,1.25,0.0,5,4,4,4,4,1.0,1.0,relcount,0
AAAABBBB,snr,B,1.25,0.0,5,4,4,4,4,1.0,1.0,blca_l10_k01_wi01_leak01_beta01,1
AAAABBBB,snr,B,1.25,0.0,5,4,4,4,4,1.0,1.0,naive,0
AAAABBBB,snr,B,1.25,0.0,5,4,4,4,4,1.0,1.0,lba_k01_d01,0
AAAABBBB,snr,B,1.25,0.0,5,4,4,4,4,1.0,1.0,abscount,0
AAAABBBB,snr,B,1.25,0.0,5,4,4,4,4,1.0,1.0,likelihood_ration,0
AAAABBBB,blca_l10_k01_wi01_leak01_beta01,B,1.98,-0.98,1,4,4,4,4,1.0,1.0,information,0
AAAABBBB,blca_l10_k01_wi01_leak01_beta01,B,1.98,-0.98,1,4,4,4,4,1.0,1.0,snr,1
AAAABBBB,blca_l10_k01_wi01_leak01_beta01,B,1.98,-0.98,1,4,4,4,4,1.0,1.0,relcount,0
AAAABBBB,blca_l10_k01_wi01_leak01_beta01,B,1.98,-0.98,1,4,4,4,4,1.0,1.0,gating_g04,0
AAAABBBB,blca_l10_k01_wi01_leak01_beta01,B,1.98,-0.98,1,4,4,4,4,1.0,1.0,naive,0
AAAABBBB,blca_l10_k01_wi01_leak01_beta01,B,1.98,-0.98,1,4,4,4,4,1.0,1.0,lba_k01_d01,0
AAAABBBB,blca_l10_k01_wi01_leak01_beta01,B,1.98,-0.98,1,4,4,4,4,1.0,1.0,abscount,0
AAAABBBB,blca_l10_k01_wi01_leak01_beta01,B,1.98,-0.98,1,4,4,4,4,1.0,1.0,likelihood_ration,0
AAAABBBB,gating_g04,N,,,,4,4,4,4,1.0,1.0,information,0
AAAABBBB,gating_g04,N,,,,4,4,4,4,1.0,1.0,snr,0
AAAABBBB,gating_g04,N,,,,4,4,4,4,1.0,1.0,relcount,-1
AAAABBBB,gating_g04,N,,,,4,4,4,4,1.0,1.0,blca_l10_k01_wi01_leak01_beta01,0
AAAABBBB,gating_g04,N,,,,4,4,4,4,1.0,1.0,naive,0
AAAABBBB,gating_g04,N,,,,4,4,4,4,1.0,1.0,lba_k01_d01,0
AAAABBBB,gating_g04,N,,,,4,4,4,4,1.0,1.0,abscount,-1
AAAABBBB,gating_g04,N,,,,4,4,4,4,1.0,1.0,likelihood_ration,-1
AAAABBBB,relcount,N,,,,4,4,4,4,1.0,1.0,information,0
AAAABBBB,relcount,N,,,,4,4,4,4,1.0,1.0,snr,0
AAAABBBB,relcount,N,,,,4,4,4,4,1.0,1.0,gating_g04,-1
AAAABBBB,relcount,N,,,,4,4,4,4,1.0,1.0,blca_l10_k01_wi01_leak01_beta01,0
AAAABBBB,relcount,N,,,,4,4,4,4,1.0,1.0,naive,0
AAAABBBB,relcount,N,,,,4,4,4,4,1.0,1.0,lba_k01_d01,0
AAAABBBB,relcount,N,,,,4,4,4,4,1.0,1.0,abscount,-1
AAAABBBB,relcount,N,,,,4,4,4,4,1.0,1.0,likelihood_ration,-1
AAAABBBB,likelihood_ration,N,,,,4,4,4,4,1.0,1.0,information,0
AAAABBBB,likelihood_ration,N,,,,4,4,4,4,1.0,1.0,relcount,-1
AAAABBBB,likelihood_ration,N,,,,4,4,4,4,1.0,1.0,snr,0
AAAABBBB,likelihood_ration,N,,,,4,4,4,4,1.0,1.0,gating_g04,-1
AAAABBBB,likelihood_ration,N,,,,4,4,4,4,1.0,1.0,blca_l10_k01_wi01_leak01_beta01,0
AAAABBBB,likelihood_ration,N,,,,4,4,4,4,1.0,1.0,naive,0
AAAABBBB,likelihood_ration,N,,,,4,4,4,4,1.0,1.0,lba_k01_d01,0
AAAABBBB,likelihood_ration,N,,,,4,4,4,4,1.0,1.0,abscount,-1
AAAABBBA,information,A,0.75,0.0,4,3,5,3,5,1.0,0.75,relcount,0
AAAABBBA,information,A,0.75,0.0,4,3,5,3,5,1.0,0.75,snr,0
AAAABBBA,information,A,0.75,0.0,4,3,5,3,5,1.0,0.75,gating_g04,0
AAAABBBA,information,A,0.75,0.0,4,3,5,3,5,1.0,0.75,blca_l10_k01_wi01_leak01_beta01,0
AAAABBBA,information,A,0.75,0.0,4,3,5,3,5,1.0,0.75,naive,1
AAAABBBA,information,A,0.75,0.0,4,3,5,3,5,1.0,0.75,lba_k01_d01,1
AAAABBBA,information,A,0.75,0.0,4,3,5,3,5,1.0,0.75,abscount,0
AAAABBBA,information,A,0.75,0.0,4,3,5,3,5,1.0,0.75,likelihood_ration,0
AAAABBBA,naive,A,0.75,0,1,3,5,3,5,1.0,0.75,information,1
AAAABBBA,naive,A,0.75,0,1,3,5,3,5,1.0,0.75,snr,0
AAAABBBA,naive,A,0.75,0,1,3,5,3,5,1.0,0.75,relcount,0
AAAABBBA,naive,A,0.75,0,1,3,5,3,5,1.0,0.75,blca_l10_k01_wi01_leak01_beta01,0
AAAABBBA,naive,A,0.75,0,1,3,5,3,5,1.0,0.75,gating_g04,0
AAAABBBA,naive,A,0.75,0,1,3,5,3,5,1.0,0.75,lba_k01_d01,1
AAAABBBA,naive,A,0.75,0,1,3,5,3,5,1.0,0.75,abscount,0
AAAABBBA,naive,A,0.75,0,1,3,5,3,5,1.0,0.75,likelihood_ration,0
AAAABBBA,lba_k01_d01,A,0.8,0.1,7,3,5,3,5,1.0,0.75,information,1
AAAABBBA,lba_k01_d01,A,0.8,0.1,7,3,5,3,5,1.0,0.75,relcount,0
AAAABBBA,lba_k01_d01,A,0.8,0.1,7,3,5,3,5,1.0,0.75,snr,0
AAAABBBA,lba_k01_d01,A,0.8,0.1,7,3,5,3,5,1.0,0.75,gating_g04,0
AAAABBBA,lba_k01_d01,A,0.8,0.1,7,3,5,3,5,1.0,0.75,blca_l10_k01_wi01_leak01_beta01,0
AAAABBBA,lba_k01_d01,A,0.8,0.1,7,3,5,3,5,1.0,0.75,naive,1
AAAABBBA,lba_k01_d01,A,0.8,0.1,7,3,5,3,5,1.0,0.75,abscount,0
AAAABBBA,lba_k01_d01,A,0.8,0.1,7,3,5,3,5,1.0,0.75,likelihood_ration,0
AAAABBBA,abscount,N,,,,3,5,3,5,1.0,0.75,information,0
AAAABBBA,abscount,N,,,,3,5,3,5,1.0,0.75,snr,0
AAAABBBA,abscount,N,,,,3,5,3,5,1.0,0.75,gating_g04,-1
AAAABBBA,abscount,N,,,,3,5,3,5,1.0,0.75,blca_l10_k01_wi01_leak01_beta01,0
AAAABBBA,abscount,N,,,,3,5,3,5,1.0,0.75,naive,0
AAAABBBA,abscount,N,,,,3,5,3,5,1.0,0.75,lba_k01_d01,0
AAAABBBA,abscount,N,,,,3,5,3,5,1.0,0.75,relcount,-1
AAAABBBA,abscount,N,,,,3,5,3,5,1.0,0.75,likelihood_ration,-1
AAAABBBA,snr,B,1.25,0.0,5,3,5,3,5,1.0,0.75,information,0
AAAABBBA,snr,B,1.25,0.0,5,3,5,3,5,1.0,0.75,gating_g04,0
AAAABBBA,snr,B,1.25,0.0,5,3,5,3,5,1.0,0.75,relcount,0
AAAABBBA,snr,B,1.25,0.0,5,3,5,3,5,1.0,0.75,blca_l10_k01_wi01_leak01_beta01,1
AAAABBBA,snr,B,1.25,0.0,5,3,5,3,5,1.0,0.75,naive,0
AAAABBBA,snr,B,1.25,0.0,5,3,5,3,5,1.0,0.75,lba_k01_d01,0
AAAABBBA,snr,B,1.25,0.0,5,3,5,3,5,1.0,0.75,abscount,0
AAAABBBA,snr,B,1.25,0.0,5,3,5,3,5,1.0,0.75,likelihood_ration,0
AAAABBBA,blca_l10_k01_wi01_leak01_beta01,B,1.98,-0.98,1,3,5,3,5,1.0,0.75,information,0
AAAABBBA,blca_l10_k01_wi01_leak01_beta01,B,1.98,-0.98,1,3,5,3,5,1.0,0.75,snr,1
AAAABBBA,blca_l10_k01_wi01_leak01_beta01,B,1.98,-0.98,1,3,5,3,5,1.0,0.75,relcount,0
AAAABBBA,blca_l10_k01_wi01_leak01_beta01,B,1.98,-0.98,1,3,5,3,5,1.0,0.75,gating_g04,0
AAAABBBA,blca_l10_k01_wi01_leak01_beta01,B,1.98,-0.98,1,3,5,3,5,1.0,0.75,naive,0
AAAABBBA,blca_l10_k01_wi01_leak01_beta01,B,1.98,-0.98,1,3,5,3,5,1.0,0.75,lba_k01_d01,0
AAAABBBA,blca_l10_k01_wi01_leak01_beta01,B,1.98,-0.98,1,3,5,3,5,1.0,0.75,abscount,0
AAAABBBA,blca_l10_k01_wi01_leak01_beta01,B,1.98,-0.98,1,3,5,3,5,1.0,0.75,likelihood_ration,0
AAAABBBA,gating_g04,N,,,,3,5,3,5,1.0,0.75,information,0
AAAABBBA,gating_g04,N,,,,3,5,3,5,1.0,0.75,snr,0
AAAABBBA,gating_g04,N,,,,3,5,3,5,1.0,0.75,relcount,-1
AAAABBBA,gating_g04,N,,,,3,5,3,5,1.0,0.75,blca_l10_k01_wi01_leak01_beta01,0
AAAABBBA,gating_g04,N,,,,3,5,3,5,1.0,0.75,naive,0
AAAABBBA,gating_g04,N,,,,3,5,3,5,1.0,0.75,lba_k01_d01,0
AAAABBBA,gating_g04,N,,,,3,5,3,5,1.0,0.75,abscount,-1
AAAABBBA,gating_g04,N,,,,3,5,3,5,1.0,0.75,likelihood_ration,-1
AAAABBBA,relcount,N,,,,3,5,3,5,1.0,0.75,information,0
AAAABBBA,relcount,N,,,,3,5,3,5,1.0,0.75,snr,0
AAAABBBA,relcount,N,,,,3,5,3,5,1.0,0.75,gating_g04,-1
AAAABBBA,relcount,N,,,,3,5,3,5,1.0,0.75,blca_l10_k01_wi01_leak01_beta01,0
AAAABBBA,relcount,N,,,,3,5,3,5,1.0,0.75,naive,0
AAAABBBA,relcount,N,,,,3,5,3,5,1.0,0.75,lba_k01_d01,0
AAAABBBA,relcount,N,,,,3,5,3,5,1.0,0.75,abscount,-1
AAAABBBA,relcount,N,,,,3,5,3,5,1.0,0.75,likelihood_ration,-1
AAAABBBA,likelihood_ration,N,,,,3,5,3,5,1.0,0.75,information,0
AAAABBBA,likelihood_ration,N,,,,3,5,3,5,1.0,0.75,relcount,-1
AAAABBBA,likelihood_ration,N,,,,3,5,3,5,1.0,0.75,snr,0
AAAABBBA,likelihood_ration,N,,,,3,5,3,5,1.0,0.75,gating_g04,-1
AAAABBBA,likelihood_ration,N,,,,3,5,3,5,1.0,0.75,blca_l10_k01_wi01_leak01_beta01,0
AAAABBBA,likelihood_ration,N,,,,3,5,3,5,1.0,0.75,naive,0
AAAABBBA,likelihood_ration,N,,,,3,5,3,5,1.0,0.75,lba_k01_d01,0
AAAABBBA,likelihood_ration,N,,,,3,5,3,5,1.0,0.75,abscount,-1
AABABBBB,information,N,,,,3,3,5,5,0.75,1.0,relcount,-1
AABABBBB,information,N,,,,3,3,5,5,0.75,1.0,snr,0
AABABBBB,information,N,,,,3,3,5,5,0.75,1.0,gating_g04,-1
AABABBBB,information,N,,,,3,3,5,5,0.75,1.0,blca_l10_k01_wi01_leak01_beta01,0
AABABBBB,information,N,,,,3,3,5,5,0.75,1.0,naive,0
AABABBBB,information,N,,,,3,3,5,5,0.75,1.0,lba_k01_d01,0
AABABBBB,information,N,,,,3,3,5,5,0.75,1.0,abscount,-1
AABABBBB,information,N,,,,3,3,5,5,0.75,1.0,likelihood_ration,-1
AABABBBB,naive,A,0.75,0,1,3,3,5,5,0.75,1.0,information,0
AABABBBB,naive,A,0.75,0,1,3,3,5,5,0.75,1.0,snr,0
AABABBBB,naive,A,0.75,0,1,3,3,5,5,0.75,1.0,relcount,0
AABABBBB,naive,A,0.75,0,1,3,3,5,5,0.75,1.0,blca_l10_k01_wi01_leak01_beta01,0
AABABBBB,naive,A,0.75,0,1,3,3,5,5,0.75,1.0,gating_g04,0
AABABBBB,naive,A,0.75,0,1,3,3,5,5,0.75,1.0,lba_k01_d01,1
AABABBBB,naive,A,0.75,0,1,3,3,5,5,0.75,1.0,abscount,0
AABABBBB,naive,A,0.75,0,1,3,3,5,5,0.75,1.0,likelihood_ration,0
AABABBBB,lba_k01_d01,A,0.8,0.1,7,3,3,5,5,0.75,1.0,information,0
AABABBBB,lba_k01_d01,A,0.8,0.1,7,3,3,5,5,0.75,1.0,relcount,0
AABABBBB,lba_k01_d01,A,0.8,0.1,7,3,3,5,5,0.75,1.0,snr,0
AABABBBB,lba_k01_d01,A,0.8,0.1,7,3,3,5,5,0.75,1.0,gating_g04,0
AABABBBB,lba_k01_d01,A,0.8,0.1,7,3,3,5,5,0.75,1.0,blca_l10_k01_wi01_leak01_beta01,0
AABABBBB,lba_k01_d01,A,0.8,0.1,7,3,3,5,5,0.75,1.0,naive,1
AABABBBB,lba_k01_d01,A,0.8,0.1,7,3,3,5,5,0.75,1.0,abscount,0
AABABBBB,lba_k01_d01,A,0.8,0.1,7,3,3,5,5,0.75,1.0,likelihood_ration,0
AABABBBB,abscount,N,,,,3,3,5,5,0.75,1.0,information,-1
AABABBBB,abscount,N,,,,3,3,5,5,0.75,1.0,snr,0
AABABBBB,abscount,N,,,,3,3,5,5,0.75,1.0,gating_g04,-1
AABABBBB,abscount,N,,,,3,3,5,5,0.75,1.0,blca_l10_k01_wi01_leak01_beta01,0
AABABBBB,abscount,N,,,,3,3,5,5,0.75,1.0,naive,0
AABABBBB,abscount,N,,,,3,3,5,5,0.75,1.0,lba_k01_d01,0
AABABBBB,abscount,N,,,,3,3,5,5,0.75,1.0,relcount,-1
AABABBBB,abscount,N,,,,3,3,5,5,0.75,1.0,likelihood_ration,-1
AABABBBB,snr,B,1.5,0.0,3,3,3,5,5,0.75,1.0,information,0
AABABBBB,snr,B,1.5,0.0,3,3,3,5,5,0.75,1.0,gating_g04,0
AABABBBB,snr,B,1.5,0.0,3,3,3,5,5,0.75,1.0,relcount,0
AABABBBB,snr,B,1.5,0.0,3,3,3,5,5,0.75,1.0,blca_l10_k01_wi01_leak01_beta01,1
AABABBBB,snr,B,1.5,0.0,3,3,3,5,5,0.75,1.0,naive,0
AABABBBB,snr,B,1.5,0.0,3,3,3,5,5,0.75,1.0,lba_k01_d01,0
AABABBBB,snr,B,1.5,0.0,3,3,3,5,5,0.75,1.0,abscount,0
AABABBBB,snr,B,1.5,0.0,3,3,3,5,5,0.75,1.0,likelihood_ration,0
AABABBBB,blca_l10_k01_wi01_leak01_beta01,B,1.98,-0.98,1,3,3,5,5,0.75,1.0,information,0
AABABBBB,blca_l10_k01_wi01_leak01_beta01,B,1.98,-0.98,1,3,3,5,5,0.75,1.0,snr,1
AABABBBB,blca_l10_k01_wi01_leak01_beta01,B,1.98,-0.98,1,3,3,5,5,0.75,1.0,relcount,0
AABABBBB,blca_l10_k01_wi01_leak01_beta01,B,1.98,-0.98,1,3,3,5,5,0.75,1.0,gating_g04,0
AABABBBB,blca_l10_k01_wi01_leak01_beta01,B,1.98,-0.98,1,3,3,5,5,0.75,1.0,naive,0
AABABBBB,blca_l10_k01_wi01_leak01_beta01,B,1.98,-0.98,1,3,3,5,5,0.75,1.0,lba_k01_d01,0
AABABBBB,blca_l10_k01_wi01_leak01_beta01,B,1.98,-0.98,1,3,3,5,5,0.75,1.0,abscount,0
AABABBBB,blca_l10_k01_wi01_leak01_beta01,B,1.98,-0.98,1,3,3,5,5,0.75,1.0,likelihood_ration,0
AABABBBB,gating_g04,N,,,,3,3,5,5,0.75,1.0,information,-1
AABABBBB,gating_g04,N,,,,3,3,5,5,0.75,1.0,snr,0
AABABBBB,gating_g04,N,,,,3,3,5,5,0.75,1.0,relcount,-1
AABABBBB,gating_g04,N,,,,3,3,5,5,0.75,1.0,blca_l10_k01_wi01_leak01_beta01,0
AABABBBB,gating_g04,N,,,,3,3,5,5,0.75,1.0,naive,0
AABABBBB,gating_g04,N,,,,3,3,5,5,0.75,1.0,lba_k01_d01,0
AABABBBB,gating_g04,N,,,,3,3,5,5,0.75,1.0,abscount,-1
AABABBBB,gating_g04,N,,,,3,3,5,5,0.75,1.0,likelihood_ration,-1
AABABBBB,relcount,N,,,,3,3,5,5,0.75,1.0,information,-1
AABABBBB,relcount,N,,,,3,3,5,5,0.75,1.0,snr,0
AABABBBB,relcount,N,,,,3,3,5,5,0.75,1.0,gating_g04,-1
AABABBBB,relcount,N,,,,3,3,5,5,0.75,1.0,blca_l10_k01_wi01_leak01_beta01,0
AABABBBB,relcount,N,,,,3,3,5,5,0.75,1.0,naive,0
AABABBBB,relcount,N,,,,3,3,5,5,0.75,1.0,lba_k01_d01,0
AABABBBB,relcount,N,,,,3,3,5,5,0.75,1.0,abscount,-1
AABABBBB,relcount,N,,,,3,3,5,5,0.75,1.0,likelihood_ration,-1
AABABBBB,likelihood_ration,N,,,,3,3,5,5,0.75,1.0,information,-1
AABABBBB,likelihood_ration,N,,,,3,3,5,5,0.75,1.0,relcount,-1
AABABBBB,likelihood_ration,N,,,,3,3,5,5,0.75,1.0,snr,0
AABABBBB,likelihood_ration,N,,,,3,3,5,5,0.75,1.0,gating_g04,-1
AABABBBB,likelihood_ration,N,,,,3,3,5,5,0.75,1.0,blca_l10_k01_wi01_leak01_beta01,0
AABABBBB,likelihood_ration,N,,,,3,3,5,5,0.75,1.0,naive,0
AABABBBB,likelihood_ration,N,,,,3,3,5,5,0.75,1.0,lba_k01_d01,0
AABABBBB,likelihood_ration,N,,,,3,3,5,5,0.75,1.0,abscount,-1
AABABBBA,information,N,,,,2,4,4,4,0.75,0.75,relcount,-1
AABABBBA,information,N,,,,2,4,4,4,0.75,0.75,snr,0
AABABBBA,information,N,,,,2,4,4,4,0.75,0.75,gating_g04,-1
AABABBBA,information,N,,,,2,4,4,4,0.75,0.75,blca_l10_k01_wi01_leak01_beta01,0
AABABBBA,information,N,,,,2,4,4,4,0.75,0.75,naive,0
AABABBBA,information,N,,,,2,4,4,4,0.75,0.75,lba_k01_d01,0
AABABBBA,information,N,,,,2,4,4,4,0.75,0.75,abscount,-1
AABABBBA,information,N,,,,2,4,4,4,0.75,0.75,likelihood_ration,-1
AABABBBA,naive,A,0.75,0,1,2,4,4,4,0.75,0.75,information,0
AABABBBA,naive,A,0.75,0,1,2,4,4,4,0.75,0.75,snr,0
AABABBBA,naive,A,0.75,0,1,2,4,4,4,0.75,0.75,relcount,0
AABABBBA,naive,A,0.75,0,1,2,4,4,4,0.75,0.75,blca_l10_k01_wi01_leak01_beta01,0
AABABBBA,naive,A,0.75,0,1,2,4,4,4,0.75,0.75,gating_g04,0
AABABBBA,naive,A,0.75,0,1,2,4,4,4,0.75,0.75,lba_k01_d01,1
AABABBBA,naive,A,0.75,0,1,2,4,4,4,0.75,0.75,abscount,0
AABABBBA,naive,A,0.75,0,1,2,4,4,4,0.75,0.75,likelihood_ration,0
AABABBBA,lba_k01_d01,A,0.8,0.1,7,2,4,4,4,0.75,0.75,information,0
AABABBBA,lba_k01_d01,A,0.8,0.1,7,2,4,4,4,0.75,0.75,relcount,0
AABABBBA,lba_k01_d01,A,0.8,0.1,7,2,4,4,4,0.75,0.75,snr,0
AABABBBA,lba_k01_d01,A,0.8,0.1,7,2,4,4,4,0.75,0.75,gating_g04,0
AABABBBA,lba_k01_d01,A,0.8,0.1,7,2,4,4,4,0.75,0.75,blca_l10_k01_wi01_leak01_beta01,0
AABABBBA,lba_k01_d01,A,0.8,0.1,7,2,4,4,4,0.75,0.75,naive,1
AABABBBA,lba_k01_d01,A,0.8,0.1,7,2,4,4,4,0.75,0.75,abscount,0
AABABBBA,lba_k01_d01,A,0.8,0.1,7,2,4,4,4,0.75,0.75,likelihood_ration,0
AABABBBA,abscount,N,,,,2,4,4,4,0.75,0.75,information,-1
AABABBBA,abscount,N,,,,2,4,4,4,0.75,0.75,snr,0
AABABBBA,abscount,N,,,,2,4,4,4,0.75,0.75,gating_g04,-1
AABABBBA,abscount,N,,,,2,4,4,4,0.75,0.75,blca_l10_k01_wi01_leak01_beta01,0
AABABBBA,abscount,N,,,,2,4,4,4,0.75,0.75,naive,0
AABABBBA,abscount,N,,,,2,4,4,4,0.75,0.75,lba_k01_d01,0
AABABBBA,abscount,N,,,,2,4,4,4,0.75,0.75,relcount,-1
AABABBBA,abscount,N,,,,2,4,4,4,0.75,0.75,likelihood_ration,-1
AABABBBA,snr,B,1.5,0.0,3,2,4,4,4,0.75,0.75,information,0
AABABBBA,snr,B,1.5,0.0,3,2,4,4,4,0.75,0.75,gating_g04,0
AABABBBA,snr,B,1.5,0.0,3,2,4,4,4,0.75,0.75,relcount,0
AABABBBA,snr,B,1.5,0.0,3,2,4,4,4,0.75,0.75,blca_l10_k01_wi01_leak01_beta01,1
AABABBBA,snr,B,1.5,0.0,3,2,4,4,4,0.75,0.75,naive,0
AABABBBA,snr,B,1.5,0.0,3,2,4,4,4,0.75,0.75,lba_k01_d01,0
AABABBBA,snr,B,1.5,0.0,3,2,4,4,4,0.75,0.75,abscount,0
AABABBBA,snr,B,1.5,0.0,3,2,4,4,4,0.75,0.75,likelihood_ration,0
AABABBBA,blca_l10_k01_wi01_leak01_beta01,B,1.98,-0.98,1,2,4,4,4,0.75,0.75,information,0
AABABBBA,blca_l10_k01_wi01_leak01_beta01,B,1.98,-0.98,1,2,4,4,4,0.75,0.75,snr,1
AABABBBA,blca_l10_k01_wi01_leak01_beta01,B,1.98,-0.98,1,2,4,4,4,0.75,0.75,relcount,0
AABABBBA,blca_l10_k01_wi01_leak01_beta01,B,1.98,-0.98,1,2,4,4,4,0.75,0.75,gating_g04,0
AABABBBA,blca_l10_k01_wi01_leak01_beta01,B,1.98,-0.98,1,2,4,4,4,0.75,0.75,naive,0
AABABBBA,blca_l10_k01_wi01_leak01_beta01,B,1.98,-0.98,1,2,4,4,4,0.75,0.75,lba_k01_d01,0
AABABBBA,blca_l10_k01_wi01_leak01_beta01,B,1.98,-0.98,1,2,4,4,4,0.75,0.75,abscount,0
AABABBBA,blca_l10_k01_wi01_leak01_beta01,B,1.98,-0.98,1,2,4,4,4,0.75,0.75,likelihood_ration,0
AABABBBA,gating_g04,N,,,,2,4,4,4,0.75,0.75,information,-1
AABABBBA,gating_g04,N,,,,2,4,4,4,0.75,0.75,snr,0
AABABBBA,gating_g04,N,,,,2,4,4,4,0.75,0.75,relcount,-1
AABABBBA,gating_g04,N,,,,2,4,4,4,0.75,0.75,blca_l10_k01_wi01_leak01_beta01,0
AABABBBA,gating_g04,N,,,,2,4,4,4,0.75,0.75,naive,0
AABABBBA,gating_g04,N,,,,2,4,4,4,0.75,0.75,lba_k01_d01,0
AABABBBA,gating_g04,N,,,,2,4,4,4,0.75,0.75,abscount,-1
AABABBBA,gating_g04,N,,,,2,4,4,4,0.75,0.75,likelihood_ration,-1
AABABBBA,relcount,N,,,,2,4,4,4,0.75,0.75,information,-1
AABABBBA,relcount,N,,,,2,4,4,4,0.75,0.75,snr,0
AABABBBA,relcount,N,,,,2,4,4,4,0.75,0.75,gating_g04,-1
AABABBBA,relcount,N,,,,2,4,4,4,0.75,0.75,blca_l10_k01_wi01_leak01_beta01,0
AABABBBA,relcount,N,,,,2,4,4,4,0.75,0.75,naive,0
AABABBBA,relcount,N,,,,2,4,4,4,0.75,0.75,lba_k01_d01,0
AABABBBA,relcount,N,,,,2,4,4,4,0.75,0.75,abscount,-1
AABABBBA,relcount,N,,,,2,4,4,4,0.75,0.75,likelihood_ration,-1
AABABBBA,likelihood_ration,N,,,,2,4,4,4,0.75,0.75,information,-1
AABABBBA,likelihood_ration,N,,,,2,4,4,4,0.75,0.75,relcount,-1
AABABBBA,likelihood_ration,N,,,,2,4,4,4,0.75,0.75,snr,0
AABABBBA,likelihood_ration,N,,,,2,4,4,4,0.75,0.75,gating_g04,-1
AABABBBA,likelihood_ration,N,,,,2,4,4,4,0.75,0.75,blca_l10_k01_wi01_leak01_beta01,0
AABABBBA,likelihood_ration,N,,,,2,4,4,4,0.75,0.75,naive,0
AABABBBA,likelihood_ration,N,,,,2,4,4,4,0.75,0.75,lba_k01_d01,0
AABABBBA,likelihood_ration,N,,,,2,4,4,4,0.75,0.75,abscount,-1
ABABAABA,information,N,,,,3,5,3,5,0.5,0.75,relcount,-1
ABABAABA,information,N,,,,3,5,3,5,0.5,0.75,snr,0
ABABAABA,information,N,,,,3,5,3,5,0.5,0.75,gating_g04,-1
ABABAABA,information,N,,,,3,5,3,5,0.5,0.75,blca_l10_k01_wi01_leak01_beta01,0
ABABAABA,information,N,,,,3,5,3,5,0.5,0.75,naive,0
ABABAABA,information,N,,,,3,5,3,5,0.5,0.75,lba_k01_d01,0
ABABAABA,information,N,,,,3,5,3,5,0.5,0.75,abscount,-1
ABABAABA,information,N,,,,3,5,3,5,0.5,0.75,likelihood_ration,-1
ABABAABA,naive,A,0.75,0,5,3,5,3,5,0.5,0.75,information,0
ABABAABA,naive,A,0.75,0,5,3,5,3,5,0.5,0.75,snr,0
ABABAABA,naive,A,0.75,0,5,3,5,3,5,0.5,0.75,relcount,0
ABABAABA,naive,A,0.75,0,5,3,5,3,5,0.5,0.75,blca_l10_k01_wi01_leak01_beta01,0
ABABAABA,naive,A,0.75,0,5,3,5,3,5,0.5,0.75,gating_g04,0
ABABAABA,naive,A,0.75,0,5,3,5,3,5,0.5,0.75,lba_k01_d01,1
ABABAABA,naive,A,0.75,0,5,3,5,3,5,0.5,0.75,abscount,0
ABABAABA,naive,A,0.75,0,5,3,5,3,5,0.5,0.75,likelihood_ration,0
ABABAABA,lba_k01_d01,A,0.8,0.1,7,3,5,3,5,0.5,0.75,information,0
ABABAABA,lba_k01_d01,A,0.8,0.1,7,3,5,3,5,0.5,0.75,relcount,0
ABABAABA,lba_k01_d01,A,0.8,0.1,7,3,5,3,5,0.5,0.75,snr,0
ABABAABA,lba_k01_d01,A,0.8,0.1,7,3,5,3,5,0.5,0.75,gating_g04,0
ABABAABA,lba_k01_d01,A,0.8,0.1,7,3,5,3,5,0.5,0.75,blca_l10_k01_wi01_leak01_beta01,0
ABABAABA,lba_k01_d01,A,0.8,0.1,7,3,5,3,5,0.5,0.75,naive,1
ABABAABA,lba_k01_d01,A,0.8,0.1,7,3,5,3,5,0.5,0.75,abscount,0
ABABAABA,lba_k01_d01,A,0.8,0.1,7,3,5,3,5,0.5,0.75,likelihood_ration,0
ABABAABA,abscount,N,,,,3,5,3,5,0.5,0.75,information,-1
ABABAABA,abscount,N,,,,3,5,3,5,0.5,0.75,snr,0
ABABAABA,abscount,N,,,,3,5,3,5,0.5,0.75,gating_g04,-1
ABABAABA,abscount,N,,,,3,5,3,5,0.5,0.75,blca_l10_k01_wi01_leak01_beta01,0
ABABAABA,abscount,N,,,,3,5,3,5,0.5,0.75,naive,0
ABABAABA,abscount,N,,,,3,5,3,5,0.5,0.75,lba_k01_d01,0
ABABAABA,abscount,N,,,,3,5,3,5,0.5,0.75,relcount,-1
ABABAABA,abscount,N,,,,3,5,3,5,0.5,0.75,likelihood_ration,-1
ABABAABA,snr,B,2.0,0.0,2,3,5,3,5,0.5,0.75,information,0
ABABAABA,snr,B,2.0,0.0,2,3,5,3,5,0.5,0.75,gating_g04,0
ABABAABA,snr,B,2.0,0.0,2,3,5,3,5,0.5,0.75,relcount,0
ABABAABA,snr,B,2.0,0.0,2,3,5,3,5,0.5,0.75,blca_l10_k01_wi01_leak01_beta01,1
ABABAABA,snr,B,2.0,0.0,2,3,5,3,5,0.5,0.75,naive,0
ABABAABA,snr,B,2.0,0.0,2,3,5,3,5,0.5,0.75,lba_k01_d01,0
ABABAABA,snr,B,2.0,0.0,2,3,5,3,5,0.5,0.75,abscount,0
ABABAABA,snr,B,2.0,0.0,2,3,5,3,5,0.5,0.75,likelihood_ration,0
ABABAABA,blca_l10_k01_wi01_leak01_beta01,B,1.98,-0.98,1,3,5,3,5,0.5,0.75,information,0
ABABAABA,blca_l10_k01_wi01_leak01_beta01,B,1.98,-0.98,1,3,5,3,5,0.5,0.75,snr,1
ABABAABA,blca_l10_k01_wi01_leak01_beta01,B,1.98,-0.98,1,3,5,3,5,0.5,0.75,relcount,0
ABABAABA,blca_l10_k01_wi01_leak01_beta01,B,1.98,-0.98,1,3,5,3,5,0.5,0.75,gating_g04,0
ABABAABA,blca_l10_k01_wi01_leak01_beta01,B,1.98,-0.98,1,3,5,3,5,0.5,0.75,naive,0
ABABAABA,blca_l10_k01_wi01_leak01_beta01,B,1.98,-0.98,1,3,5,3,5,0.5,0.75,lba_k01_d01,0
ABABAABA,blca_l10_k01_wi01_leak01_beta01,B,1.98,-0.98,1,3,5,3,5,0.5,0.75,abscount,0
ABABAABA,blca_l10_k01_wi01_leak01_beta01,B,1.98,-0.98,1,3,5,3,5,0.5,0.75,likelihood_ration,0
ABABAABA,gating_g04,N,,,,3,5,3,5,0.5,0.75,information,-1
ABABAABA,gating_g04,N,,,,3,5,3,5,0.5,0.75,snr,0
ABABAABA,gating_g04,N,,,,3,5,3,5,0.5,0.75,relcount,-1
ABABAABA,gating_g04,N,,,,3,5,3,5,0.5,0.75,blca_l10_k01_wi01_leak01_beta01,0
ABABAABA,gating_g04,N,,,,3,5,3,5,0.5,0.75,naive,0
ABABAABA,gating_g04,N,,,,3,5,3,5,0.5,0.75,lba_k01_d01,0
ABABAABA,gating_g04,N,,,,3,5,3,5,0.5,0.75,abscount,-1
ABABAABA,gating_g04,N,,,,3,5,3,5,0.5,0.75,likelihood_ration,-1
ABABAABA,relcount,N,,,,3,5,3,5,0.5,0.75,information,-1
ABABAABA,relcount,N,,,,3,5,3,5,0.5,0.75,snr,0
ABABAABA,relcount,N,,,,3,5,3,5,0.5,0.75,gating_g04,-1
ABABAABA,relcount,N,,,,3,5,3,5,0.5,0.75,blca_l10_k01_wi01_leak01_beta01,0
ABABAABA,relcount,N,,,,3,5,3,5,0.5,0.75,naive,0
ABABAABA,relcount,N,,,,3,5,3,5,0.5,0.75,lba_k01_d01,0
ABABAABA,relcount,N,,,,3,5,3,5,0.5,0.75,abscount,-1
ABABAABA,relcount,N,,,,3,5,3,5,0.5,0.75,likelihood_ration,-1
ABABAABA,likelihood_ration,N,,,,3,5,3,5,0.5,0.75,information,-1
ABABAABA,likelihood_ration,N,,,,3,5,3,5,0.5,0.75,relcount,-1
ABABAABA,likelihood_ration,N,,,,3,5,3,5,0.5,0.75,snr,0
ABABAABA,likelihood_ration,N,,,,3,5,3,5,0.5,0.75,gating_g04,-1
ABABAABA,likelihood_ration,N,,,,3,5,3,5,0.5,0.75,blca_l10_k01_wi01_leak01_beta01,0
ABABAABA,likelihood_ration,N,,,,3,5,3,5,0.5,0.75,naive,0
ABABAABA,likelihood_ration,N,,,,3,5,3,5,0.5,0.75,lba_k01_d01,0
ABABAABA,likelihood_ration,N,,,,3,5,3,5,0.5,0.75,abscount,-1
ABABAABB,information,N,,,,2,4,4,4,0.5,0.5,relcount,-1
ABABAABB,information,N,,,,2,4,4,4,0.5,0.5,snr,0
ABABAABB,information,N,,,,2,4,4,4,0.5,0.5,gating_g04,-1
ABABAABB,information,N,,,,2,4,4,4,0.5,0.5,blca_l10_k01_wi01_leak01_beta01,0
ABABAABB,information,N,,,,2,4,4,4,0.5,0.5,naive,0
ABABAABB,information,N,,,,2,4,4,4,0.5,0.5,lba_k01_d01,0
ABABAABB,information,N,,,,2,4,4,4,0.5,0.5,abscount,-1
ABABAABB,information,N,,,,2,4,4,4,0.5,0.5,likelihood_ration,-1
ABABAABB,naive,A,0.75,0,5,2,4,4,4,0.5,0.5,information,0
ABABAABB,naive,A,0.75,0,5,2,4,4,4,0.5,0.5,snr,0
ABABAABB,naive,A,0.75,0,5,2,4,4,4,0.5,0.5,relcount,0
ABABAABB,naive,A,0.75,0,5,2,4,4,4,0.5,0.5,blca_l10_k01_wi01_leak01_beta01,0
ABABAABB,naive,A,0.75,0,5,2,4,4,4,0.5,0.5,gating_g04,0
ABABAABB,naive,A,0.75,0,5,2,4,4,4,0.5,0.5,lba_k01_d01,1
ABABAABB,naive,A,0.75,0,5,2,4,4,4,0.5,0.5,abscount,0
ABABAABB,naive,A,0.75,0,5,2,4,4,4,0.5,0.5,likelihood_ration,0
ABABAABB,lba_k01_d01,A,0.8,0.1,7,2,4,4,4,0.5,0.5,information,0
ABABAABB,lba_k01_d01,A,0.8,0.1,7,2,4,4,4,0.5,0.5,relcount,0
ABABAABB,lba_k01_d01,A,0.8,0.1,7,2,4,4,4,0.5,0.5,snr,0
ABABAABB,lba_k01_d01,A,0.8,0.1,7,2,4,4,4,0.5,0.5,gating_g04,0
ABABAABB,lba_k01_d01,A,0.8,0.1,7,2,4,4,4,0.5,0.5,blca_l10_k01_wi01_leak01_beta01,0
ABABAABB,lba_k01_d01,A,0.8,0.1,7,2,4,4,4,0.5,0.5,naive,1
ABABAABB,lba_k01_d01,A,0.8,0.1,7,2,4,4,4,0.5,0.5,abscount,0
ABABAABB,lba_k01_d01,A,0.8,0.1,7,2,4,4,4,0.5,0.5,likelihood_ration,0
ABABAABB,abscount,N,,,,2,4,4,4,0.5,0.5,information,-1
ABABAABB,abscount,N,,,,2,4,4,4,0.5,0.5,snr,0
ABABAABB,abscount,N,,,,2,4,4,4,0.5,0.5,gating_g04,-1
ABABAABB,abscount,N,,,,2,4,4,4,0.5,0.5,blca_l10_k01_wi01_leak01_beta01,0
ABABAABB,abscount,N,,,,2,4,4,4,0.5,0.5,naive,0
ABABAABB,abscount,N,,,,2,4,4,4,0.5,0.5,lba_k01_d01,0
ABABAABB,abscount,N,,,,2,4,4,4,0.5,0.5,relcount,-1
ABABAABB,abscount,N,,,,2,4,4,4,0.5,0.5,likelihood_ration,-1
ABABAABB,snr,B,2.0,0.0,2,2,4,4,4,0.5,0.5,information,0
ABABAABB,snr,B,2.0,0.0,2,2,4,4,4,0.5,0.5,gating_g04,0
ABABAABB,snr,B,2.0,0.0,2,2,4,4,4,0.5,0.5,relcount,0
ABABAABB,snr,B,2.0,0.0,2,2,4,4,4,0.5,0.5,blca_l10_k01_wi01_leak01_beta01,1
ABABAABB,snr,B,2.0,0.0,2,2,4,4,4,0.5,0.5,naive,0
ABABAABB,snr,B,2.0,0.0,2,2,4,4,4,0.5,0.5,lba_k01_d01,0
ABABAABB,snr,B,2.0,0.0,2,2,4,4,4,0.5,0.5,abscount,0
ABABAABB,snr,B,2.0,0.0,2,2,4,4,4,0.5,0.5,likelihood_ration,0
ABABAABB,blca_l10_k01_wi01_leak01_beta01,B,1.98,-0.98,1,2,4,4,4,0.5,0.5,information,0
ABABAABB,blca_l10_k01_wi01_leak01_beta01,B,1.98,-0.98,1,2,4,4,4,0.5,0.5,snr,1
ABABAABB,blca_l10_k01_wi01_leak01_beta01,B,1.98,-0.98,1,2,4,4,4,0.5,0.5,relcount,0
ABABAABB,blca_l10_k01_wi01_leak01_beta01,B,1.98,-0.98,1,2,4,4,4,0.5,0.5,gating_g04,0
ABABAABB,blca_l10_k01_wi01_leak01_beta01,B,1.98,-0.98,1,2,4,4,4,0.5,0.5,naive,0
ABABAABB,blca_l10_k01_wi01_leak01_beta01,B,1.98,-0.98,1,2,4,4,4,0.5,0.5,lba_k01_d01,0
ABABAABB,blca_l10_k01_wi01_leak01_beta01,B,1.98,-0.98,1,2,4,4,4,0.5,0.5,abscount,0
ABABAABB,blca_l10_k01_wi01_leak01_beta01,B,1.98,-0.98,1,2,4,4,4,0.5,0.5,likelihood_ration,0
ABABAABB,gating_g04,N,,,,2,4,4,4,0.5,0.5,information,-1
ABABAABB,gating_g04,N,,,,2,4,4,4,0.5,0.5,snr,0
ABABAABB,gating_g04,N,,,,2,4,4,4,0.5,0.5,relcount,-1
ABABAABB,gating_g04,N,,,,2,4,4,4,0.5,0.5,blca_l10_k01_wi01_leak01_beta01,0
ABABAABB,gating_g04,N,,,,2,4,4,4,0.5,0.5,naive,0
ABABAABB,gating_g04,N,,,,2,4,4,4,0.5,0.5,lba_k01_d01,0
ABABAABB,gating_g04,N,,,,2,4,4,4,0.5,0.5,abscount,-1
ABABAABB,gating_g04,N,,,,2,4,4,4,0.5,0.5,likelihood_ration,-1
ABABAABB,relcount,N,,,,2,4,4,4,0.5,0.5,information,-1
ABABAABB,relcount,N,,,,2,4,4,4,0.5,0.5,snr,0
ABABAABB,relcount,N,,,,2,4,4,4,0.5,0.5,gating_g04,-1
ABABAABB,relcount,N,,,,2,4,4,4,0.5,0.5,blca_l10_k01_wi01_leak01_beta01,0
ABABAABB,relcount,N,,,,2,4,4,4,0.5,0.5,naive,0
ABABAABB,relcount,N,,,,2,4,4,4,0.5,0.5,lba_k01_d01,0
ABABAABB,relcount,N,,,,2,4,4,4,0.5,0.5,abscount,-1
ABABAABB,relcount,N,,,,2,4,4,4,0.5,0.5,likelihood_ration,-1
ABABAABB,likelihood_ration,N,,,,2,4,4,4,0.5,0.5,information,-1
ABABAABB,likelihood_ration,N,,,,2,4,4,4,0.5,0.5,relcount,-1
ABABAABB,likelihood_ration,N,,,,2,4,4,4,0.5,0.5,snr,0
ABABAABB,likelihood_ration,N,,,,2,4,4,4,0.5,0.5,gating_g04,-1
ABABAABB,likelihood_ration,N,,,,2,4,4,4,0.5,0.5,blca_l10_k01_wi01_leak01_beta01,0
ABABAABB,likelihood_ration,N,,,,2,4,4,4,0.5,0.5,naive,0
ABABAABB,likelihood_ration,N,,,,2,4,4,4,0.5,0.5,lba_k01_d01,0
ABABAABB,likelihood_ration,N,,,,2,4,4,4,0.5,0.5,abscount,-1
AAAAABBB,information,A,0.75,0.0,4,3,5,3,5,1.0,0.75,relcount,1
AAAAABBB,information,A,0.75,0.0,4,3,5,3,5,1.0,0.75,snr,0
AAAAABBB,information,A,0.75,0.0,4,3,5,3,5,1.0,0.75,gating_g04,0
AAAAABBB,information,A,0.75,0.0,4,3,5,3,5,1.0,0.75,blca_l10_k01_wi01_leak01_beta01,0
AAAAABBB,information,A,0.75,0.0,4,3,5,3,5,1.0,0.75,naive,1
AAAAABBB,information,A,0.75,0.0,4,3,5,3,5,1.0,0.75,lba_k01_d01,1
AAAAABBB,information,A,0.75,0.0,4,3,5,3,5,1.0,0.75,abscount,0
AAAAABBB,information,A,0.75,0.0,4,3,5,3,5,1.0,0.75,likelihood_ration,1
AAAAABBB,naive,A,0.75,0,1,3,5,3,5,1.0,0.75,information,1
AAAAABBB,naive,A,0.75,0,1,3,5,3,5,1.0,0.75,snr,0
AAAAABBB,naive,A,0.75,0,1,3,5,3,5,1.0,0.75,relcount,1
AAAAABBB,naive,A,0.75,0,1,3,5,3,5,1.0,0.75,blca_l10_k01_wi01_leak01_beta01,0
AAAAABBB,naive,A,0.75,0,1,3,5,3,5,1.0,0.75,gating_g04,0
AAAAABBB,naive,A,0.75,0,1,3,5,3,5,1.0,0.75,lba_k01_d01,1
AAAAABBB,naive,A,0.75,0,1,3,5,3,5,1.0,0.75,abscount,0
AAAAABBB,naive,A,0.75,0,1,3,5,3,5,1.0,0.75,likelihood_ration,1
AAAAABBB,lba_k01_d01,A,0.8,0.1,7,3,5,3,5,1.0,0.75,information,1
AAAAABBB,lba_k01_d01,A,0.8,0.1,7,3,5,3,5,1.0,0.75,relcount,1
AAAAABBB,lba_k01_d01,A,0.8,0.1,7,3,5,3,5,1.0,0.75,snr,0
AAAAABBB,lba_k01_d01,A,0.8,0.1,7,3,5,3,5,1.0,0.75,gating_g04,0
AAAAABBB,lba_k01_d01,A,0.8,0.1,7,3,5,3,5,1.0,0.75,blca_l10_k01_wi01_leak01_beta01,0
AAAAABBB,lba_k01_d01,A,0.8,0.1,7,3,5,3,5,1.0,0.75,naive,1
AAAAABBB,lba_k01_d01,A,0.8,0.1,7,3,5,3,5,1.0,0.75,abscount,0
AAAAABBB,lba_k01_d01,A,0.8,0.1,7,3,5,3,5,1.0,0.75,likelihood_ration,1
AAAAABBB,abscount,N,,,,3,5,3,5,1.0,0.75,information,0
AAAAABBB,abscount,N,,,,3,5,3,5,1.0,0.75,snr,0
AAAAABBB,abscount,N,,,,3,5,3,5,1.0,0.75,gating_g04,-1
AAAAABBB,abscount,N,,,,3,5,3,5,1.0,0.75,blca_l10_k01_wi01_leak01_beta01,0
AAAAABBB,abscount,N,,,,3,5,3,5,1.0,0.75,naive,0
AAAAABBB,abscount,N,,,,3,5,3,5,1.0,0.75,lba_k01_d01,0
AAAAABBB,abscount,N,,,,3,5,3,5,1.0,0.75,relcount,0
AAAAABBB,abscount,N,,,,3,5,3,5,1.0,0.75,likelihood_ration,0
AAAAABBB,snr,B,1.2,0.0,6,3,5,3,5,1.0,0.75,information,0
AAAAABBB,snr,B,1.2,0.0,6,3,5,3,5,1.0,0.75,gating_g04,0
AAAAABBB,snr,B,1.2,0.0,6,3,5,3,5,1.0,0.75,relcount,0
AAAAABBB,snr,B,1.2,0.0,6,3,5,3,5,1.0,0.75,blca_l10_k01_wi01_leak01_beta01,1
AAAAABBB,snr,B,1.2,0.0,6,3,5,3,5,1.0,0.75,naive,0
AAAAABBB,snr,B,1.2,0.0,6,3,5,3,5,1.0,0.75,lba_k01_d01,0
AAAAABBB,snr,B,1.2,0.0,6,3,5,3,5,1.0,0.75,abscount,0
AAAAABBB,snr,B,1.2,0.0,6,3,5,3,5,1.0,0.75,likelihood_ration,0
AAAAABBB,blca_l10_k01_wi01_leak01_beta01,B,1.98,-0.98,1,3,5,3,5,1.0,0.75,information,0
AAAAABBB,blca_l10_k01_wi01_leak01_beta01,B,1.98,-0.98,1,3,5,3,5,1.0,0.75,snr,1
AAAAABBB,blca_l10_k01_wi01_leak01_beta01,B,1.98,-0.98,1,3,5,3,5,1.0,0.75,relcount,0
AAAAABBB,blca_l10_k01_wi01_leak01_beta01,B,1.98,-0.98,1,3,5,3,5,1.0,0.75,gating_g04,0
AAAAABBB,blca_l10_k01_wi01_leak01_beta01,B,1.98,-0.98,1,3,5,3,5,1.0,0.75,naive,0
AAAAABBB,blca_l10_k01_wi01_leak01_beta01,B,1.98,-0.98,1,3,5,3,5,1.0,0.75,lba_k01_d01,0
AAAAABBB,blca_l10_k01_wi01_leak01_beta01,B,1.98,-0.98,1,3,5,3,5,1.0,0.75,abscount,0
AAAAABBB,blca_l10_k01_wi01_leak01_beta01,B,1.98,-0.98,1,3,5,3,5,1.0,0.75,likelihood_ration,0
AAAAABBB,gating_g04,N,,,,3,5,3,5,1.0,0.75,information,0
AAAAABBB,gating_g04,N,,,,3,5,3,5,1.0,0.75,snr,0
AAAAABBB,gating_g04,N,,,,3,5,3,5,1.0,0.75,relcount,0
AAAAABBB,gating_g04,N,,,,3,5,3,5,1.0,0.75,blca_l10_k01_wi01_leak01_beta01,0
AAAAABBB,gating_g04,N,,,,3,5,3,5,1.0,0.75,naive,0
AAAAABBB,gating_g04,N,,,,3,5,3,5,1.0,0.75,lba_k01_d01,0
AAAAABBB,gating_g04,N,,,,3,5,3,5,1.0,0.75,abscount,-1
AAAAABBB,gating_g04,N,,,,3,5,3,5,1.0,0.75,likelihood_ration,0
AAAAABBB,relcount,A,0.833333333333,0.166666666667,6,3,5,3,5,1.0,0.75,information,1
AAAAABBB,relcount,A,0.833333333333,0.166666666667,6,3,5,3,5,1.0,0.75,snr,0
AAAAABBB,relcount,A,0.833333333333,0.166666666667,6,3,5,3,5,1.0,0.75,gating_g04,0
AAAAABBB,relcount,A,0.833333333333,0.166666666667,6,3,5,3,5,1.0,0.75,blca_l10_k01_wi01_leak01_beta01,0
AAAAABBB,relcount,A,0.833333333333,0.166666666667,6,3,5,3,5,1.0,0.75,naive,1
AAAAABBB,relcount,A,0.833333333333,0.166666666667,6,3,5,3,5,1.0,0.75,lba_k01_d01,1
AAAAABBB,relcount,A,0.833333333333,0.166666666667,6,3,5,3,5,1.0,0.75,abscount,0
AAAAABBB,relcount,A,0.833333333333,0.166666666667,6,3,5,3,5,1.0,0.75,likelihood_ration,1
AAAAABBB,likelihood_ration,A,1.31875876262,0,8,3,5,3,5,1.0,0.75,information,1
AAAAABBB,likelihood_ration,A,1.31875876262,0,8,3,5,3,5,1.0,0.75,relcount,1
AAAAABBB,likelihood_ration,A,1.31875876262,0,8,3,5,3,5,1.0,0.75,snr,0
AAAAABBB,likelihood_ration,A,1.31875876262,0,8,3,5,3,5,1.0,0.75,gating_g04,0
AAAAABBB,likelihood_ration,A,1.31875876262,0,8,3,5,3,5,1.0,0.75,blca_l10_k01_wi01_leak01_beta01,0
AAAAABBB,likelihood_ration,A,1.31875876262,0,8,3,5,3,5,1.0,0.75,naive,1
AAAAABBB,likelihood_ration,A,1.31875876262,0,8,3,5,3,5,1.0,0.75,lba_k01_d01,1
AAAAABBB,likelihood_ration,A,1.31875876262,0,8,3,5,3,5,1.0,0.75,abscount,0
AAAAABBA,information,A,0.75,0.0,4,4,6,2,6,1.0,0.5,relcount,1
AAAAABBA,information,A,0.75,0.0,4,4,6,2,6,1.0,0.5,snr,0
AAAAABBA,information,A,0.75,0.0,4,4,6,2,6,1.0,0.5,gating_g04,0
AAAAABBA,information,A,0.75,0.0,4,4,6,2,6,1.0,0.5,blca_l10_k01_wi01_leak01_beta01,0
AAAAABBA,information,A,0.75,0.0,4,4,6,2,6,1.0,0.5,naive,1
AAAAABBA,information,A,0.75,0.0,4,4,6,2,6,1.0,0.5,lba_k01_d01,1
AAAAABBA,information,A,0.75,0.0,4,4,6,2,6,1.0,0.5,abscount,0
AAAAABBA,information,A,0.75,0.0,4,4,6,2,6,1.0,0.5,likelihood_ration,1
AAAAABBA,naive,A,0.75,0,1,4,6,2,6,1.0,0.5,information,1
AAAAABBA,naive,A,0.75,0,1,4,6,2,6,1.0,0.5,snr,0
AAAAABBA,naive,A,0.75,0,1,4,6,2,6,1.0,0.5,relcount,1
AAAAABBA,naive,A,0.75,0,1,4,6,2,6,1.0,0.5,blca_l10_k01_wi01_leak01_beta01,0
AAAAABBA,naive,A,0.75,0,1,4,6,2,6,1.0,0.5,gating_g04,0
AAAAABBA,naive,A,0.75,0,1,4,6,2,6,1.0,0.5,lba_k01_d01,1
AAAAABBA,naive,A,0.75,0,1,4,6,2,6,1.0,0.5,abscount,0
AAAAABBA,naive,A,0.75,0,1,4,6,2,6,1.0,0.5,likelihood_ration,1
AAAAABBA,lba_k01_d01,A,0.8,0.1,7,4,6,2,6,1.0,0.5,information,1
AAAAABBA,lba_k01_d01,A,0.8,0.1,7,4,6,2,6,1.0,0.5,relcount,1
AAAAABBA,lba_k01_d01,A,0.8,0.1,7,4,6,2,6,1.0,0.5,snr,0
AAAAABBA,lba_k01_d01,A,0.8,0.1,7,4,6,2,6,1.0,0.5,gating_g04,0
AAAAABBA,lba_k01_d01,A,0.8,0.1,7,4,6,2,6,1.0,0.5,blca_l10_k01_wi01_leak01_beta01,0
AAAAABBA,lba_k01_d01,A,0.8,0.1,7,4,6,2,6,1.0,0.5,naive,1
AAAAABBA,lba_k01_d01,A,0.8,0.1,7,4,6,2,6,1.0,0.5,abscount,0
AAAAABBA,lba_k01_d01,A,0.8,0.1,7,4,6,2,6,1.0,0.5,likelihood_ration,1
AAAAABBA,abscount,N,,,,4,6,2,6,1.0,0.5,information,0
AAAAABBA,abscount,N,,,,4,6,2,6,1.0,0.5,snr,0
AAAAABBA,abscount,N,,,,4,6,2,6,1.0,0.5,gating_g04,-1
AAAAABBA,abscount,N,,,,4,6,2,6,1.0,0.5,blca_l10_k01_wi01_leak01_beta01,0
AAAAABBA,abscount,N,,,,4,6,2,6,1.0,0.5,naive,0
AAAAABBA,abscount,N,,,,4,6,2,6,1.0,0.5,lba_k01_d01,0
AAAAABBA,abscount,N,,,,4,6,2,6,1.0,0.5,relcount,0
AAAAABBA,abscount,N,,,,4,6,2,6,1.0,0.5,likelihood_ration,0
AAAAABBA,snr,B,1.2,0.0,6,4,6,2,6,1.0,0.5,information,0
AAAAABBA,snr,B,1.2,0.0,6,4,6,2,6,1.0,0.5,gating_g04,0
AAAAABBA,snr,B,1.2,0.0,6,4,6,2,6,1.0,0.5,relcount,0
AAAAABBA,snr,B,1.2,0.0,6,4,6,2,6,1.0,0.5,blca_l10_k01_wi01_leak01_beta01,1
AAAAABBA,snr,B,1.2,0.0,6,4,6,2,6,1.0,0.5,naive,0
AAAAABBA,snr,B,1.2,0.0,6,4,6,2,6,1.0,0.5,lba_k01_d01,0
AAAAABBA,snr,B,1.2,0.0,6,4,6,2,6,1.0,0.5,abscount,0
AAAAABBA,snr,B,1.2,0.0,6,4,6,2,6,1.0,0.5,likelihood_ration,0
AAAAABBA,blca_l10_k01_wi01_leak01_beta01,B,1.98,-0.98,1,4,6,2,6,1.0,0.5,information,0
AAAAABBA,blca_l10_k01_wi01_leak01_beta01,B,1.98,-0.98,1,4,6,2,6,1.0,0.5,snr,1
AAAAABBA,blca_l10_k01_wi01_leak01_beta01,B,1.98,-0.98,1,4,6,2,6,1.0,0.5,relcount,0
AAAAABBA,blca_l10_k01_wi01_leak01_beta01,B,1.98,-0.98,1,4,6,2,6,1.0,0.5,gating_g04,0
AAAAABBA,blca_l10_k01_wi01_leak01_beta01,B,1.98,-0.98,1,4,6,2,6,1.0,0.5,naive,0
AAAAABBA,blca_l10_k01_wi01_leak01_beta01,B,1.98,-0.98,1,4,6,2,6,1.0,0.5,lba_k01_d01,0
AAAAABBA,blca_l10_k01_wi01_leak01_beta01,B,1.98,-0.98,1,4,6,2,6,1.0,0.5,abscount,0
AAAAABBA,blca_l10_k01_wi01_leak01_beta01,B,1.98,-0.98,1,4,6,2,6,1.0,0.5,likelihood_ration,0
AAAAABBA,gating_g04,N,,,,4,6,2,6,1.0,0.5,information,0
AAAAABBA,gating_g04,N,,,,4,6,2,6,1.0,0.5,snr,0
AAAAABBA,gating_g04,N,,,,4,6,2,6,1.0,0.5,relcount,0
AAAAABBA,gating_g04,N,,,,4,6,2,6,1.0,0.5,blca_l10_k01_wi01_leak01_beta01,0
AAAAABBA,gating_g04,N,,,,4,6,2,6,1.0,0.5,naive,0
AAAAABBA,gating_g04,N,,,,4,6,2,6,1.0,0.5,lba_k01_d01,0
AAAAABBA,gating_g04,N,,,,4,6,2,6,1.0,0.5,abscount,-1
AAAAABBA,gating_g04,N,,,,4,6,2,6,1.0,0.5,likelihood_ration,0
AAAAABBA,relcount,A,0.833333333333,0.166666666667,6,4,6,2,6,1.0,0.5,information,1
AAAAABBA,relcount,A,0.833333333333,0.166666666667,6,4,6,2,6,1.0,0.5,snr,0
AAAAABBA,relcount,A,0.833333333333,0.166666666667,6,4,6,2,6,1.0,0.5,gating_g04,0
AAAAABBA,relcount,A,0.833333333333,0.166666666667,6,4,6,2,6,1.0,0.5,blca_l10_k01_wi01_leak01_beta01,0
AAAAABBA,relcount,A,0.833333333333,0.166666666667,6,4,6,2,6,1.0,0.5,naive,1
AAAAABBA,relcount,A,0.833333333333,0.166666666667,6,4,6,2,6,1.0,0.5,lba_k01_d01,1
AAAAABBA,relcount,A,0.833333333333,0.166666666667,6,4,6,2,6,1.0,0.5,abscount,0
AAAAABBA,relcount,A,0.833333333333,0.166666666667,6,4,6,2,6,1.0,0.5,likelihood_ration,1
AAAAABBA,likelihood_ration,A,1.57403126773,0,8,4,6,2,6,1.0,0.5,information,1
AAAAABBA,likelihood_ration,A,1.57403126773,0,8,4,6,2,6,1.0,0.5,relcount,1
AAAAABBA,likelihood_ration,A,1.57403126773,0,8,4,6,2,6,1.0,0.5,snr,0
AAAAABBA,likelihood_ration,A,1.57403126773,0,8,4,6,2,6,1.0,0.5,gating_g04,0
AAAAABBA,likelihood_ration,A,1.57403126773,0,8,4,6,2,6,1.0,0.5,blca_l10_k01_wi01_leak01_beta01,0
AAAAABBA,likelihood_ration,A,1.57403126773,0,8,4,6,2,6,1.0,0.5,naive,1
AAAAABBA,likelihood_ration,A,1.57403126773,0,8,4,6,2,6,1.0,0.5,lba_k01_d01,1
AAAAABBA,likelihood_ration,A,1.57403126773,0,8,4,6,2,6,1.0,0.5,abscount,0
ABABBBAB,information,N,,,,1,3,5,5,0.5,0.75,relcount,-1
ABABBBAB,information,N,,,,1,3,5,5,0.5,0.75,snr,0
ABABBBAB,information,N,,,,1,3,5,5,0.5,0.75,gating_g04,-1
ABABBBAB,information,N,,,,1,3,5,5,0.5,0.75,blca_l10_k01_wi01_leak01_beta01,0
ABABBBAB,information,N,,,,1,3,5,5,0.5,0.75,naive,0
ABABBBAB,information,N,,,,1,3,5,5,0.5,0.75,lba_k01_d01,0
ABABBBAB,information,N,,,,1,3,5,5,0.5,0.75,abscount,-1
ABABBBAB,information,N,,,,1,3,5,5,0.5,0.75,likelihood_ration,-1
ABABBBAB,naive,B,0.75,0,4,1,3,5,5,0.5,0.75,information,0
ABABBBAB,naive,B,0.75,0,4,1,3,5,5,0.5,0.75,snr,1
ABABBBAB,naive,B,0.75,0,4,1,3,5,5,0.5,0.75,relcount,0
ABABBBAB,naive,B,0.75,0,4,1,3,5,5,0.5,0.75,blca_l10_k01_wi01_leak01_beta01,1
ABABBBAB,naive,B,0.75,0,4,1,3,5,5,0.5,0.75,gating_g04,0
ABABBBAB,naive,B,0.75,0,4,1,3,5,5,0.5,0.75,lba_k01_d01,0
ABABBBAB,naive,B,0.75,0,4,1,3,5,5,0.5,0.75,abscount,0
ABABBBAB,naive,B,0.75,0,4,1,3,5,5,0.5,0.75,likelihood_ration,0
ABABBBAB,lba_k01_d01,A,0.8,0.1,7,1,3,5,5,0.5,0.75,information,0
ABABBBAB,lba_k01_d01,A,0.8,0.1,7,1,3,5,5,0.5,0.75,relcount,0
ABABBBAB,lba_k01_d01,A,0.8,0.1,7,1,3,5,5,0.5,0.75,snr,0
ABABBBAB,lba_k01_d01,A,0.8,0.1,7,1,3,5,5,0.5,0.75,gating_g04,0
ABABBBAB,lba_k01_d01,A,0.8,0.1,7,1,3,5,5,0.5,0.75,blca_l10_k01_wi01_leak01_beta01,0
ABABBBAB,lba_k01_d01,A,0.8,0.1,7,1,3,5,5,0.5,0.75,naive,0
ABABBBAB,lba_k01_d01,A,0.8,0.1,7,1,3,5,5,0.5,0.75,abscount,0
ABABBBAB,lba_k01_d01,A,0.8,0.1,7,1,3,5,5,0.5,0.75,likelihood_ration,0
ABABBBAB,abscount,N,,,,1,3,5,5,0.5,0.75,information,-1
ABABBBAB,abscount,N,,,,1,3,5,5,0.5,0.75,snr,0
ABABBBAB,abscount,N,,,,1,3,5,5,0.5,0.75,gating_g04,-1
ABABBBAB,abscount,N,,,,1,3,5,5,0.5,0.75,blca_l10_k01_wi01_leak01_beta01,0
ABABBBAB,abscount,N,,,,1,3,5,5,0.5,0.75,naive,0
ABABBBAB,abscount,N,,,,1,3,5,5,0.5,0.75,lba_k01_d01,0
ABABBBAB,abscount,N,,,,1,3,5,5,0.5,0.75,relcount,-1
ABABBBAB,abscount,N,,,,1,3,5,5,0.5,0.75,likelihood_ration,-1
ABABBBAB,snr,B,2.0,0.0,2,1,3,5,5,0.5,0.75,information,0
ABABBBAB,snr,B,2.0,0.0,2,1,3,5,5,0.5,0.75,gating_g04,0
ABABBBAB,snr,B,2.0,0.0,2,1,3,5,5,0.5,0.75,relcount,0
ABABBBAB,snr,B,2.0,0.0,2,1,3,5,5,0.5,0.75,blca_l10_k01_wi01_leak01_beta01,1
ABABBBAB,snr,B,2.0,0.0,2,1,3,5,5,0.5,0.75,naive,1
ABABBBAB,snr,B,2.0,0.0,2,1,3,5,5,0.5,0.75,lba_k01_d01,0
ABABBBAB,snr,B,2.0,0.0,2,1,3,5,5,0.5,0.75,abscount,0
ABABBBAB,snr,B,2.0,0.0,2,1,3,5,5,0.5,0.75,likelihood_ration,0
ABABBBAB,blca_l10_k01_wi01_leak01_beta01,B,1.98,-0.98,1,1,3,5,5,0.5,0.75,information,0
ABABBBAB,blca_l10_k01_wi01_leak01_beta01,B,1.98,-0.98,1,1,3,5,5,0.5,0.75,snr,1
ABABBBAB,blca_l10_k01_wi01_leak01_beta01,B,1.98,-0.98,1,1,3,5,5,0.5,0.75,relcount,0
ABABBBAB,blca_l10_k01_wi01_leak01_beta01,B,1.98,-0.98,1,1,3,5,5,0.5,0.75,gating_g04,0
ABABBBAB,blca_l10_k01_wi01_leak01_beta01,B,1.98,-0.98,1,1,3,5,5,0.5,0.75,naive,1
ABABBBAB,blca_l10_k01_wi01_leak01_beta01,B,1.98,-0.98,1,1,3,5,5,0.5,0.75,lba_k01_d01,0
ABABBBAB,blca_l10_k01_wi01_leak01_beta01,B,1.98,-0.98,1,1,3,5,5,0.5,0.75,abscount,0
ABABBBAB,blca_l10_k01_wi01_leak01_beta01,B,1.98,-0.98,1,1,3,5,5,0.5,0.75,likelihood_ration,0
ABABBBAB,gating_g04,N,,,,1,3,5,5,0.5,0.75,information,-1
ABABBBAB,gating_g04,N,,,,1,3,5,5,0.5,0.75,snr,0
ABABBBAB,gating_g04,N,,,,1,3,5,5,0.5,0.75,relcount,-1
ABABBBAB,gating_g04,N,,,,1,3,5,5,0.5,0.75,blca_l10_k01_wi01_leak01_beta01,0
ABABBBAB,gating_g04,N,,,,1,3,5,5,0.5,0.75,naive,0
ABABBBAB,gating_g04,N,,,,1,3,5,5,0.5,0.75,lba_k01_d01,0
ABABBBAB,gating_g04,N,,,,1,3,5,5,0.5,0.75,abscount,-1
ABABBBAB,gating_g04,N,,,,1,3,5,5,0.5,0.75,likelihood_ration,-1
ABABBBAB,relcount,N,,,,1,3,5,5,0.5,0.75,information,-1
ABABBBAB,relcount,N,,,,1,3,5,5,0.5,0.75,snr,0
ABABBBAB,relcount,N,,,,1,3,5,5,0.5,0.75,gating_g04,-1
ABABBBAB,relcount,N,,,,1,3,5,5,0.5,0.75,blca_l10_k01_wi01_leak01_beta01,0
ABABBBAB,relcount,N,,,,1,3,5,5,0.5,0.75,naive,0
ABABBBAB,relcount,N,,,,1,3,5,5,0.5,0.75,lba_k01_d01,0
ABABBBAB,relcount,N,,,,1,3,5,5,0.5,0.75,abscount,-1
ABABBBAB,relcount,N,,,,1,3,5,5,0.5,0.75,likelihood_ration,-1
ABABBBAB,likelihood_ration,N,,,,1,3,5,5,0.5,0.75,information,-1
ABABBBAB,likelihood_ration,N,,,,1,3,5,5,0.5,0.75,relcount,-1
ABABBBAB,likelihood_ration,N,,,,1,3,5,5,0.5,0.75,snr,0
ABABBBAB,likelihood_ration,N,,,,1,3,5,5,0.5,0.75,gating_g04,-1
ABABBBAB,likelihood_ration,N,,,,1,3,5,5,0.5,0.75,blca_l10_k01_wi01_leak01_beta01,0
ABABBBAB,likelihood_ration,N,,,,1,3,5,5,0.5,0.75,naive,0
ABABBBAB,likelihood_ration,N,,,,1,3,5,5,0.5,0.75,lba_k01_d01,0
ABABBBAB,likelihood_ration,N,,,,1,3,5,5,0.5,0.75,abscount,-1
ABABBBAA,information,N,,,,2,4,4,4,0.5,0.5,relcount,-1
ABABBBAA,information,N,,,,2,4,4,4,0.5,0.5,snr,0
ABABBBAA,information,N,,,,2,4,4,4,0.5,0.5,gating_g04,-1
ABABBBAA,information,N,,,,2,4,4,4,0.5,0.5,blca_l10_k01_wi01_leak01_beta01,0
ABABBBAA,information,N,,,,2,4,4,4,0.5,0.5,naive,0
ABABBBAA,information,N,,,,2,4,4,4,0.5,0.5,lba_k01_d01,0
ABABBBAA,information,N,,,,2,4,4,4,0.5,0.5,abscount,-1
ABABBBAA,information,N,,,,2,4,4,4,0.5,0.5,likelihood_ration,-1
ABABBBAA,naive,B,0.75,0,4,2,4,4,4,0.5,0.5,information,0
ABABBBAA,naive,B,0.75,0,4,2,4,4,4,0.5,0.5,snr,1
ABABBBAA,naive,B,0.75,0,4,2,4,4,4,0.5,0.5,relcount,0
ABABBBAA,naive,B,0.75,0,4,2,4,4,4,0.5,0.5,blca_l10_k01_wi01_leak01_beta01,1
ABABBBAA,naive,B,0.75,0,4,2,4,4,4,0.5,0.5,gating_g04,0
ABABBBAA,naive,B,0.75,0,4,2,4,4,4,0.5,0.5,lba_k01_d01,0
ABABBBAA,naive,B,0.75,0,4,2,4,4,4,0.5,0.5,abscount,0
ABABBBAA,naive,B,0.75,0,4,2,4,4,4,0.5,0.5,likelihood_ration,0
ABABBBAA,lba_k01_d01,A,0.8,0.1,7,2,4,4,4,0.5,0.5,information,0
ABABBBAA,lba_k01_d01,A,0.8,0.1,7,2,4,4,4,0.5,0.5,relcount,0
ABABBBAA,lba_k01_d01,A,0.8,0.1,7,2,4,4,4,0.5,0.5,snr,0
ABABBBAA,lba_k01_d01,A,0.8,0.1,7,2,4,4,4,0.5,0.5,gating_g04,0
ABABBBAA,lba_k01_d01,A,0.8,0.1,7,2,4,4,4,0.5,0.5,blca_l10_k01_wi01_leak01_beta01,0
ABABBBAA,lba_k01_d01,A,0.8,0.1,7,2,4,4,4,0.5,0.5,naive,0
ABABBBAA,lba_k01_d01,A,0.8,0.1,7,2,4,4,4,0.5,0.5,abscount,0
ABABBBAA,lba_k01_d01,A,0.8,0.1,7,2,4,4,4,0.5,0.5,likelihood_ration,0
ABABBBAA,abscount,N,,,,2,4,4,4,0.5,0.5,information,-1
ABABBBAA,abscount,N,,,,2,4,4,4,0.5,0.5,snr,0
ABABBBAA,abscount,N,,,,2,4,4,4,0.5,0.5,gating_g04,-1
ABABBBAA,abscount,N,,,,2,4,4,4,0.5,0.5,blca_l10_k01_wi01_leak01_beta01,0
ABABBBAA,abscount,N,,,,2,4,4,4,0.5,0.5,naive,0
ABABBBAA,abscount,N,,,,2,4,4,4,0.5,0.5,lba_k01_d01,0
ABABBBAA,abscount,N,,,,2,4,4,4,0.5,0.5,relcount,-1
ABABBBAA,abscount,N,,,,2,4,4,4,0.5,0.5,likelihood_ration,-1
ABABBBAA,snr,B,2.0,0.0,2,2,4,4,4,0.5,0.5,information,0
ABABBBAA,snr,B,2.0,0.0,2,2,4,4,4,0.5,0.5,gating_g04,0
ABABBBAA,snr,B,2.0,0.0,2,2,4,4,4,0.5,0.5,relcount,0
ABABBBAA,snr,B,2.0,0.0,2,2,4,4,4,0.5,0.5,blca_l10_k01_wi01_leak01_beta01,1
ABABBBAA,snr,B,2.0,0.0,2,2,4,4,4,0.5,0.5,naive,1
ABABBBAA,snr,B,2.0,0.0,2,2,4,4,4,0.5,0.5,lba_k01_d01,0
ABABBBAA,snr,B,2.0,0.0,2,2,4,4,4,0.5,0.5,abscount,0
ABABBBAA,snr,B,2.0,0.0,2,2,4,4,4,0.5,0.5,likelihood_ration,0
ABABBBAA,blca_l10_k01_wi01_leak01_beta01,B,1.98,-0.98,1,2,4,4,4,0.5,0.5,information,0
ABABBBAA,blca_l10_k01_wi01_leak01_beta01,B,1.98,-0.98,1,2,4,4,4,0.5,0.5,snr,1
ABABBBAA,blca_l10_k01_wi01_leak01_beta01,B,1.98,-0.98,1,2,4,4,4,0.5,0.5,relcount,0
ABABBBAA,blca_l10_k01_wi01_leak01_beta01,B,1.98,-0.98,1,2,4,4,4,0.5,0.5,gating_g04,0
ABABBBAA,blca_l10_k01_wi01_leak01_beta01,B,1.98,-0.98,1,2,4,4,4,0.5,0.5,naive,1
ABABBBAA,blca_l10_k01_wi01_leak01_beta01,B,1.98,-0.98,1,2,4,4,4,0.5,0.5,lba_k01_d01,0
ABABBBAA,blca_l10_k01_wi01_leak01_beta01,B,1.98,-0.98,1,2,4,4,4,0.5,0.5,abscount,0
ABABBBAA,blca_l10_k01_wi01_leak01_beta01,B,1.98,-0.98,1,2,4,4,4,0.5,0.5,likelihood_ration,0
ABABBBAA,gating_g04,N,,,,2,4,4,4,0.5,0.5,information,-1
ABABBBAA,gating_g04,N,,,,2,4,4,4,0.5,0.5,snr,0
ABABBBAA,gating_g04,N,,,,2,4,4,4,0.5,0.5,relcount,-1
ABABBBAA,gating_g04,N,,,,2,4,4,4,0.5,0.5,blca_l10_k01_wi01_leak01_beta01,0
ABABBBAA,gating_g04,N,,,,2,4,4,4,0.5,0.5,naive,0
ABABBBAA,gating_g04,N,,,,2,4,4,4,0.5,0.5,lba_k01_d01,0
ABABBBAA,gating_g04,N,,,,2,4,4,4,0.5,0.5,abscount,-1
ABABBBAA,gating_g04,N,,,,2,4,4,4,0.5,0.5,likelihood_ration,-1
ABABBBAA,relcount,N,,,,2,4,4,4,0.5,0.5,information,-1
ABABBBAA,relcount,N,,,,2,4,4,4,0.5,0.5,snr,0
ABABBBAA,relcount,N,,,,2,4,4,4,0.5,0.5,gating_g04,-1
ABABBBAA,relcount,N,,,,2,4,4,4,0.5,0.5,blca_l10_k01_wi01_leak01_beta01,0
ABABBBAA,relcount,N,,,,2,4,4,4,0.5,0.5,naive,0
ABABBBAA,relcount,N,,,,2,4,4,4,0.5,0.5,lba_k01_d01,0
ABABBBAA,relcount,N,,,,2,4,4,4,0.5,0.5,abscount,-1
ABABBBAA,relcount,N,,,,2,4,4,4,0.5,0.5,likelihood_ration,-1
ABABBBAA,likelihood_ration,N,,,,2,4,4,4,0.5,0.5,information,-1
ABABBBAA,likelihood_ration,N,,,,2,4,4,4,0.5,0.5,relcount,-1
ABABBBAA,likelihood_ration,N,,,,2,4,4,4,0.5,0.5,snr,0
ABABBBAA,likelihood_ration,N,,,,2,4,4,4,0.5,0.5,gating_g04,-1
ABABBBAA,likelihood_ration,N,,,,2,4,4,4,0.5,0.5,blca_l10_k01_wi01_leak01_beta01,0
ABABBBAA,likelihood_ration,N,,,,2,4,4,4,0.5,0.5,naive,0
ABABBBAA,likelihood_ration,N,,,,2,4,4,4,0.5,0.5,lba_k01_d01,0
ABABBBAA,likelihood_ration,N,,,,2,4,4,4,0.5,0.5,abscount,-1
ABAAAAAB,information,A,0.9375,0.1875,6,2,6,2,6,0.75,0.75,relcount,1
ABAAAAAB,information,A,0.9375,0.1875,6,2,6,2,6,0.75,0.75,snr,0
ABAAAAAB,information,A,0.9375,0.1875,6,2,6,2,6,0.75,0.75,gating_g04,0
ABAAAAAB,information,A,0.9375,0.1875,6,2,6,2,6,0.75,0.75,blca_l10_k01_wi01_leak01_beta01,0
ABAAAAAB,information,A,0.9375,0.1875,6,2,6,2,6,0.75,0.75,naive,1
ABAAAAAB,information,A,0.9375,0.1875,6,2,6,2,6,0.75,0.75,lba_k01_d01,1
ABAAAAAB,information,A,0.9375,0.1875,6,2,6,2,6,0.75,0.75,abscount,0
ABAAAAAB,information,A,0.9375,0.1875,6,2,6,2,6,0.75,0.75,likelihood_ration,1
ABAAAAAB,naive,A,0.75,0,3,2,6,2,6,0.75,0.75,information,1
ABAAAAAB,naive,A,0.75,0,3,2,6,2,6,0.75,0.75,snr,0
ABAAAAAB,naive,A,0.75,0,3,2,6,2,6,0.75,0.75,relcount,1
ABAAAAAB,naive,A,0.75,0,3,2,6,2,6,0.75,0.75,blca_l10_k01_wi01_leak01_beta01,0
ABAAAAAB,naive,A,0.75,0,3,2,6,2,6,0.75,0.75,gating_g04,0
ABAAAAAB,naive,A,0.75,0,3,2,6,2,6,0.75,0.75,lba_k01_d01,1
ABAAAAAB,naive,A,0.75,0,3,2,6,2,6,0.75,0.75,abscount,0
ABAAAAAB,naive,A,0.75,0,3,2,6,2,6,0.75,0.75,likelihood_ration,1
ABAAAAAB,lba_k01_d01,A,0.8,0.1,7,2,6,2,6,0.75,0.75,information,1
ABAAAAAB,lba_k01_d01,A,0.8,0.1,7,2,6,2,6,0.75,0.75,relcount,1
ABAAAAAB,lba_k01_d01,A,0.8,0.1,7,2,6,2,6,0.75,0.75,snr,0
ABAAAAAB,lba_k01_d01,A,0.8,0.1,7,2,6,2,6,0.75,0.75,gating_g04,0
ABAAAAAB,lba_k01_d01,A,0.8,0.1,7,2,6,2,6,0.75,0.75,blca_l10_k01_wi01_leak01_beta01,0
ABAAAAAB,lba_k01_d01,A,0.8,0.1,7,2,6,2,6,0.75,0.75,naive,1
ABAAAAAB,lba_k01_d01,A,0.8,0.1,7,2,6,2,6,0.75,0.75,abscount,0
ABAAAAAB,lba_k01_d01,A,0.8,0.1,7,2,6,2,6,0.75,0.75,likelihood_ration,1
ABAAAAAB,abscount,N,,,,2,6,2,6,0.75,0.75,information,0
ABAAAAAB,abscount,N,,,,2,6,2,6,0.75,0.75,snr,0
ABAAAAAB,abscount,N,,,,2,6,2,6,0.75,0.75,gating_g04,-1
ABAAAAAB,abscount,N,,,,2,6,2,6,0.75,0.75,blca_l10_k01_wi01_leak01_beta01,0
ABAAAAAB,abscount,N,,,,2,6,2,6,0.75,0.75,naive,0
ABAAAAAB,abscount,N,,,,2,6,2,6,0.75,0.75,lba_k01_d01,0
ABAAAAAB,abscount,N,,,,2,6,2,6,0.75,0.75,relcount,0
ABAAAAAB,abscount,N,,,,2,6,2,6,0.75,0.75,likelihood_ration,0
ABAAAAAB,snr,B,2.0,0.0,2,2,6,2,6,0.75,0.75,information,0
ABAAAAAB,snr,B,2.0,0.0,2,2,6,2,6,0.75,0.75,gating_g04,0
ABAAAAAB,snr,B,2.0,0.0,2,2,6,2,6,0.75,0.75,relcount,0
ABAAAAAB,snr,B,2.0,0.0,2,2,6,2,6,0.75,0.75,blca_l10_k01_wi01_leak01_beta01,1
ABAAAAAB,snr,B,2.0,0.0,2,2,6,2,6,0.75,0.75,naive,0
ABAAAAAB,snr,B,2.0,0.0,2,2,6,2,6,0.75,0.75,lba_k01_d01,0
ABAAAAAB,snr,B,2.0,0.0,2,2,6,2,6,0.75,0.75,abscount,0
ABAAAAAB,snr,B,2.0,0.0,2,2,6,2,6,0.75,0.75,likelihood_ration,0
ABAAAAAB,blca_l10_k01_wi01_leak01_beta01,B,1.98,-0.98,1,2,6,2,6,0.75,0.75,information,0
ABAAAAAB,blca_l10_k01_wi01_leak01_beta01,B,1.98,-0.98,1,2,6,2,6,0.75,0.75,snr,1
ABAAAAAB,blca_l10_k01_wi01_leak01_beta01,B,1.98,-0.98,1,2,6,2,6,0.75,0.75,relcount,0
ABAAAAAB,blca_l10_k01_wi01_leak01_beta01,B,1.98,-0.98,1,2,6,2,6,0.75,0.75,gating_g04,0
ABAAAAAB,blca_l10_k01_wi01_leak01_beta01,B,1.98,-0.98,1,2,6,2,6,0.75,0.75,naive,0
ABAAAAAB,blca_l10_k01_wi01_leak01_beta01,B,1.98,-0.98,1,2,6,2,6,0.75,0.75,lba_k01_d01,0
ABAAAAAB,blca_l10_k01_wi01_leak01_beta01,B,1.98,-0.98,1,2,6,2,6,0.75,0.75,abscount,0
ABAAAAAB,blca_l10_k01_wi01_leak01_beta01,B,1.98,-0.98,1,2,6,2,6,0.75,0.75,likelihood_ration,0
ABAAAAAB,gating_g04,N,,,,2,6,2,6,0.75,0.75,information,0
ABAAAAAB,gating_g04,N,,,,2,6,2,6,0.75,0.75,snr,0
ABAAAAAB,gating_g04,N,,,,2,6,2,6,0.75,0.75,relcount,0
ABAAAAAB,gating_g04,N,,,,2,6,2,6,0.75,0.75,blca_l10_k01_wi01_leak01_beta01,0
ABAAAAAB,gating_g04,N,,,,2,6,2,6,0.75,0.75,naive,0
ABAAAAAB,gating_g04,N,,,,2,6,2,6,0.75,0.75,lba_k01_d01,0
ABAAAAAB,gating_g04,N,,,,2,6,2,6,0.75,0.75,abscount,-1
ABAAAAAB,gating_g04,N,,,,2,6,2,6,0.75,0.75,likelihood_ration,0
ABAAAAAB,relcount,A,0.833333333333,0.166666666667,6,2,6,2,6,0.75,0.75,information,1
ABAAAAAB,relcount,A,0.833333333333,0.166666666667,6,2,6,2,6,0.75,0.75,snr,0
ABAAAAAB,relcount,A,0.833333333333,0.166666666667,6,2,6,2,6,0.75,0.75,gating_g04,0
ABAAAAAB,relcount,A,0.833333333333,0.166666666667,6,2,6,2,6,0.75,0.75,blca_l10_k01_wi01_leak01_beta01,0
ABAAAAAB,relcount,A,0.833333333333,0.166666666667,6,2,6,2,6,0.75,0.75,naive,1
ABAAAAAB,relcount,A,0.833333333333,0.166666666667,6,2,6,2,6,0.75,0.75,lba_k01_d01,1
ABAAAAAB,relcount,A,0.833333333333,0.166666666667,6,2,6,2,6,0.75,0.75,abscount,0
ABAAAAAB,relcount,A,0.833333333333,0.166666666667,6,2,6,2,6,0.75,0.75,likelihood_ration,1
ABAAAAAB,likelihood_ration,A,1.38021124171,0,5,2,6,2,6,0.75,0.75,information,1
ABAAAAAB,likelihood_ration,A,1.38021124171,0,5,2,6,2,6,0.75,0.75,relcount,1
ABAAAAAB,likelihood_ration,A,1.38021124171,0,5,2,6,2,6,0.75,0.75,snr,0
ABAAAAAB,likelihood_ration,A,1.38021124171,0,5,2,6,2,6,0.75,0.75,gating_g04,0
ABAAAAAB,likelihood_ration,A,1.38021124171,0,5,2,6,2,6,0.75,0.75,blca_l10_k01_wi01_leak01_beta01,0
ABAAAAAB,likelihood_ration,A,1.38021124171,0,5,2,6,2,6,0.75,0.75,naive,1
ABAAAAAB,likelihood_ration,A,1.38021124171,0,5,2,6,2,6,0.75,0.75,lba_k01_d01,1
ABAAAAAB,likelihood_ration,A,1.38021124171,0,5,2,6,2,6,0.75,0.75,abscount,0
AAAAAABA,information,A,0.75,0.0,4,3,7,1,7,1.0,0.75,relcount,1
AAAAAABA,information,A,0.75,0.0,4,3,7,1,7,1.0,0.75,snr,0
AAAAAABA,information,A,0.75,0.0,4,3,7,1,7,1.0,0.75,gating_g04,0
AAAAAABA,information,A,0.75,0.0,4,3,7,1,7,1.0,0.75,blca_l10_k01_wi01_leak01_beta01,0
AAAAAABA,information,A,0.75,0.0,4,3,7,1,7,1.0,0.75,naive,1
AAAAAABA,information,A,0.75,0.0,4,3,7,1,7,1.0,0.75,lba_k01_d01,1
AAAAAABA,information,A,0.75,0.0,4,3,7,1,7,1.0,0.75,abscount,1
AAAAAABA,information,A,0.75,0.0,4,3,7,1,7,1.0,0.75,likelihood_ration,1
AAAAAABA,naive,A,0.75,0,1,3,7,1,7,1.0,0.75,information,1
AAAAAABA,naive,A,0.75,0,1,3,7,1,7,1.0,0.75,snr,0
AAAAAABA,naive,A,0.75,0,1,3,7,1,7,1.0,0.75,relcount,1
AAAAAABA,naive,A,0.75,0,1,3,7,1,7,1.0,0.75,blca_l10_k01_wi01_leak01_beta01,0
AAAAAABA,naive,A,0.75,0,1,3,7,1,7,1.0,0.75,gating_g04,0
AAAAAABA,naive,A,0.75,0,1,3,7,1,7,1.0,0.75,lba_k01_d01,1
AAAAAABA,naive,A,0.75,0,1,3,7,1,7,1.0,0.75,abscount,1
AAAAAABA,naive,A,0.75,0,1,3,7,1,7,1.0,0.75,likelihood_ration,1
AAAAAABA,lba_k01_d01,A,0.8,0.1,7,3,7,1,7,1.0,0.75,information,1
AAAAAABA,lba_k01_d01,A,0.8,0.1,7,3,7,1,7,1.0,0.75,relcount,1
AAAAAABA,lba_k01_d01,A,0.8,0.1,7,3,7,1,7,1.0,0.75,snr,0
AAAAAABA,lba_k01_d01,A,0.8,0.1,7,3,7,1,7,1.0,0.75,gating_g04,0
AAAAAABA,lba_k01_d01,A,0.8,0.1,7,3,7,1,7,1.0,0.75,blca_l10_k01_wi01_leak01_beta01,0
AAAAAABA,lba_k01_d01,A,0.8,0.1,7,3,7,1,7,1.0,0.75,naive,1
AAAAAABA,lba_k01_d01,A,0.8,0.1,7,3,7,1,7,1.0,0.75,abscount,1
AAAAAABA,lba_k01_d01,A,0.8,0.1,7,3,7,1,7,1.0,0.75,likelihood_ration,1
AAAAAABA,abscount,A,0.75,0.0,6,3,7,1,7,1.0,0.75,information,1
AAAAAABA,abscount,A,0.75,0.0,6,3,7,1,7,1.0,0.75,snr,0
AAAAAABA,abscount,A,0.75,0.0,6,3,7,1,7,1.0,0.75,gating_g04,0
AAAAAABA,abscount,A,0.75,0.0,6,3,7,1,7,1.0,0.75,blca_l10_k01_wi01_leak01_beta01,0
AAAAAABA,abscount,A,0.75,0.0,6,3,7,1,7,1.0,0.75,naive,1
AAAAAABA,abscount,A,0.75,0.0,6,3,7,1,7,1.0,0.75,lba_k01_d01,1
AAAAAABA,abscount,A,0.75,0.0,6,3,7,1,7,1.0,0.75,relcount,1
AAAAAABA,abscount,A,0.75,0.0,6,3,7,1,7,1.0,0.75,likelihood_ration,1
AAAAAABA,snr,B,1.16666666667,0.0,7,3,7,1,7,1.0,0.75,information,0
AAAAAABA,snr,B,1.16666666667,0.0,7,3,7,1,7,1.0,0.75,gating_g04,0
AAAAAABA,snr,B,1.16666666667,0.0,7,3,7,1,7,1.0,0.75,relcount,0
AAAAAABA,snr,B,1.16666666667,0.0,7,3,7,1,7,1.0,0.75,blca_l10_k01_wi01_leak01_beta01,1
AAAAAABA,snr,B,1.16666666667,0.0,7,3,7,1,7,1.0,0.75,naive,0
AAAAAABA,snr,B,1.16666666667,0.0,7,3,7,1,7,1.0,0.75,lba_k01_d01,0
AAAAAABA,snr,B,1.16666666667,0.0,7,3,7,1,7,1.0,0.75,abscount,0
AAAAAABA,snr,B,1.16666666667,0.0,7,3,7,1,7,1.0,0.75,likelihood_ration,0
AAAAAABA,blca_l10_k01_wi01_leak01_beta01,B,1.98,-0.98,1,3,7,1,7,1.0,0.75,information,0
AAAAAABA,blca_l10_k01_wi01_leak01_beta01,B,1.98,-0.98,1,3,7,1,7,1.0,0.75,snr,1
AAAAAABA,blca_l10_k01_wi01_leak01_beta01,B,1.98,-0.98,1,3,7,1,7,1.0,0.75,relcount,0
AAAAAABA,blca_l10_k01_wi01_leak01_beta01,B,1.98,-0.98,1,3,7,1,7,1.0,0.75,gating_g04,0
AAAAAABA,blca_l10_k01_wi01_leak01_beta01,B,1.98,-0.98,1,3,7,1,7,1.0,0.75,naive,0
AAAAAABA,blca_l10_k01_wi01_leak01_beta01,B,1.98,-0.98,1,3,7,1,7,1.0,0.75,lba_k01_d01,0
AAAAAABA,blca_l10_k01_wi01_leak01_beta01,B,1.98,-0.98,1,3,7,1,7,1.0,0.75,abscount,0
AAAAAABA,blca_l10_k01_wi01_leak01_beta01,B,1.98,-0.98,1,3,7,1,7,1.0,0.75,likelihood_ration,0
AAAAAABA,gating_g04,N,,,,3,7,1,7,1.0,0.75,information,0
AAAAAABA,gating_g04,N,,,,3,7,1,7,1.0,0.75,snr,0
AAAAAABA,gating_g04,N,,,,3,7,1,7,1.0,0.75,relcount,0
AAAAAABA,gating_g04,N,,,,3,7,1,7,1.0,0.75,blca_l10_k01_wi01_leak01_beta01,0
AAAAAABA,gating_g04,N,,,,3,7,1,7,1.0,0.75,naive,0
AAAAAABA,gating_g04,N,,,,3,7,1,7,1.0,0.75,lba_k01_d01,0
AAAAAABA,gating_g04,N,,,,3,7,1,7,1.0,0.75,abscount,0
AAAAAABA,gating_g04,N,,,,3,7,1,7,1.0,0.75,likelihood_ration,0
AAAAAABA,relcount,A,0.857142857143,0.142857142857,7,3,7,1,7,1.0,0.75,information,1
AAAAAABA,relcount,A,0.857142857143,0.142857142857,7,3,7,1,7,1.0,0.75,snr,0
AAAAAABA,relcount,A,0.857142857143,0.142857142857,7,3,7,1,7,1.0,0.75,gating_g04,0
AAAAAABA,relcount,A,0.857142857143,0.142857142857,7,3,7,1,7,1.0,0.75,blca_l10_k01_wi01_leak01_beta01,0
AAAAAABA,relcount,A,0.857142857143,0.142857142857,7,3,7,1,7,1.0,0.75,naive,1
AAAAAABA,relcount,A,0.857142857143,0.142857142857,7,3,7,1,7,1.0,0.75,lba_k01_d01,1
AAAAAABA,relcount,A,0.857142857143,0.142857142857,7,3,7,1,7,1.0,0.75,abscount,1
AAAAAABA,relcount,A,0.857142857143,0.142857142857,7,3,7,1,7,1.0,0.75,likelihood_ration,1
AAAAAABA,likelihood_ration,A,1.6232492904,0,8,3,7,1,7,1.0,0.75,information,1
AAAAAABA,likelihood_ration,A,1.6232492904,0,8,3,7,1,7,1.0,0.75,relcount,1
AAAAAABA,likelihood_ration,A,1.6232492904,0,8,3,7,1,7,1.0,0.75,snr,0
AAAAAABA,likelihood_ration,A,1.6232492904,0,8,3,7,1,7,1.0,0.75,gating_g04,0
AAAAAABA,likelihood_ration,A,1.6232492904,0,8,3,7,1,7,1.0,0.75,blca_l10_k01_wi01_leak01_beta01,0
AAAAAABA,likelihood_ration,A,1.6232492904,0,8,3,7,1,7,1.0,0.75,naive,1
AAAAAABA,likelihood_ration,A,1.6232492904,0,8,3,7,1,7,1.0,0.75,lba_k01_d01,1
AAAAAABA,likelihood_ration,A,1.6232492904,0,8,3,7,1,7,1.0,0.75,abscount,1
AAAAAABB,information,A,0.75,0.0,4,4,6,2,6,1.0,0.5,relcount,1
AAAAAABB,information,A,0.75,0.0,4,4,6,2,6,1.0,0.5,snr,0
AAAAAABB,information,A,0.75,0.0,4,4,6,2,6,1.0,0.5,gating_g04,0
AAAAAABB,information,A,0.75,0.0,4,4,6,2,6,1.0,0.5,blca_l10_k01_wi01_leak01_beta01,0
AAAAAABB,information,A,0.75,0.0,4,4,6,2,6,1.0,0.5,naive,1
AAAAAABB,information,A,0.75,0.0,4,4,6,2,6,1.0,0.5,lba_k01_d01,1
AAAAAABB,information,A,0.75,0.0,4,4,6,2,6,1.0,0.5,abscount,1
AAAAAABB,information,A,0.75,0.0,4,4,6,2,6,1.0,0.5,likelihood_ration,0
AAAAAABB,naive,A,0.75,0,1,4,6,2,6,1.0,0.5,information,1
AAAAAABB,naive,A,0.75,0,1,4,6,2,6,1.0,0.5,snr,0
AAAAAABB,naive,A,0.75,0,1,4,6,2,6,1.0,0.5,relcount,1
AAAAAABB,naive,A,0.75,0,1,4,6,2,6,1.0,0.5,blca_l10_k01_wi01_leak01_beta01,0
AAAAAABB,naive,A,0.75,0,1,4,6,2,6,1.0,0.5,gating_g04,0
AAAAAABB,naive,A,0.75,0,1,4,6,2,6,1.0,0.5,lba_k01_d01,1
AAAAAABB,naive,A,0.75,0,1,4,6,2,6,1.0,0.5,abscount,1
AAAAAABB,naive,A,0.75,0,1,4,6,2,6,1.0,0.5,likelihood_ration,0
AAAAAABB,lba_k01_d01,A,0.8,0.1,7,4,6,2,6,1.0,0.5,information,1
AAAAAABB,lba_k01_d01,A,0.8,0.1,7,4,6,2,6,1.0,0.5,relcount,1
AAAAAABB,lba_k01_d01,A,0.8,0.1,7,4,6,2,6,1.0,0.5,snr,0
AAAAAABB,lba_k01_d01,A,0.8,0.1,7,4,6,2,6,1.0,0.5,gating_g04,0
AAAAAABB,lba_k01_d01,A,0.8,0.1,7,4,6,2,6,1.0,0.5,blca_l10_k01_wi01_leak01_beta01,0
AAAAAABB,lba_k01_d01,A,0.8,0.1,7,4,6,2,6,1.0,0.5,naive,1
AAAAAABB,lba_k01_d01,A,0.8,0.1,7,4,6,2,6,1.0,0.5,abscount,1
AAAAAABB,lba_k01_d01,A,0.8,0.1,7,4,6,2,6,1.0,0.5,likelihood_ration,0
AAAAAABB,abscount,A,0.75,0.0,6,4,6,2,6,1.0,0.5,information,1
AAAAAABB,abscount,A,0.75,0.0,6,4,6,2,6,1.0,0.5,snr,0
AAAAAABB,abscount,A,0.75,0.0,6,4,6,2,6,1.0,0.5,gating_g04,0
AAAAAABB,abscount,A,0.75,0.0,6,4,6,2,6,1.0,0.5,blca_l10_k01_wi01_leak01_beta01,0
AAAAAABB,abscount,A,0.75,0.0,6,4,6,2,6,1.0,0.5,naive,1
AAAAAABB,abscount,A,0.75,0.0,6,4,6,2,6,1.0,0.5,lba_k01_d01,1
AAAAAABB,abscount,A,0.75,0.0,6,4,6,2,6,1.0,0.5,relcount,1
AAAAAABB,abscount,A,0.75,0.0,6,4,6,2,6,1.0,0.5,likelihood_ration,0
AAAAAABB,snr,B,1.16666666667,0.0,7,4,6,2,6,1.0,0.5,information,0
AAAAAABB,snr,B,1.16666666667,0.0,7,4,6,2,6,1.0,0.5,gating_g04,0
AAAAAABB,snr,B,1.16666666667,0.0,7,4,6,2,6,1.0,0.5,relcount,0
AAAAAABB,snr,B,1.16666666667,0.0,7,4,6,2,6,1.0,0.5,blca_l10_k01_wi01_leak01_beta01,1
AAAAAABB,snr,B,1.16666666667,0.0,7,4,6,2,6,1.0,0.5,naive,0
AAAAAABB,snr,B,1.16666666667,0.0,7,4,6,2,6,1.0,0.5,lba_k01_d01,0
AAAAAABB,snr,B,1.16666666667,0.0,7,4,6,2,6,1.0,0.5,abscount,0
AAAAAABB,snr,B,1.16666666667,0.0,7,4,6,2,6,1.0,0.5,likelihood_ration,0
AAAAAABB,blca_l10_k01_wi01_leak01_beta01,B,1.98,-0.98,1,4,6,2,6,1.0,0.5,information,0
AAAAAABB,blca_l10_k01_wi01_leak01_beta01,B,1.98,-0.98,1,4,6,2,6,1.0,0.5,snr,1
AAAAAABB,blca_l10_k01_wi01_leak01_beta01,B,1.98,-0.98,1,4,6,2,6,1.0,0.5,relcount,0
AAAAAABB,blca_l10_k01_wi01_leak01_beta01,B,1.98,-0.98,1,4,6,2,6,1.0,0.5,gating_g04,0
AAAAAABB,blca_l10_k01_wi01_leak01_beta01,B,1.98,-0.98,1,4,6,2,6,1.0,0.5,naive,0
AAAAAABB,blca_l10_k01_wi01_leak01_beta01,B,1.98,-0.98,1,4,6,2,6,1.0,0.5,lba_k01_d01,0
AAAAAABB,blca_l10_k01_wi01_leak01_beta01,B,1.98,-0.98,1,4,6,2,6,1.0,0.5,abscount,0
AAAAAABB,blca_l10_k01_wi01_leak01_beta01,B,1.98,-0.98,1,4,6,2,6,1.0,0.5,likelihood_ration,0
AAAAAABB,gating_g04,N,,,,4,6,2,6,1.0,0.5,information,0
AAAAAABB,gating_g04,N,,,,4,6,2,6,1.0,0.5,snr,0
AAAAAABB,gating_g04,N,,,,4,6,2,6,1.0,0.5,relcount,0
AAAAAABB,gating_g04,N,,,,4,6,2,6,1.0,0.5,blca_l10_k01_wi01_leak01_beta01,0
AAAAAABB,gating_g04,N,,,,4,6,2,6,1.0,0.5,naive,0
AAAAAABB,gating_g04,N,,,,4,6,2,6,1.0,0.5,lba_k01_d01,0
AAAAAABB,gating_g04,N,,,,4,6,2,6,1.0,0.5,abscount,0
AAAAAABB,gating_g04,N,,,,4,6,2,6,1.0,0.5,likelihood_ration,-1
AAAAAABB,relcount,A,0.857142857143,0.142857142857,7,4,6,2,6,1.0,0.5,information,1
AAAAAABB,relcount,A,0.857142857143,0.142857142857,7,4,6,2,6,1.0,0.5,snr,0
AAAAAABB,relcount,A,0.857142857143,0.142857142857,7,4,6,2,6,1.0,0.5,gating_g04,0
AAAAAABB,relcount,A,0.857142857143,0.142857142857,7,4,6,2,6,1.0,0.5,blca_l10_k01_wi01_leak01_beta01,0
AAAAAABB,relcount,A,0.857142857143,0.142857142857,7,4,6,2,6,1.0,0.5,naive,1
AAAAAABB,relcount,A,0.857142857143,0.142857142857,7,4,6,2,6,1.0,0.5,lba_k01_d01,1
AAAAAABB,relcount,A,0.857142857143,0.142857142857,7,4,6,2,6,1.0,0.5,abscount,1
AAAAAABB,relcount,A,0.857142857143,0.142857142857,7,4,6,2,6,1.0,0.5,likelihood_ration,0
AAAAAABB,likelihood_ration,N,,,,4,6,2,6,1.0,0.5,information,0
AAAAAABB,likelihood_ration,N,,,,4,6,2,6,1.0,0.5,relcount,0
AAAAAABB,likelihood_ration,N,,,,4,6,2,6,1.0,0.5,snr,0
AAAAAABB,likelihood_ration,N,,,,4,6,2,6,1.0,0.5,gating_g04,-1
AAAAAABB,likelihood_ration,N,,,,4,6,2,6,1.0,0.5,blca_l10_k01_wi01_leak01_beta01,0
AAAAAABB,likelihood_ration,N,,,,4,6,2,6,1.0,0.5,naive,0
AAAAAABB,likelihood_ration,N,,,,4,6,2,6,1.0,0.5,lba_k01_d01,0
AAAAAABB,likelihood_ration,N,,,,4,6,2,6,1.0,0.5,abscount,0
ABAAAAAA,information,A,0.9375,0.1875,6,3,7,1,7,0.75,1.0,relcount,1
ABAAAAAA,information,A,0.9375,0.1875,6,3,7,1,7,0.75,1.0,snr,0
ABAAAAAA,information,A,0.9375,0.1875,6,3,7,1,7,0.75,1.0,gating_g04,0
ABAAAAAA,information,A,0.9375,0.1875,6,3,7,1,7,0.75,1.0,blca_l10_k01_wi01_leak01_beta01,0
ABAAAAAA,information,A,0.9375,0.1875,6,3,7,1,7,0.75,1.0,naive,1
ABAAAAAA,information,A,0.9375,0.1875,6,3,7,1,7,0.75,1.0,lba_k01_d01,1
ABAAAAAA,information,A,0.9375,0.1875,6,3,7,1,7,0.75,1.0,abscount,1
ABAAAAAA,information,A,0.9375,0.1875,6,3,7,1,7,0.75,1.0,likelihood_ration,1
ABAAAAAA,naive,A,0.75,0,3,3,7,1,7,0.75,1.0,information,1
ABAAAAAA,naive,A,0.75,0,3,3,7,1,7,0.75,1.0,snr,0
ABAAAAAA,naive,A,0.75,0,3,3,7,1,7,0.75,1.0,relcount,1
ABAAAAAA,naive,A,0.75,0,3,3,7,1,7,0.75,1.0,blca_l10_k01_wi01_leak01_beta01,0
ABAAAAAA,naive,A,0.75,0,3,3,7,1,7,0.75,1.0,gating_g04,0
ABAAAAAA,naive,A,0.75,0,3,3,7,1,7,0.75,1.0,lba_k01_d01,1
ABAAAAAA,naive,A,0.75,0,3,3,7,1,7,0.75,1.0,abscount,1
ABAAAAAA,naive,A,0.75,0,3,3,7,1,7,0.75,1.0,likelihood_ration,1
ABAAAAAA,lba_k01_d01,A,0.8,0.1,7,3,7,1,7,0.75,1.0,information,1
ABAAAAAA,lba_k01_d01,A,0.8,0.1,7,3,7,1,7,0.75,1.0,relcount,1
ABAAAAAA,lba_k01_d01,A,0.8,0.1,7,3,7,1,7,0.75,1.0,snr,0
ABAAAAAA,lba_k01_d01,A,0.8,0.1,7,3,7,1,7,0.75,1.0,gating_g04,0
ABAAAAAA,lba_k01_d01,A,0.8,0.1,7,3,7,1,7,0.75,1.0,blca_l10_k01_wi01_leak01_beta01,0
ABAAAAAA,lba_k01_d01,A,0.8,0.1,7,3,7,1,7,0.75,1.0,naive,1
ABAAAAAA,lba_k01_d01,A,0.8,0.1,7,3,7,1,7,0.75,1.0,abscount,1
ABAAAAAA,lba_k01_d01,A,0.8,0.1,7,3,7,1,7,0.75,1.0,likelihood_ration,1
ABAAAAAA,abscount,A,0.875,0.125,8,3,7,1,7,0.75,1.0,information,1
ABAAAAAA,abscount,A,0.875,0.125,8,3,7,1,7,0.75,1.0,snr,0
ABAAAAAA,abscount,A,0.875,0.125,8,3,7,1,7,0.75,1.0,gating_g04,0
ABAAAAAA,abscount,A,0.875,0.125,8,3,7,1,7,0.75,1.0,blca_l10_k01_wi01_leak01_beta01,0
ABAAAAAA,abscount,A,0.875,0.125,8,3,7,1,7,0.75,1.0,naive,1
ABAAAAAA,abscount,A,0.875,0.125,8,3,7,1,7,0.75,1.0,lba_k01_d01,1
ABAAAAAA,abscount,A,0.875,0.125,8,3,7,1,7,0.75,1.0,relcount,1
ABAAAAAA,abscount,A,0.875,0.125,8,3,7,1,7,0.75,1.0,likelihood_ration,1
ABAAAAAA,snr,B,2.0,0.0,2,3,7,1,7,0.75,1.0,information,0
ABAAAAAA,snr,B,2.0,0.0,2,3,7,1,7,0.75,1.0,gating_g04,0
ABAAAAAA,snr,B,2.0,0.0,2,3,7,1,7,0.75,1.0,relcount,0
ABAAAAAA,snr,B,2.0,0.0,2,3,7,1,7,0.75,1.0,blca_l10_k01_wi01_leak01_beta01,1
ABAAAAAA,snr,B,2.0,0.0,2,3,7,1,7,0.75,1.0,naive,0
ABAAAAAA,snr,B,2.0,0.0,2,3,7,1,7,0.75,1.0,lba_k01_d01,0
ABAAAAAA,snr,B,2.0,0.0,2,3,7,1,7,0.75,1.0,abscount,0
ABAAAAAA,snr,B,2.0,0.0,2,3,7,1,7,0.75,1.0,likelihood_ration,0
ABAAAAAA,blca_l10_k01_wi01_leak01_beta01,B,1.98,-0.98,1,3,7,1,7,0.75,1.0,information,0
ABAAAAAA,blca_l10_k01_wi01_leak01_beta01,B,1.98,-0.98,1,3,7,1,7,0.75,1.0,snr,1
ABAAAAAA,blca_l10_k01_wi01_leak01_beta01,B,1.98,-0.98,1,3,7,1,7,0.75,1.0,relcount,0
ABAAAAAA,blca_l10_k01_wi01_leak01_beta01,B,1.98,-0.98,1,3,7,1,7,0.75,1.0,gating_g04,0
ABAAAAAA,blca_l10_k01_wi01_leak01_beta01,B,1.98,-0.98,1,3,7,1,7,0.75,1.0,naive,0
ABAAAAAA,blca_l10_k01_wi01_leak01_beta01,B,1.98,-0.98,1,3,7,1,7,0.75,1.0,lba_k01_d01,0
ABAAAAAA,blca_l10_k01_wi01_leak01_beta01,B,1.98,-0.98,1,3,7,1,7,0.75,1.0,abscount,0
ABAAAAAA,blca_l10_k01_wi01_leak01_beta01,B,1.98,-0.98,1,3,7,1,7,0.75,1.0,likelihood_ration,0
ABAAAAAA,gating_g04,N,,,,3,7,1,7,0.75,1.0,information,0
ABAAAAAA,gating_g04,N,,,,3,7,1,7,0.75,1.0,snr,0
ABAAAAAA,gating_g04,N,,,,3,7,1,7,0.75,1.0,relcount,0
ABAAAAAA,gating_g04,N,,,,3,7,1,7,0.75,1.0,blca_l10_k01_wi01_leak01_beta01,0
ABAAAAAA,gating_g04,N,,,,3,7,1,7,0.75,1.0,naive,0
ABAAAAAA,gating_g04,N,,,,3,7,1,7,0.75,1.0,lba_k01_d01,0
ABAAAAAA,gating_g04,N,,,,3,7,1,7,0.75,1.0,abscount,0
ABAAAAAA,gating_g04,N,,,,3,7,1,7,0.75,1.0,likelihood_ration,0
ABAAAAAA,relcount,A,0.833333333333,0.166666666667,6,3,7,1,7,0.75,1.0,information,1
ABAAAAAA,relcount,A,0.833333333333,0.166666666667,6,3,7,1,7,0.75,1.0,snr,0
ABAAAAAA,relcount,A,0.833333333333,0.166666666667,6,3,7,1,7,0.75,1.0,gating_g04,0
ABAAAAAA,relcount,A,0.833333333333,0.166666666667,6,3,7,1,7,0.75,1.0,blca_l10_k01_wi01_leak01_beta01,0
ABAAAAAA,relcount,A,0.833333333333,0.166666666667,6,3,7,1,7,0.75,1.0,naive,1
ABAAAAAA,relcount,A,0.833333333333,0.166666666667,6,3,7,1,7,0.75,1.0,lba_k01_d01,1
ABAAAAAA,relcount,A,0.833333333333,0.166666666667,6,3,7,1,7,0.75,1.0,abscount,1
ABAAAAAA,relcount,A,0.833333333333,0.166666666667,6,3,7,1,7,0.75,1.0,likelihood_ration,1
ABAAAAAA,likelihood_ration,A,1.38021124171,0,5,3,7,1,7,0.75,1.0,information,1
ABAAAAAA,likelihood_ration,A,1.38021124171,0,5,3,7,1,7,0.75,1.0,relcount,1
ABAAAAAA,likelihood_ration,A,1.38021124171,0,5,3,7,1,7,0.75,1.0,snr,0
ABAAAAAA,likelihood_ration,A,1.38021124171,0,5,3,7,1,7,0.75,1.0,gating_g04,0
ABAAAAAA,likelihood_ration,A,1.38021124171,0,5,3,7,1,7,0.75,1.0,blca_l10_k01_wi01_leak01_beta01,0
ABAAAAAA,likelihood_ration,A,1.38021124171,0,5,3,7,1,7,0.75,1.0,naive,1
ABAAAAAA,likelihood_ration,A,1.38021124171,0,5,3,7,1,7,0.75,1.0,lba_k01_d01,1
ABAAAAAA,likelihood_ration,A,1.38021124171,0,5,3,7,1,7,0.75,1.0,abscount,1
ABAABBAA,information,N,,,,3,5,3,5,0.75,0.5,relcount,-1
ABAABBAA,information,N,,,,3,5,3,5,0.75,0.5,snr,0
ABAABBAA,information,N,,,,3,5,3,5,0.75,0.5,gating_g04,-1
ABAABBAA,information,N,,,,3,5,3,5,0.75,0.5,blca_l10_k01_wi01_leak01_beta01,0
ABAABBAA,information,N,,,,3,5,3,5,0.75,0.5,naive,0
ABAABBAA,information,N,,,,3,5,3,5,0.75,0.5,lba_k01_d01,0
ABAABBAA,information,N,,,,3,5,3,5,0.75,0.5,abscount,-1
ABAABBAA,information,N,,,,3,5,3,5,0.75,0.5,likelihood_ration,0
ABAABBAA,naive,A,0.75,0,3,3,5,3,5,0.75,0.5,information,0
ABAABBAA,naive,A,0.75,0,3,3,5,3,5,0.75,0.5,snr,0
ABAABBAA,naive,A,0.75,0,3,3,5,3,5,0.75,0.5,relcount,0
ABAABBAA,naive,A,0.75,0,3,3,5,3,5,0.75,0.5,blca_l10_k01_wi01_leak01_beta01,0
ABAABBAA,naive,A,0.75,0,3,3,5,3,5,0.75,0.5,gating_g04,0
ABAABBAA,naive,A,0.75,0,3,3,5,3,5,0.75,0.5,lba_k01_d01,1
ABAABBAA,naive,A,0.75,0,3,3,5,3,5,0.75,0.5,abscount,0
ABAABBAA,naive,A,0.75,0,3,3,5,3,5,0.75,0.5,likelihood_ration,1
ABAABBAA,lba_k01_d01,A,0.8,0.1,7,3,5,3,5,0.75,0.5,information,0
ABAABBAA,lba_k01_d01,A,0.8,0.1,7,3,5,3,5,0.75,0.5,relcount,0
ABAABBAA,lba_k01_d01,A,0.8,0.1,7,3,5,3,5,0.75,0.5,snr,0
ABAABBAA,lba_k01_d01,A,0.8,0.1,7,3,5,3,5,0.75,0.5,gating_g04,0
ABAABBAA,lba_k01_d01,A,0.8,0.1,7,3,5,3,5,0.75,0.5,blca_l10_k01_wi01_leak01_beta01,0
ABAABBAA,lba_k01_d01,A,0.8,0.1,7,3,5,3,5,0.75,0.5,naive,1
ABAABBAA,lba_k01_d01,A,0.8,0.1,7,3,5,3,5,0.75,0.5,abscount,0
ABAABBAA,lba_k01_d01,A,0.8,0.1,7,3,5,3,5,0.75,0.5,likelihood_ration,1
ABAABBAA,abscount,N,,,,3,5,3,5,0.75,0.5,information,-1
ABAABBAA,abscount,N,,,,3,5,3,5,0.75,0.5,snr,0
ABAABBAA,abscount,N,,,,3,5,3,5,0.75,0.5,gating_g04,-1
ABAABBAA,abscount,N,,,,3,5,3,5,0.75,0.5,blca_l10_k01_wi01_leak01_beta01,0
ABAABBAA,abscount,N,,,,3,5,3,5,0.75,0.5,naive,0
ABAABBAA,abscount,N,,,,3,5,3,5,0.75,0.5,lba_k01_d01,0
ABAABBAA,abscount,N,,,,3,5,3,5,0.75,0.5,relcount,-1
ABAABBAA,abscount,N,,,,3,5,3,5,0.75,0.5,likelihood_ration,0
ABAABBAA,snr,B,2.0,0.0,2,3,5,3,5,0.75,0.5,information,0
ABAABBAA,snr,B,2.0,0.0,2,3,5,3,5,0.75,0.5,gating_g04,0
ABAABBAA,snr,B,2.0,0.0,2,3,5,3,5,0.75,0.5,relcount,0
ABAABBAA,snr,B,2.0,0.0,2,3,5,3,5,0.75,0.5,blca_l10_k01_wi01_leak01_beta01,1
ABAABBAA,snr,B,2.0,0.0,2,3,5,3,5,0.75,0.5,naive,0
ABAABBAA,snr,B,2.0,0.0,2,3,5,3,5,0.75,0.5,lba_k01_d01,0
ABAABBAA,snr,B,2.0,0.0,2,3,5,3,5,0.75,0.5,abscount,0
ABAABBAA,snr,B,2.0,0.0,2,3,5,3,5,0.75,0.5,likelihood_ration,0
ABAABBAA,blca_l10_k01_wi01_leak01_beta01,B,1.98,-0.98,1,3,5,3,5,0.75,0.5,information,0
ABAABBAA,blca_l10_k01_wi01_leak01_beta01,B,1.98,-0.98,1,3,5,3,5,0.75,0.5,snr,1
ABAABBAA,blca_l10_k01_wi01_leak01_beta01,B,1.98,-0.98,1,3,5,3,5,0.75,0.5,relcount,0
ABAABBAA,blca_l10_k01_wi01_leak01_beta01,B,1.98,-0.98,1,3,5,3,5,0.75,0.5,gating_g04,0
ABAABBAA,blca_l10_k01_wi01_leak01_beta01,B,1.98,-0.98,1,3,5,3,5,0.75,0.5,naive,0
ABAABBAA,blca_l10_k01_wi01_leak01_beta01,B,1.98,-0.98,1,3,5,3,5,0.75,0.5,lba_k01_d01,0
ABAABBAA,blca_l10_k01_wi01_leak01_beta01,B,1.98,-0.98,1,3,5,3,5,0.75,0.5,abscount,0
ABAABBAA,blca_l10_k01_wi01_leak01_beta01,B,1.98,-0.98,1,3,5,3,5,0.75,0.5,likelihood_ration,0
ABAABBAA,gating_g04,N,,,,3,5,3,5,0.75,0.5,information,-1
ABAABBAA,gating_g04,N,,,,3,5,3,5,0.75,0.5,snr,0
ABAABBAA,gating_g04,N,,,,3,5,3,5,0.75,0.5,relcount,-1
ABAABBAA,gating_g04,N,,,,3,5,3,5,0.75,0.5,blca_l10_k01_wi01_leak01_beta01,0
ABAABBAA,gating_g04,N,,,,3,5,3,5,0.75,0.5,naive,0
ABAABBAA,gating_g04,N,,,,3,5,3,5,0.75,0.5,lba_k01_d01,0
ABAABBAA,gating_g04,N,,,,3,5,3,5,0.75,0.5,abscount,-1
ABAABBAA,gating_g04,N,,,,3,5,3,5,0.75,0.5,likelihood_ration,0
ABAABBAA,relcount,N,,,,3,5,3,5,0.75,0.5,information,-1
ABAABBAA,relcount,N,,,,3,5,3,5,0.75,0.5,snr,0
ABAABBAA,relcount,N,,,,3,5,3,5,0.75,0.5,gating_g04,-1
ABAABBAA,relcount,N,,,,3,5,3,5,0.75,0.5,blca_l10_k01_wi01_leak01_beta01,0
ABAABBAA,relcount,N,,,,3,5,3,5,0.75,0.5,naive,0
ABAABBAA,relcount,N,,,,3,5,3,5,0.75,0.5,lba_k01_d01,0
ABAABBAA,relcount,N,,,,3,5,3,5,0.75,0.5,abscount,-1
ABAABBAA,relcount,N,,,,3,5,3,5,0.75,0.5,likelihood_ration,0
ABAABBAA,likelihood_ration,A,1.30102999566,0,8,3,5,3,5,0.75,0.5,information,0
ABAABBAA,likelihood_ration,A,1.30102999566,0,8,3,5,3,5,0.75,0.5,relcount,0
ABAABBAA,likelihood_ration,A,1.30102999566,0,8,3,5,3,5,0.75,0.5,snr,0
ABAABBAA,likelihood_ration,A,1.30102999566,0,8,3,5,3,5,0.75,0.5,gating_g04,0
ABAABBAA,likelihood_ration,A,1.30102999566,0,8,3,5,3,5,0.75,0.5,blca_l10_k01_wi01_leak01_beta01,0
ABAABBAA,likelihood_ration,A,1.30102999566,0,8,3,5,3,5,0.75,0.5,naive,1
ABAABBAA,likelihood_ration,A,1.30102999566,0,8,3,5,3,5,0.75,0.5,lba_k01_d01,1
ABAABBAA,likelihood_ration,A,1.30102999566,0,8,3,5,3,5,0.75,0.5,abscount,0
ABAABBAB,information,N,,,,2,4,4,4,0.75,0.75,relcount,-1
ABAABBAB,information,N,,,,2,4,4,4,0.75,0.75,snr,0
ABAABBAB,information,N,,,,2,4,4,4,0.75,0.75,gating_g04,-1
ABAABBAB,information,N,,,,2,4,4,4,0.75,0.75,blca_l10_k01_wi01_leak01_beta01,0
ABAABBAB,information,N,,,,2,4,4,4,0.75,0.75,naive,0
ABAABBAB,information,N,,,,2,4,4,4,0.75,0.75,lba_k01_d01,0
ABAABBAB,information,N,,,,2,4,4,4,0.75,0.75,abscount,-1
ABAABBAB,information,N,,,,2,4,4,4,0.75,0.75,likelihood_ration,-1
ABAABBAB,naive,A,0.75,0,3,2,4,4,4,0.75,0.75,information,0
ABAABBAB,naive,A,0.75,0,3,2,4,4,4,0.75,0.75,snr,0
ABAABBAB,naive,A,0.75,0,3,2,4,4,4,0.75,0.75,relcount,0
ABAABBAB,naive,A,0.75,0,3,2,4,4,4,0.75,0.75,blca_l10_k01_wi01_leak01_beta01,0
ABAABBAB,naive,A,0.75,0,3,2,4,4,4,0.75,0.75,gating_g04,0
ABAABBAB,naive,A,0.75,0,3,2,4,4,4,0.75,0.75,lba_k01_d01,1
ABAABBAB,naive,A,0.75,0,3,2,4,4,4,0.75,0.75,abscount,0
ABAABBAB,naive,A,0.75,0,3,2,4,4,4,0.75,0.75,likelihood_ration,0
ABAABBAB,lba_k01_d01,A,0.8,0.1,7,2,4,4,4,0.75,0.75,information,0
ABAABBAB,lba_k01_d01,A,0.8,0.1,7,2,4,4,4,0.75,0.75,relcount,0
ABAABBAB,lba_k01_d01,A,0.8,0.1,7,2,4,4,4,0.75,0.75,snr,0
ABAABBAB,lba_k01_d01,A,0.8,0.1,7,2,4,4,4,0.75,0.75,gating_g04,0
ABAABBAB,lba_k01_d01,A,0.8,0.1,7,2,4,4,4,0.75,0.75,blca_l10_k01_wi01_leak01_beta01,0
ABAABBAB,lba_k01_d01,A,0.8,0.1,7,2,4,4,4,0.75,0.75,naive,1
ABAABBAB,lba_k01_d01,A,0.8,0.1,7,2,4,4,4,0.75,0.75,abscount,0
ABAABBAB,lba_k01_d01,A,0.8,0.1,7,2,4,4,4,0.75,0.75,likelihood_ration,0
ABAABBAB,abscount,N,,,,2,4,4,4,0.75,0.75,information,-1
ABAABBAB,abscount,N,,,,2,4,4,4,0.75,0.75,snr,0
ABAABBAB,abscount,N,,,,2,4,4,4,0.75,0.75,gating_g04,-1
ABAABBAB,abscount,N,,,,2,4,4,4,0.75,0.75,blca_l10_k01_wi01_leak01_beta01,0
ABAABBAB,abscount,N,,,,2,4,4,4,0.75,0.75,naive,0
ABAABBAB,abscount,N,,,,2,4,4,4,0.75,0.75,lba_k01_d01,0
ABAABBAB,abscount,N,,,,2,4,4,4,0.75,0.75,relcount,-1
ABAABBAB,abscount,N,,,,2,4,4,4,0.75,0.75,likelihood_ration,-1
ABAABBAB,snr,B,2.0,0.0,2,2,4,4,4,0.75,0.75,information,0
ABAABBAB,snr,B,2.0,0.0,2,2,4,4,4,0.75,0.75,gating_g04,0
ABAABBAB,snr,B,2.0,0.0,2,2,4,4,4,0.75,0.75,relcount,0
ABAABBAB,snr,B,2.0,0.0,2,2,4,4,4,0.75,0.75,blca_l10_k01_wi01_leak01_beta01,1
ABAABBAB,snr,B,2.0,0.0,2,2,4,4,4,0.75,0.75,naive,0
ABAABBAB,snr,B,2.0,0.0,2,2,4,4,4,0.75,0.75,lba_k01_d01,0
ABAABBAB,snr,B,2.0,0.0,2,2,4,4,4,0.75,0.75,abscount,0
ABAABBAB,snr,B,2.0,0.0,2,2,4,4,4,0.75,0.75,likelihood_ration,0
ABAABBAB,blca_l10_k01_wi01_leak01_beta01,B,1.98,-0.98,1,2,4,4,4,0.75,0.75,information,0
ABAABBAB,blca_l10_k01_wi01_leak01_beta01,B,1.98,-0.98,1,2,4,4,4,0.75,0.75,snr,1
ABAABBAB,blca_l10_k01_wi01_leak01_beta01,B,1.98,-0.98,1,2,4,4,4,0.75,0.75,relcount,0
ABAABBAB,blca_l10_k01_wi01_leak01_beta01,B,1.98,-0.98,1,2,4,4,4,0.75,0.75,gating_g04,0
ABAABBAB,blca_l10_k01_wi01_leak01_beta01,B,1.98,-0.98,1,2,4,4,4,0.75,0.75,naive,0
ABAABBAB,blca_l10_k01_wi01_leak01_beta01,B,1.98,-0.98,1,2,4,4,4,0.75,0.75,lba_k01_d01,0
ABAABBAB,blca_l10_k01_wi01_leak01_beta01,B,1.98,-0.98,1,2,4,4,4,0.75,0.75,abscount,0
ABAABBAB,blca_l10_k01_wi01_leak01_beta01,B,1.98,-0.98,1,2,4,4,4,0.75,0.75,likelihood_ration,0
ABAABBAB,gating_g04,N,,,,2,4,4,4,0.75,0.75,information,-1
ABAABBAB,gating_g04,N,,,,2,4,4,4,0.75,0.75,snr,0
ABAABBAB,gating_g04,N,,,,2,4,4,4,0.75,0.75,relcount,-1
ABAABBAB,gating_g04,N,,,,2,4,4,4,0.75,0.75,blca_l10_k01_wi01_leak01_beta01,0
ABAABBAB,gating_g04,N,,,,2,4,4,4,0.75,0.75,naive,0
ABAABBAB,gating_g04,N,,,,2,4,4,4,0.75,0.75,lba_k01_d01,0
ABAABBAB,gating_g04,N,,,,2,4,4,4,0.75,0.75,abscount,-1
ABAABBAB,gating_g04,N,,,,2,4,4,4,0.75,0.75,likelihood_ration,-1
ABAABBAB,relcount,N,,,,2,4,4,4,0.75,0.75,information,-1
ABAABBAB,relcount,N,,,,2,4,4,4,0.75,0.75,snr,0
ABAABBAB,relcount,N,,,,2,4,4,4,0.75,0.75,gating_g04,-1
ABAABBAB,relcount,N,,,,2,4,4,4,0.75,0.75,blca_l10_k01_wi01_leak01_beta01,0
ABAABBAB,relcount,N,,,,2,4,4,4,0.75,0.75,naive,0
ABAABBAB,relcount,N,,,,2,4,4,4,0.75,0.75,lba_k01_d01,0
ABAABBAB,relcount,N,,,,2,4,4,4,0.75,0.75,abscount,-1
ABAABBAB,relcount,N,,,,2,4,4,4,0.75,0.75,likelihood_ration,-1
ABAABBAB,likelihood_ration,N,,,,2,4,4,4,0.75,0.75,information,-1
ABAABBAB,likelihood_ration,N,,,,2,4,4,4,0.75,0.75,relcount,-1
ABAABBAB,likelihood_ration,N,,,,2,4,4,4,0.75,0.75,snr,0
ABAABBAB,likelihood_ration,N,,,,2,4,4,4,0.75,0.75,gating_g04,-1
ABAABBAB,likelihood_ration,N,,,,2,4,4,4,0.75,0.75,blca_l10_k01_wi01_leak01_beta01,0
ABAABBAB,likelihood_ration,N,,,,2,4,4,4,0.75,0.75,naive,0
ABAABBAB,likelihood_ration,N,,,,2,4,4,4,0.75,0.75,lba_k01_d01,0
ABAABBAB,likelihood_ration,N,,,,2,4,4,4,0.75,0.75,abscount,-1
AABAABAB,information,N,,,,3,5,3,5,0.75,0.5,relcount,-1
AABAABAB,information,N,,,,3,5,3,5,0.75,0.5,snr,0
AABAABAB,information,N,,,,3,5,3,5,0.75,0.5,gating_g04,-1
AABAABAB,information,N,,,,3,5,3,5,0.75,0.5,blca_l10_k01_wi01_leak01_beta01,0
AABAABAB,information,N,,,,3,5,3,5,0.75,0.5,naive,0
AABAABAB,information,N,,,,3,5,3,5,0.75,0.5,lba_k01_d01,0
AABAABAB,information,N,,,,3,5,3,5,0.75,0.5,abscount,-1
AABAABAB,information,N,,,,3,5,3,5,0.75,0.5,likelihood_ration,0
AABAABAB,naive,A,0.75,0,1,3,5,3,5,0.75,0.5,information,0
AABAABAB,naive,A,0.75,0,1,3,5,3,5,0.75,0.5,snr,0
AABAABAB,naive,A,0.75,0,1,3,5,3,5,0.75,0.5,relcount,0
AABAABAB,naive,A,0.75,0,1,3,5,3,5,0.75,0.5,blca_l10_k01_wi01_leak01_beta01,0
AABAABAB,naive,A,0.75,0,1,3,5,3,5,0.75,0.5,gating_g04,0
AABAABAB,naive,A,0.75,0,1,3,5,3,5,0.75,0.5,lba_k01_d01,1
AABAABAB,naive,A,0.75,0,1,3,5,3,5,0.75,0.5,abscount,0
AABAABAB,naive,A,0.75,0,1,3,5,3,5,0.75,0.5,likelihood_ration,1
AABAABAB,lba_k01_d01,A,0.8,0.1,7,3,5,3,5,0.75,0.5,information,0
AABAABAB,lba_k01_d01,A,0.8,0.1,7,3,5,3,5,0.75,0.5,relcount,0
AABAABAB,lba_k01_d01,A,0.8,0.1,7,3,5,3,5,0.75,0.5,snr,0
AABAABAB,lba_k01_d01,A,0.8,0.1,7,3,5,3,5,0.75,0.5,gating_g04,0
AABAABAB,lba_k01_d01,A,0.8,0.1,7,3,5,3,5,0.75,0.5,blca_l10_k01_wi01_leak01_beta01,0
AABAABAB,lba_k01_d01,A,0.8,0.1,7,3,5,3,5,0.75,0.5,naive,1
AABAABAB,lba_k01_d01,A,0.8,0.1,7,3,5,3,5,0.75,0.5,abscount,0
AABAABAB,lba_k01_d01,A,0.8,0.1,7,3,5,3,5,0.75,0.5,likelihood_ration,1
AABAABAB,abscount,N,,,,3,5,3,5,0.75,0.5,information,-1
AABAABAB,abscount,N,,,,3,5,3,5,0.75,0.5,snr,0
AABAABAB,abscount,N,,,,3,5,3,5,0.75,0.5,gating_g04,-1
AABAABAB,abscount,N,,,,3,5,3,5,0.75,0.5,blca_l10_k01_wi01_leak01_beta01,0
AABAABAB,abscount,N,,,,3,5,3,5,0.75,0.5,naive,0
AABAABAB,abscount,N,,,,3,5,3,5,0.75,0.5,lba_k01_d01,0
AABAABAB,abscount,N,,,,3,5,3,5,0.75,0.5,relcount,-1
AABAABAB,abscount,N,,,,3,5,3,5,0.75,0.5,likelihood_ration,0
AABAABAB,snr,B,1.5,0.0,3,3,5,3,5,0.75,0.5,information,0
AABAABAB,snr,B,1.5,0.0,3,3,5,3,5,0.75,0.5,gating_g04,0
AABAABAB,snr,B,1.5,0.0,3,3,5,3,5,0.75,0.5,relcount,0
AABAABAB,snr,B,1.5,0.0,3,3,5,3,5,0.75,0.5,blca_l10_k01_wi01_leak01_beta01,1
AABAABAB,snr,B,1.5,0.0,3,3,5,3,5,0.75,0.5,naive,0
AABAABAB,snr,B,1.5,0.0,3,3,5,3,5,0.75,0.5,lba_k01_d01,0
AABAABAB,snr,B,1.5,0.0,3,3,5,3,5,0.75,0.5,abscount,0
AABAABAB,snr,B,1.5,0.0,3,3,5,3,5,0.75,0.5,likelihood_ration,0
AABAABAB,blca_l10_k01_wi01_leak01_beta01,B,1.98,-0.98,1,3,5,3,5,0.75,0.5,information,0
AABAABAB,blca_l10_k01_wi01_leak01_beta01,B,1.98,-0.98,1,3,5,3,5,0.75,0.5,snr,1
AABAABAB,blca_l10_k01_wi01_leak01_beta01,B,1.98,-0.98,1,3,5,3,5,0.75,0.5,relcount,0
AABAABAB,blca_l10_k01_wi01_leak01_beta01,B,1.98,-0.98,1,3,5,3,5,0.75,0.5,gating_g04,0
AABAABAB,blca_l10_k01_wi01_leak01_beta01,B,1.98,-0.98,1,3,5,3,5,0.75,0.5,naive,0
AABAABAB,blca_l10_k01_wi01_leak01_beta01,B,1.98,-0.98,1,3,5,3,5,0.75,0.5,lba_k01_d01,0
AABAABAB,blca_l10_k01_wi01_leak01_beta01,B,1.98,-0.98,1,3,5,3,5,0.75,0.5,abscount,0
AABAABAB,blca_l10_k01_wi01_leak01_beta01,B,1.98,-0.98,1,3,5,3,5,0.75,0.5,likelihood_ration,0
AABAABAB,gating_g04,N,,,,3,5,3,5,0.75,0.5,information,-1
AABAABAB,gating_g04,N,,,,3,5,3,5,0.75,0.5,snr,0
AABAABAB,gating_g04,N,,,,3,5,3,5,0.75,0.5,relcount,-1
AABAABAB,gating_g04,N,,,,3,5,3,5,0.75,0.5,blca_l10_k01_wi01_leak01_beta01,0
AABAABAB,gating_g04,N,,,,3,5,3,5,0.75,0.5,naive,0
AABAABAB,gating_g04,N,,,,3,5,3,5,0.75,0.5,lba_k01_d01,0
AABAABAB,gating_g04,N,,,,3,5,3,5,0.75,0.5,abscount,-1
AABAABAB,gating_g04,N,,,,3,5,3,5,0.75,0.5,likelihood_ration,0
AABAABAB,relcount,N,,,,3,5,3,5,0.75,0.5,information,-1
AABAABAB,relcount,N,,,,3,5,3,5,0.75,0.5,snr,0
AABAABAB,relcount,N,,,,3,5,3,5,0.75,0.5,gating_g04,-1
AABAABAB,relcount,N,,,,3,5,3,5,0.75,0.5,blca_l10_k01_wi01_leak01_beta01,0
AABAABAB,relcount,N,,,,3,5,3,5,0.75,0.5,naive,0
AABAABAB,relcount,N,,,,3,5,3,5,0.75,0.5,lba_k01_d01,0
AABAABAB,relcount,N,,,,3,5,3,5,0.75,0.5,abscount,-1
AABAABAB,relcount,N,,,,3,5,3,5,0.75,0.5,likelihood_ration,0
AABAABAB,likelihood_ration,A,1.38021124171,0,5,3,5,3,5,0.75,0.5,information,0
AABAABAB,likelihood_ration,A,1.38021124171,0,5,3,5,3,5,0.75,0.5,relcount,0
AABAABAB,likelihood_ration,A,1.38021124171,0,5,3,5,3,5,0.75,0.5,snr,0
AABAABAB,likelihood_ration,A,1.38021124171,0,5,3,5,3,5,0.75,0.5,gating_g04,0
AABAABAB,likelihood_ration,A,1.38021124171,0,5,3,5,3,5,0.75,0.5,blca_l10_k01_wi01_leak01_beta01,0
AABAABAB,likelihood_ration,A,1.38021124171,0,5,3,5,3,5,0.75,0.5,naive,1
AABAABAB,likelihood_ration,A,1.38021124171,0,5,3,5,3,5,0.75,0.5,lba_k01_d01,1
AABAABAB,likelihood_ration,A,1.38021124171,0,5,3,5,3,5,0.75,0.5,abscount,0
AABAABAA,information,A,1.125,0.375,8,4,6,2,6,0.75,0.75,relcount,0
AABAABAA,information,A,1.125,0.375,8,4,6,2,6,0.75,0.75,snr,0
AABAABAA,information,A,1.125,0.375,8,4,6,2,6,0.75,0.75,gating_g04,0
AABAABAA,information,A,1.125,0.375,8,4,6,2,6,0.75,0.75,blca_l10_k01_wi01_leak01_beta01,0
AABAABAA,information,A,1.125,0.375,8,4,6,2,6,0.75,0.75,naive,1
AABAABAA,information,A,1.125,0.375,8,4,6,2,6,0.75,0.75,lba_k01_d01,1
AABAABAA,information,A,1.125,0.375,8,4,6,2,6,0.75,0.75,abscount,0
AABAABAA,information,A,1.125,0.375,8,4,6,2,6,0.75,0.75,likelihood_ration,1
AABAABAA,naive,A,0.75,0,1,4,6,2,6,0.75,0.75,information,1
AABAABAA,naive,A,0.75,0,1,4,6,2,6,0.75,0.75,snr,0
AABAABAA,naive,A,0.75,0,1,4,6,2,6,0.75,0.75,relcount,0
AABAABAA,naive,A,0.75,0,1,4,6,2,6,0.75,0.75,blca_l10_k01_wi01_leak01_beta01,0
AABAABAA,naive,A,0.75,0,1,4,6,2,6,0.75,0.75,gating_g04,0
AABAABAA,naive,A,0.75,0,1,4,6,2,6,0.75,0.75,lba_k01_d01,1
AABAABAA,naive,A,0.75,0,1,4,6,2,6,0.75,0.75,abscount,0
AABAABAA,naive,A,0.75,0,1,4,6,2,6,0.75,0.75,likelihood_ration,1
AABAABAA,lba_k01_d01,A,0.8,0.1,7,4,6,2,6,0.75,0.75,information,1
AABAABAA,lba_k01_d01,A,0.8,0.1,7,4,6,2,6,0.75,0.75,relcount,0
AABAABAA,lba_k01_d01,A,0.8,0.1,7,4,6,2,6,0.75,0.75,snr,0
AABAABAA,lba_k01_d01,A,0.8,0.1,7,4,6,2,6,0.75,0.75,gating_g04,0
AABAABAA,lba_k01_d01,A,0.8,0.1,7,4,6,2,6,0.75,0.75,blca_l10_k01_wi01_leak01_beta01,0
AABAABAA,lba_k01_d01,A,0.8,0.1,7,4,6,2,6,0.75,0.75,naive,1
AABAABAA,lba_k01_d01,A,0.8,0.1,7,4,6,2,6,0.75,0.75,abscount,0
AABAABAA,lba_k01_d01,A,0.8,0.1,7,4,6,2,6,0.75,0.75,likelihood_ration,1
AABAABAA,abscount,N,,,,4,6,2,6,0.75,0.75,information,0
AABAABAA,abscount,N,,,,4,6,2,6,0.75,0.75,snr,0
AABAABAA,abscount,N,,,,4,6,2,6,0.75,0.75,gating_g04,-1
AABAABAA,abscount,N,,,,4,6,2,6,0.75,0.75,blca_l10_k01_wi01_leak01_beta01,0
AABAABAA,abscount,N,,,,4,6,2,6,0.75,0.75,naive,0
AABAABAA,abscount,N,,,,4,6,2,6,0.75,0.75,lba_k01_d01,0
AABAABAA,abscount,N,,,,4,6,2,6,0.75,0.75,relcount,-1
AABAABAA,abscount,N,,,,4,6,2,6,0.75,0.75,likelihood_ration,0
AABAABAA,snr,B,1.5,0.0,3,4,6,2,6,0.75,0.75,information,0
AABAABAA,snr,B,1.5,0.0,3,4,6,2,6,0.75,0.75,gating_g04,0
AABAABAA,snr,B,1.5,0.0,3,4,6,2,6,0.75,0.75,relcount,0
AABAABAA,snr,B,1.5,0.0,3,4,6,2,6,0.75,0.75,blca_l10_k01_wi01_leak01_beta01,1
AABAABAA,snr,B,1.5,0.0,3,4,6,2,6,0.75,0.75,naive,0
AABAABAA,snr,B,1.5,0.0,3,4,6,2,6,0.75,0.75,lba_k01_d01,0
AABAABAA,snr,B,1.5,0.0,3,4,6,2,6,0.75,0.75,abscount,0
AABAABAA,snr,B,1.5,0.0,3,4,6,2,6,0.75,0.75,likelihood_ration,0
AABAABAA,blca_l10_k01_wi01_leak01_beta01,B,1.98,-0.98,1,4,6,2,6,0.75,0.75,information,0
AABAABAA,blca_l10_k01_wi01_leak01_beta01,B,1.98,-0.98,1,4,6,2,6,0.75,0.75,snr,1
AABAABAA,blca_l10_k01_wi01_leak01_beta01,B,1.98,-0.98,1,4,6,2,6,0.75,0.75,relcount,0
AABAABAA,blca_l10_k01_wi01_leak01_beta01,B,1.98,-0.98,1,4,6,2,6,0.75,0.75,gating_g04,0
AABAABAA,blca_l10_k01_wi01_leak01_beta01,B,1.98,-0.98,1,4,6,2,6,0.75,0.75,naive,0
AABAABAA,blca_l10_k01_wi01_leak01_beta01,B,1.98,-0.98,1,4,6,2,6,0.75,0.75,lba_k01_d01,0
AABAABAA,blca_l10_k01_wi01_leak01_beta01,B,1.98,-0.98,1,4,6,2,6,0.75,0.75,abscount,0
AABAABAA,blca_l10_k01_wi01_leak01_beta01,B,1.98,-0.98,1,4,6,2,6,0.75,0.75,likelihood_ration,0
AABAABAA,gating_g04,N,,,,4,6,2,6,0.75,0.75,information,0
AABAABAA,gating_g04,N,,,,4,6,2,6,0.75,0.75,snr,0
AABAABAA,gating_g04,N,,,,4,6,2,6,0.75,0.75,relcount,-1
AABAABAA,gating_g04,N,,,,4,6,2,6,0.75,0.75,blca_l10_k01_wi01_leak01_beta01,0
AABAABAA,gating_g04,N,,,,4,6,2,6,0.75,0.75,naive,0
AABAABAA,gating_g04,N,,,,4,6,2,6,0.75,0.75,lba_k01_d01,0
AABAABAA,gating_g04,N,,,,4,6,2,6,0.75,0.75,abscount,-1
AABAABAA,gating_g04,N,,,,4,6,2,6,0.75,0.75,likelihood_ration,0
AABAABAA,relcount,N,,,,4,6,2,6,0.75,0.75,information,0
AABAABAA,relcount,N,,,,4,6,2,6,0.75,0.75,snr,0
AABAABAA,relcount,N,,,,4,6,2,6,0.75,0.75,gating_g04,-1
AABAABAA,relcount,N,,,,4,6,2,6,0.75,0.75,blca_l10_k01_wi01_leak01_beta01,0
AABAABAA,relcount,N,,,,4,6,2,6,0.75,0.75,naive,0
AABAABAA,relcount,N,,,,4,6,2,6,0.75,0.75,lba_k01_d01,0
AABAABAA,relcount,N,,,,4,6,2,6,0.75,0.75,abscount,-1
AABAABAA,relcount,N,,,,4,6,2,6,0.75,0.75,likelihood_ration,0
AABAABAA,likelihood_ration,A,1.38021124171,0,5,4,6,2,6,0.75,0.75,information,1
AABAABAA,likelihood_ration,A,1.38021124171,0,5,4,6,2,6,0.75,0.75,relcount,0
AABAABAA,likelihood_ration,A,1.38021124171,0,5,4,6,2,6,0.75,0.75,snr,0
AABAABAA,likelihood_ration,A,1.38021124171,0,5,4,6,2,6,0.75,0.75,gating_g04,0
AABAABAA,likelihood_ration,A,1.38021124171,0,5,4,6,2,6,0.75,0.75,blca_l10_k01_wi01_leak01_beta01,0
AABAABAA,likelihood_ration,A,1.38021124171,0,5,4,6,2,6,0.75,0.75,naive,1
AABAABAA,likelihood_ration,A,1.38021124171,0,5,4,6,2,6,0.75,0.75,lba_k01_d01,1
AABAABAA,likelihood_ration,A,1.38021124171,0,5,4,6,2,6,0.75,0.75,abscount,0
AABAAAAA,information,A,0.9375,0.1875,6,3,7,1,7,0.75,1.0,relcount,1
AABAAAAA,information,A,0.9375,0.1875,6,3,7,1,7,0.75,1.0,snr,0
AABAAAAA,information,A,0.9375,0.1875,6,3,7,1,7,0.75,1.0,gating_g04,0
AABAAAAA,information,A,0.9375,0.1875,6,3,7,1,7,0.75,1.0,blca_l10_k01_wi01_leak01_beta01,0
AABAAAAA,information,A,0.9375,0.1875,6,3,7,1,7,0.75,1.0,naive,1
AABAAAAA,information,A,0.9375,0.1875,6,3,7,1,7,0.75,1.0,lba_k01_d01,1
AABAAAAA,information,A,0.9375,0.1875,6,3,7,1,7,0.75,1.0,abscount,1
AABAAAAA,information,A,0.9375,0.1875,6,3,7,1,7,0.75,1.0,likelihood_ration,1
AABAAAAA,naive,A,0.75,0,1,3,7,1,7,0.75,1.0,information,1
AABAAAAA,naive,A,0.75,0,1,3,7,1,7,0.75,1.0,snr,0
AABAAAAA,naive,A,0.75,0,1,3,7,1,7,0.75,1.0,relcount,1
AABAAAAA,naive,A,0.75,0,1,3,7,1,7,0.75,1.0,blca_l10_k01_wi01_leak01_beta01,0
AABAAAAA,naive,A,0.75,0,1,3,7,1,7,0.75,1.0,gating_g04,0
AABAAAAA,naive,A,0.75,0,1,3,7,1,7,0.75,1.0,lba_k01_d01,1
AABAAAAA,naive,A,0.75,0,1,3,7,1,7,0.75,1.0,abscount,1
AABAAAAA,naive,A,0.75,0,1,3,7,1,7,0.75,1.0,likelihood_ration,1
AABAAAAA,lba_k01_d01,A,0.8,0.1,7,3,7,1,7,0.75,1.0,information,1
AABAAAAA,lba_k01_d01,A,0.8,0.1,7,3,7,1,7,0.75,1.0,relcount,1
AABAAAAA,lba_k01_d01,A,0.8,0.1,7,3,7,1,7,0.75,1.0,snr,0
AABAAAAA,lba_k01_d01,A,0.8,0.1,7,3,7,1,7,0.75,1.0,gating_g04,0
AABAAAAA,lba_k01_d01,A,0.8,0.1,7,3,7,1,7,0.75,1.0,blca_l10_k01_wi01_leak01_beta01,0
AABAAAAA,lba_k01_d01,A,0.8,0.1,7,3,7,1,7,0.75,1.0,naive,1
AABAAAAA,lba_k01_d01,A,0.8,0.1,7,3,7,1,7,0.75,1.0,abscount,1
AABAAAAA,lba_k01_d01,A,0.8,0.1,7,3,7,1,7,0.75,1.0,likelihood_ration,1
AABAAAAA,abscount,A,0.875,0.125,8,3,7,1,7,0.75,1.0,information,1
AABAAAAA,abscount,A,0.875,0.125,8,3,7,1,7,0.75,1.0,snr,0
AABAAAAA,abscount,A,0.875,0.125,8,3,7,1,7,0.75,1.0,gating_g04,0
AABAAAAA,abscount,A,0.875,0.125,8,3,7,1,7,0.75,1.0,blca_l10_k01_wi01_leak01_beta01,0
AABAAAAA,abscount,A,0.875,0.125,8,3,7,1,7,0.75,1.0,naive,1
AABAAAAA,abscount,A,0.875,0.125,8,3,7,1,7,0.75,1.0,lba_k01_d01,1
AABAAAAA,abscount,A,0.875,0.125,8,3,7,1,7,0.75,1.0,relcount,1
AABAAAAA,abscount,A,0.875,0.125,8,3,7,1,7,0.75,1.0,likelihood_ration,1
AABAAAAA,snr,B,1.5,0.0,3,3,7,1,7,0.75,1.0,information,0
AABAAAAA,snr,B,1.5,0.0,3,3,7,1,7,0.75,1.0,gating_g04,0
AABAAAAA,snr,B,1.5,0.0,3,3,7,1,7,0.75,1.0,relcount,0
AABAAAAA,snr,B,1.5,0.0,3,3,7,1,7,0.75,1.0,blca_l10_k01_wi01_leak01_beta01,1
AABAAAAA,snr,B,1.5,0.0,3,3,7,1,7,0.75,1.0,naive,0
AABAAAAA,snr,B,1.5,0.0,3,3,7,1,7,0.75,1.0,lba_k01_d01,0
AABAAAAA,snr,B,1.5,0.0,3,3,7,1,7,0.75,1.0,abscount,0
AABAAAAA,snr,B,1.5,0.0,3,3,7,1,7,0.75,1.0,likelihood_ration,0
AABAAAAA,blca_l10_k01_wi01_leak01_beta01,B,1.98,-0.98,1,3,7,1,7,0.75,1.0,information,0
AABAAAAA,blca_l10_k01_wi01_leak01_beta01,B,1.98,-0.98,1,3,7,1,7,0.75,1.0,snr,1
AABAAAAA,blca_l10_k01_wi01_leak01_beta01,B,1.98,-0.98,1,3,7,1,7,0.75,1.0,relcount,0
AABAAAAA,blca_l10_k01_wi01_leak01_beta01,B,1.98,-0.98,1,3,7,1,7,0.75,1.0,gating_g04,0
AABAAAAA,blca_l10_k01_wi01_leak01_beta01,B,1.98,-0.98,1,3,7,1,7,0.75,1.0,naive,0
AABAAAAA,blca_l10_k01_wi01_leak01_beta01,B,1.98,-0.98,1,3,7,1,7,0.75,1.0,lba_k01_d01,0
AABAAAAA,blca_l10_k01_wi01_leak01_beta01,B,1.98,-0.98,1,3,7,1,7,0.75,1.0,abscount,0
AABAAAAA,blca_l10_k01_wi01_leak01_beta01,B,1.98,-0.98,1,3,7,1,7,0.75,1.0,likelihood_ration,0
AABAAAAA,gating_g04,N,,,,3,7,1,7,0.75,1.0,information,0
AABAAAAA,gating_g04,N,,,,3,7,1,7,0.75,1.0,snr,0
AABAAAAA,gating_g04,N,,,,3,7,1,7,0.75,1.0,relcount,0
AABAAAAA,gating_g04,N,,,,3,7,1,7,0.75,1.0,blca_l10_k01_wi01_leak01_beta01,0
AABAAAAA,gating_g04,N,,,,3,7,1,7,0.75,1.0,naive,0
AABAAAAA,gating_g04,N,,,,3,7,1,7,0.75,1.0,lba_k01_d01,0
AABAAAAA,gating_g04,N,,,,3,7,1,7,0.75,1.0,abscount,0
AABAAAAA,gating_g04,N,,,,3,7,1,7,0.75,1.0,likelihood_ration,0
AABAAAAA,relcount,A,0.833333333333,0.166666666667,6,3,7,1,7,0.75,1.0,information,1
AABAAAAA,relcount,A,0.833333333333,0.166666666667,6,3,7,1,7,0.75,1.0,snr,0
AABAAAAA,relcount,A,0.833333333333,0.166666666667,6,3,7,1,7,0.75,1.0,gating_g04,0
AABAAAAA,relcount,A,0.833333333333,0.166666666667,6,3,7,1,7,0.75,1.0,blca_l10_k01_wi01_leak01_beta01,0
AABAAAAA,relcount,A,0.833333333333,0.166666666667,6,3,7,1,7,0.75,1.0,naive,1
AABAAAAA,relcount,A,0.833333333333,0.166666666667,6,3,7,1,7,0.75,1.0,lba_k01_d01,1
AABAAAAA,relcount,A,0.833333333333,0.166666666667,6,3,7,1,7,0.75,1.0,abscount,1
AABAAAAA,relcount,A,0.833333333333,0.166666666667,6,3,7,1,7,0.75,1.0,likelihood_ration,1
AABAAAAA,likelihood_ration,A,1.38021124171,0,5,3,7,1,7,0.75,1.0,information,1
AABAAAAA,likelihood_ration,A,1.38021124171,0,5,3,7,1,7,0.75,1.0,relcount,1
AABAAAAA,likelihood_ration,A,1.38021124171,0,5,3,7,1,7,0.75,1.0,snr,0
AABAAAAA,likelihood_ration,A,1.38021124171,0,5,3,7,1,7,0.75,1.0,gating_g04,0
AABAAAAA,likelihood_ration,A,1.38021124171,0,5,3,7,1,7,0.75,1.0,blca_l10_k01_wi01_leak01_beta01,0
AABAAAAA,likelihood_ration,A,1.38021124171,0,5,3,7,1,7,0.75,1.0,naive,1
AABAAAAA,likelihood_ration,A,1.38021124171,0,5,3,7,1,7,0.75,1.0,lba_k01_d01,1
AABAAAAA,likelihood_ration,A,1.38021124171,0,5,3,7,1,7,0.75,1.0,abscount,1
AABAAAAB,information,A,0.9375,0.1875,6,4,6,2,6,0.75,0.75,relcount,1
AABAAAAB,information,A,0.9375,0.1875,6,4,6,2,6,0.75,0.75,snr,0
AABAAAAB,information,A,0.9375,0.1875,6,4,6,2,6,0.75,0.75,gating_g04,0
AABAAAAB,information,A,0.9375,0.1875,6,4,6,2,6,0.75,0.75,blca_l10_k01_wi01_leak01_beta01,0
AABAAAAB,information,A,0.9375,0.1875,6,4,6,2,6,0.75,0.75,naive,1
AABAAAAB,information,A,0.9375,0.1875,6,4,6,2,6,0.75,0.75,lba_k01_d01,1
AABAAAAB,information,A,0.9375,0.1875,6,4,6,2,6,0.75,0.75,abscount,0
AABAAAAB,information,A,0.9375,0.1875,6,4,6,2,6,0.75,0.75,likelihood_ration,1
AABAAAAB,naive,A,0.75,0,1,4,6,2,6,0.75,0.75,information,1
AABAAAAB,naive,A,0.75,0,1,4,6,2,6,0.75,0.75,snr,0
AABAAAAB,naive,A,0.75,0,1,4,6,2,6,0.75,0.75,relcount,1
AABAAAAB,naive,A,0.75,0,1,4,6,2,6,0.75,0.75,blca_l10_k01_wi01_leak01_beta01,0
AABAAAAB,naive,A,0.75,0,1,4,6,2,6,0.75,0.75,gating_g04,0
AABAAAAB,naive,A,0.75,0,1,4,6,2,6,0.75,0.75,lba_k01_d01,1
AABAAAAB,naive,A,0.75,0,1,4,6,2,6,0.75,0.75,abscount,0
AABAAAAB,naive,A,0.75,0,1,4,6,2,6,0.75,0.75,likelihood_ration,1
AABAAAAB,lba_k01_d01,A,0.8,0.1,7,4,6,2,6,0.75,0.75,information,1
AABAAAAB,lba_k01_d01,A,0.8,0.1,7,4,6,2,6,0.75,0.75,relcount,1
AABAAAAB,lba_k01_d01,A,0.8,0.1,7,4,6,2,6,0.75,0.75,snr,0
AABAAAAB,lba_k01_d01,A,0.8,0.1,7,4,6,2,6,0.75,0.75,gating_g04,0
AABAAAAB,lba_k01_d01,A,0.8,0.1,7,4,6,2,6,0.75,0.75,blca_l10_k01_wi01_leak01_beta01,0
AABAAAAB,lba_k01_d01,A,0.8,0.1,7,4,6,2,6,0.75,0.75,naive,1
AABAAAAB,lba_k01_d01,A,0.8,0.1,7,4,6,2,6,0.75,0.75,abscount,0
AABAAAAB,lba_k01_d01,A,0.8,0.1,7,4,6,2,6,0.75,0.75,likelihood_ration,1
AABAAAAB,abscount,N,,,,4,6,2,6,0.75,0.75,information,0
AABAAAAB,abscount,N,,,,4,6,2,6,0.75,0.75,snr,0
AABAAAAB,abscount,N,,,,4,6,2,6,0.75,0.75,gating_g04,-1
AABAAAAB,abscount,N,,,,4,6,2,6,0.75,0.75,blca_l10_k01_wi01_leak01_beta01,0
AABAAAAB,abscount,N,,,,4,6,2,6,0.75,0.75,naive,0
AABAAAAB,abscount,N,,,,4,6,2,6,0.75,0.75,lba_k01_d01,0
AABAAAAB,abscount,N,,,,4,6,2,6,0.75,0.75,relcount,0
AABAAAAB,abscount,N,,,,4,6,2,6,0.75,0.75,likelihood_ration,0
AABAAAAB,snr,B,1.5,0.0,3,4,6,2,6,0.75,0.75,information,0
AABAAAAB,snr,B,1.5,0.0,3,4,6,2,6,0.75,0.75,gating_g04,0
AABAAAAB,snr,B,1.5,0.0,3,4,6,2,6,0.75,0.75,relcount,0
AABAAAAB,snr,B,1.5,0.0,3,4,6,2,6,0.75,0.75,blca_l10_k01_wi01_leak01_beta01,1
AABAAAAB,snr,B,1.5,0.0,3,4,6,2,6,0.75,0.75,naive,0
AABAAAAB,snr,B,1.5,0.0,3,4,6,2,6,0.75,0.75,lba_k01_d01,0
AABAAAAB,snr,B,1.5,0.0,3,4,6,2,6,0.75,0.75,abscount,0
AABAAAAB,snr,B,1.5,0.0,3,4,6,2,6,0.75,0.75,likelihood_ration,0
AABAAAAB,blca_l10_k01_wi01_leak01_beta01,B,1.98,-0.98,1,4,6,2,6,0.75,0.75,information,0
AABAAAAB,blca_l10_k01_wi01_leak01_beta01,B,1.98,-0.98,1,4,6,2,6,0.75,0.75,snr,1
AABAAAAB,blca_l10_k01_wi01_leak01_beta01,B,1.98,-0.98,1,4,6,2,6,0.75,0.75,relcount,0
AABAAAAB,blca_l10_k01_wi01_leak01_beta01,B,1.98,-0.98,1,4,6,2,6,0.75,0.75,gating_g04,0
AABAAAAB,blca_l10_k01_wi01_leak01_beta01,B,1.98,-0.98,1,4,6,2,6,0.75,0.75,naive,0
AABAAAAB,blca_l10_k01_wi01_leak01_beta01,B,1.98,-0.98,1,4,6,2,6,0.75,0.75,lba_k01_d01,0
AABAAAAB,blca_l10_k01_wi01_leak01_beta01,B,1.98,-0.98,1,4,6,2,6,0.75,0.75,abscount,0
AABAAAAB,blca_l10_k01_wi01_leak01_beta01,B,1.98,-0.98,1,4,6,2,6,0.75,0.75,likelihood_ration,0
AABAAAAB,gating_g04,N,,,,4,6,2,6,0.75,0.75,information,0
AABAAAAB,gating_g04,N,,,,4,6,2,6,0.75,0.75,snr,0
AABAAAAB,gating_g04,N,,,,4,6,2,6,0.75,0.75,relcount,0
AABAAAAB,gating_g04,N,,,,4,6,2,6,0.75,0.75,blca_l10_k01_wi01_leak01_beta01,0
AABAAAAB,gating_g04,N,,,,4,6,2,6,0.75,0.75,naive,0
AABAAAAB,gating_g04,N,,,,4,6,2,6,0.75,0.75,lba_k01_d01,0
AABAAAAB,gating_g04,N,,,,4,6,2,6,0.75,0.75,abscount,-1
AABAAAAB,gating_g04,N,,,,4,6,2,6,0.75,0.75,likelihood_ration,0
AABAAAAB,relcount,A,0.833333333333,0.166666666667,6,4,6,2,6,0.75,0.75,information,1
AABAAAAB,relcount,A,0.833333333333,0.166666666667,6,4,6,2,6,0.75,0.75,snr,0
AABAAAAB,relcount,A,0.833333333333,0.166666666667,6,4,6,2,6,0.75,0.75,gating_g04,0
AABAAAAB,relcount,A,0.833333333333,0.166666666667,6,4,6,2,6,0.75,0.75,blca_l10_k01_wi01_leak01_beta01,0
AABAAAAB,relcount,A,0.833333333333,0.166666666667,6,4,6,2,6,0.75,0.75,naive,1
AABAAAAB,relcount,A,0.833333333333,0.166666666667,6,4,6,2,6,0.75,0.75,lba_k01_d01,1
AABAAAAB,relcount,A,0.833333333333,0.166666666667,6,4,6,2,6,0.75,0.75,abscount,0
AABAAAAB,relcount,A,0.833333333333,0.166666666667,6,4,6,2,6,0.75,0.75,likelihood_ration,1
AABAAAAB,likelihood_ration,A,1.38021124171,0,5,4,6,2,6,0.75,0.75,information,1
AABAAAAB,likelihood_ration,A,1.38021124171,0,5,4,6,2,6,0.75,0.75,relcount,1
AABAAAAB,likelihood_ration,A,1.38021124171,0,5,4,6,2,6,0.75,0.75,snr,0
AABAAAAB,likelihood_ration,A,1.38021124171,0,5,4,6,2,6,0.75,0.75,gating_g04,0
AABAAAAB,likelihood_ration,A,1.38021124171,0,5,4,6,2,6,0.75,0.75,blca_l10_k01_wi01_leak01_beta01,0
AABAAAAB,likelihood_ration,A,1.38021124171,0,5,4,6,2,6,0.75,0.75,naive,1
AABAAAAB,likelihood_ration,A,1.38021124171,0,5,4,6,2,6,0.75,0.75,lba_k01_d01,1
AABAAAAB,likelihood_ration,A,1.38021124171,0,5,4,6,2,6,0.75,0.75,abscount,0
AAABBBAA,information,N,,,,3,5,3,5,0.75,0.5,relcount,-1
AAABBBAA,information,N,,,,3,5,3,5,0.75,0.5,snr,0
AAABBBAA,information,N,,,,3,5,3,5,0.75,0.5,gating_g04,-1
AAABBBAA,information,N,,,,3,5,3,5,0.75,0.5,blca_l10_k01_wi01_leak01_beta01,0
AAABBBAA,information,N,,,,3,5,3,5,0.75,0.5,naive,0
AAABBBAA,information,N,,,,3,5,3,5,0.75,0.5,lba_k01_d01,0
AAABBBAA,information,N,,,,3,5,3,5,0.75,0.5,abscount,-1
AAABBBAA,information,N,,,,3,5,3,5,0.75,0.5,likelihood_ration,-1
AAABBBAA,naive,A,0.75,0,1,3,5,3,5,0.75,0.5,information,0
AAABBBAA,naive,A,0.75,0,1,3,5,3,5,0.75,0.5,snr,0
AAABBBAA,naive,A,0.75,0,1,3,5,3,5,0.75,0.5,relcount,0
AAABBBAA,naive,A,0.75,0,1,3,5,3,5,0.75,0.5,blca_l10_k01_wi01_leak01_beta01,0
AAABBBAA,naive,A,0.75,0,1,3,5,3,5,0.75,0.5,gating_g04,0
AAABBBAA,naive,A,0.75,0,1,3,5,3,5,0.75,0.5,lba_k01_d01,1
AAABBBAA,naive,A,0.75,0,1,3,5,3,5,0.75,0.5,abscount,0
AAABBBAA,naive,A,0.75,0,1,3,5,3,5,0.75,0.5,likelihood_ration,0
AAABBBAA,lba_k01_d01,A,0.8,0.1,7,3,5,3,5,0.75,0.5,information,0
AAABBBAA,lba_k01_d01,A,0.8,0.1,7,3,5,3,5,0.75,0.5,relcount,0
AAABBBAA,lba_k01_d01,A,0.8,0.1,7,3,5,3,5,0.75,0.5,snr,0
AAABBBAA,lba_k01_d01,A,0.8,0.1,7,3,5,3,5,0.75,0.5,gating_g04,0
AAABBBAA,lba_k01_d01,A,0.8,0.1,7,3,5,3,5,0.75,0.5,blca_l10_k01_wi01_leak01_beta01,0
AAABBBAA,lba_k01_d01,A,0.8,0.1,7,3,5,3,5,0.75,0.5,naive,1
AAABBBAA,lba_k01_d01,A,0.8,0.1,7,3,5,3,5,0.75,0.5,abscount,0
AAABBBAA,lba_k01_d01,A,0.8,0.1,7,3,5,3,5,0.75,0.5,likelihood_ration,0
AAABBBAA,abscount,N,,,,3,5,3,5,0.75,0.5,information,-1
AAABBBAA,abscount,N,,,,3,5,3,5,0.75,0.5,snr,0
AAABBBAA,abscount,N,,,,3,5,3,5,0.75,0.5,gating_g04,-1
AAABBBAA,abscount,N,,,,3,5,3,5,0.75,0.5,blca_l10_k01_wi01_leak01_beta01,0
AAABBBAA,abscount,N,,,,3,5,3,5,0.75,0.5,naive,0
AAABBBAA,abscount,N,,,,3,5,3,5,0.75,0.5,lba_k01_d01,0
AAABBBAA,abscount,N,,,,3,5,3,5,0.75,0.5,relcount,-1
AAABBBAA,abscount,N,,,,3,5,3,5,0.75,0.5,likelihood_ration,-1
AAABBBAA,snr,B,1.33333333333,0.0,4,3,5,3,5,0.75,0.5,information,0
AAABBBAA,snr,B,1.33333333333,0.0,4,3,5,3,5,0.75,0.5,gating_g04,0
AAABBBAA,snr,B,1.33333333333,0.0,4,3,5,3,5,0.75,0.5,relcount,0
AAABBBAA,snr,B,1.33333333333,0.0,4,3,5,3,5,0.75,0.5,blca_l10_k01_wi01_leak01_beta01,1
AAABBBAA,snr,B,1.33333333333,0.0,4,3,5,3,5,0.75,0.5,naive,0
AAABBBAA,snr,B,1.33333333333,0.0,4,3,5,3,5,0.75,0.5,lba_k01_d01,0
AAABBBAA,snr,B,1.33333333333,0.0,4,3,5,3,5,0.75,0.5,abscount,0
AAABBBAA,snr,B,1.33333333333,0.0,4,3,5,3,5,0.75,0.5,likelihood_ration,0
AAABBBAA,blca_l10_k01_wi01_leak01_beta01,B,1.98,-0.98,1,3,5,3,5,0.75,0.5,information,0
AAABBBAA,blca_l10_k01_wi01_leak01_beta01,B,1.98,-0.98,1,3,5,3,5,0.75,0.5,snr,1
AAABBBAA,blca_l10_k01_wi01_leak01_beta01,B,1.98,-0.98,1,3,5,3,5,0.75,0.5,relcount,0
AAABBBAA,blca_l10_k01_wi01_leak01_beta01,B,1.98,-0.98,1,3,5,3,5,0.75,0.5,gating_g04,0
AAABBBAA,blca_l10_k01_wi01_leak01_beta01,B,1.98,-0.98,1,3,5,3,5,0.75,0.5,naive,0
AAABBBAA,blca_l10_k01_wi01_leak01_beta01,B,1.98,-0.98,1,3,5,3,5,0.75,0.5,lba_k01_d01,0
AAABBBAA,blca_l10_k01_wi01_leak01_beta01,B,1.98,-0.98,1,3,5,3,5,0.75,0.5,abscount,0
AAABBBAA,blca_l10_k01_wi01_leak01_beta01,B,1.98,-0.98,1,3,5,3,5,0.75,0.5,likelihood_ration,0
AAABBBAA,gating_g04,N,,,,3,5,3,5,0.75,0.5,information,-1
AAABBBAA,gating_g04,N,,,,3,5,3,5,0.75,0.5,snr,0
AAABBBAA,gating_g04,N,,,,3,5,3,5,0.75,0.5,relcount,-1
AAABBBAA,gating_g04,N,,,,3,5,3,5,0.75,0.5,blca_l10_k01_wi01_leak01_beta01,0
AAABBBAA,gating_g04,N,,,,3,5,3,5,0.75,0.5,naive,0
AAABBBAA,gating_g04,N,,,,3,5,3,5,0.75,0.5,lba_k01_d01,0
AAABBBAA,gating_g04,N,,,,3,5,3,5,0.75,0.5,abscount,-1
AAABBBAA,gating_g04,N,,,,3,5,3,5,0.75,0.5,likelihood_ration,-1
AAABBBAA,relcount,N,,,,3,5,3,5,0.75,0.5,information,-1
AAABBBAA,relcount,N,,,,3,5,3,5,0.75,0.5,snr,0
AAABBBAA,relcount,N,,,,3,5,3,5,0.75,0.5,gating_g04,-1
AAABBBAA,relcount,N,,,,3,5,3,5,0.75,0.5,blca_l10_k01_wi01_leak01_beta01,0
AAABBBAA,relcount,N,,,,3,5,3,5,0.75,0.5,naive,0
AAABBBAA,relcount,N,,,,3,5,3,5,0.75,0.5,lba_k01_d01,0
AAABBBAA,relcount,N,,,,3,5,3,5,0.75,0.5,abscount,-1
AAABBBAA,relcount,N,,,,3,5,3,5,0.75,0.5,likelihood_ration,-1
AAABBBAA,likelihood_ration,N,,,,3,5,3,5,0.75,0.5,information,-1
AAABBBAA,likelihood_ration,N,,,,3,5,3,5,0.75,0.5,relcount,-1
AAABBBAA,likelihood_ration,N,,,,3,5,3,5,0.75,0.5,snr,0
AAABBBAA,likelihood_ration,N,,,,3,5,3,5,0.75,0.5,gating_g04,-1
AAABBBAA,likelihood_ration,N,,,,3,5,3,5,0.75,0.5,blca_l10_k01_wi01_leak01_beta01,0
AAABBBAA,likelihood_ration,N,,,,3,5,3,5,0.75,0.5,naive,0
AAABBBAA,likelihood_ration,N,,,,3,5,3,5,0.75,0.5,lba_k01_d01,0
AAABBBAA,likelihood_ration,N,,,,3,5,3,5,0.75,0.5,abscount,-1
AAABBBAB,information,N,,,,2,4,4,4,0.75,0.75,relcount,-1
AAABBBAB,information,N,,,,2,4,4,4,0.75,0.75,snr,0
AAABBBAB,information,N,,,,2,4,4,4,0.75,0.75,gating_g04,-1
AAABBBAB,information,N,,,,2,4,4,4,0.75,0.75,blca_l10_k01_wi01_leak01_beta01,0
AAABBBAB,information,N,,,,2,4,4,4,0.75,0.75,naive,0
AAABBBAB,information,N,,,,2,4,4,4,0.75,0.75,lba_k01_d01,0
AAABBBAB,information,N,,,,2,4,4,4,0.75,0.75,abscount,-1
AAABBBAB,information,N,,,,2,4,4,4,0.75,0.75,likelihood_ration,-1
AAABBBAB,naive,A,0.75,0,1,2,4,4,4,0.75,0.75,information,0
AAABBBAB,naive,A,0.75,0,1,2,4,4,4,0.75,0.75,snr,0
AAABBBAB,naive,A,0.75,0,1,2,4,4,4,0.75,0.75,relcount,0
AAABBBAB,naive,A,0.75,0,1,2,4,4,4,0.75,0.75,blca_l10_k01_wi01_leak01_beta01,0
AAABBBAB,naive,A,0.75,0,1,2,4,4,4,0.75,0.75,gating_g04,0
AAABBBAB,naive,A,0.75,0,1,2,4,4,4,0.75,0.75,lba_k01_d01,1
AAABBBAB,naive,A,0.75,0,1,2,4,4,4,0.75,0.75,abscount,0
AAABBBAB,naive,A,0.75,0,1,2,4,4,4,0.75,0.75,likelihood_ration,0
AAABBBAB,lba_k01_d01,A,0.8,0.1,7,2,4,4,4,0.75,0.75,information,0
AAABBBAB,lba_k01_d01,A,0.8,0.1,7,2,4,4,4,0.75,0.75,relcount,0
AAABBBAB,lba_k01_d01,A,0.8,0.1,7,2,4,4,4,0.75,0.75,snr,0
AAABBBAB,lba_k01_d01,A,0.8,0.1,7,2,4,4,4,0.75,0.75,gating_g04,0
AAABBBAB,lba_k01_d01,A,0.8,0.1,7,2,4,4,4,0.75,0.75,blca_l10_k01_wi01_leak01_beta01,0
AAABBBAB,lba_k01_d01,A,0.8,0.1,7,2,4,4,4,0.75,0.75,naive,1
AAABBBAB,lba_k01_d01,A,0.8,0.1,7,2,4,4,4,0.75,0.75,abscount,0
AAABBBAB,lba_k01_d01,A,0.8,0.1,7,2,4,4,4,0.75,0.75,likelihood_ration,0
AAABBBAB,abscount,N,,,,2,4,4,4,0.75,0.75,information,-1
AAABBBAB,abscount,N,,,,2,4,4,4,0.75,0.75,snr,0
AAABBBAB,abscount,N,,,,2,4,4,4,0.75,0.75,gating_g04,-1
AAABBBAB,abscount,N,,,,2,4,4,4,0.75,0.75,blca_l10_k01_wi01_leak01_beta01,0
AAABBBAB,abscount,N,,,,2,4,4,4,0.75,0.75,naive,0
AAABBBAB,abscount,N,,,,2,4,4,4,0.75,0.75,lba_k01_d01,0
AAABBBAB,abscount,N,,,,2,4,4,4,0.75,0.75,relcount,-1
AAABBBAB,abscount,N,,,,2,4,4,4,0.75,0.75,likelihood_ration,-1
AAABBBAB,snr,B,1.33333333333,0.0,4,2,4,4,4,0.75,0.75,information,0
AAABBBAB,snr,B,1.33333333333,0.0,4,2,4,4,4,0.75,0.75,gating_g04,0
AAABBBAB,snr,B,1.33333333333,0.0,4,2,4,4,4,0.75,0.75,relcount,0
AAABBBAB,snr,B,1.33333333333,0.0,4,2,4,4,4,0.75,0.75,blca_l10_k01_wi01_leak01_beta01,1
AAABBBAB,snr,B,1.33333333333,0.0,4,2,4,4,4,0.75,0.75,naive,0
AAABBBAB,snr,B,1.33333333333,0.0,4,2,4,4,4,0.75,0.75,lba_k01_d01,0
AAABBBAB,snr,B,1.33333333333,0.0,4,2,4,4,4,0.75,0.75,abscount,0
AAABBBAB,snr,B,1.33333333333,0.0,4,2,4,4,4,0.75,0.75,likelihood_ration,0
AAABBBAB,blca_l10_k01_wi01_leak01_beta01,B,1.98,-0.98,1,2,4,4,4,0.75,0.75,information,0
AAABBBAB,blca_l10_k01_wi01_leak01_beta01,B,1.98,-0.98,1,2,4,4,4,0.75,0.75,snr,1
AAABBBAB,blca_l10_k01_wi01_leak01_beta01,B,1.98,-0.98,1,2,4,4,4,0.75,0.75,relcount,0
AAABBBAB,blca_l10_k01_wi01_leak01_beta01,B,1.98,-0.98,1,2,4,4,4,0.75,0.75,gating_g04,0
AAABBBAB,blca_l10_k01_wi01_leak01_beta01,B,1.98,-0.98,1,2,4,4,4,0.75,0.75,naive,0
AAABBBAB,blca_l10_k01_wi01_leak01_beta01,B,1.98,-0.98,1,2,4,4,4,0.75,0.75,lba_k01_d01,0
AAABBBAB,blca_l10_k01_wi01_leak01_beta01,B,1.98,-0.98,1,2,4,4,4,0.75,0.75,abscount,0
AAABBBAB,blca_l10_k01_wi01_leak01_beta01,B,1.98,-0.98,1,2,4,4,4,0.75,0.75,likelihood_ration,0
AAABBBAB,gating_g04,N,,,,2,4,4,4,0.75,0.75,information,-1
AAABBBAB,gating_g04,N,,,,2,4,4,4,0.75,0.75,snr,0
AAABBBAB,gating_g04,N,,,,2,4,4,4,0.75,0.75,relcount,-1
AAABBBAB,gating_g04,N,,,,2,4,4,4,0.75,0.75,blca_l10_k01_wi01_leak01_beta01,0
AAABBBAB,gating_g04,N,,,,2,4,4,4,0.75,0.75,naive,0
AAABBBAB,gating_g04,N,,,,2,4,4,4,0.75,0.75,lba_k01_d01,0
AAABBBAB,gating_g04,N,,,,2,4,4,4,0.75,0.75,abscount,-1
AAABBBAB,gating_g04,N,,,,2,4,4,4,0.75,0.75,likelihood_ration,-1
AAABBBAB,relcount,N,,,,2,4,4,4,0.75,0.75,information,-1
AAABBBAB,relcount,N,,,,2,4,4,4,0.75,0.75,snr,0
AAABBBAB,relcount,N,,,,2,4,4,4,0.75,0.75,gating_g04,-1
AAABBBAB,relcount,N,,,,2,4,4,4,0.75,0.75,blca_l10_k01_wi01_leak01_beta01,0
AAABBBAB,relcount,N,,,,2,4,4,4,0.75,0.75,naive,0
AAABBBAB,relcount,N,,,,2,4,4,4,0.75,0.75,lba_k01_d01,0
AAABBBAB,relcount,N,,,,2,4,4,4,0.75,0.75,abscount,-1
AAABBBAB,relcount,N,,,,2,4,4,4,0.75,0.75,likelihood_ration,-1
AAABBBAB,likelihood_ration,N,,,,2,4,4,4,0.75,0.75,information,-1
AAABBBAB,likelihood_ration,N,,,,2,4,4,4,0.75,0.75,relcount,-1
AAABBBAB,likelihood_ration,N,,,,2,4,4,4,0.75,0.75,snr,0
AAABBBAB,likelihood_ration,N,,,,2,4,4,4,0.75,0.75,gating_g04,-1
AAABBBAB,likelihood_ration,N,,,,2,4,4,4,0.75,0.75,blca_l10_k01_wi01_leak01_beta01,0
AAABBBAB,likelihood_ration,N,,,,2,4,4,4,0.75,0.75,naive,0
AAABBBAB,likelihood_ration,N,,,,2,4,4,4,0.75,0.75,lba_k01_d01,0
AAABBBAB,likelihood_ration,N,,,,2,4,4,4,0.75,0.75,abscount,-1
AABBAABB,information,N,,,,4,4,4,4,0.5,0.5,relcount,-1
AABBAABB,information,N,,,,4,4,4,4,0.5,0.5,snr,0
AABBAABB,information,N,,,,4,4,4,4,0.5,0.5,gating_g04,-1
AABBAABB,information,N,,,,4,4,4,4,0.5,0.5,blca_l10_k01_wi01_leak01_beta01,0
AABBAABB,information,N,,,,4,4,4,4,0.5,0.5,naive,0
AABBAABB,information,N,,,,4,4,4,4,0.5,0.5,lba_k01_d01,0
AABBAABB,information,N,,,,4,4,4,4,0.5,0.5,abscount,-1
AABBAABB,information,N,,,,4,4,4,4,0.5,0.5,likelihood_ration,-1
AABBAABB,naive,A,0.75,0,1,4,4,4,4,0.5,0.5,information,0
AABBAABB,naive,A,0.75,0,1,4,4,4,4,0.5,0.5,snr,0
AABBAABB,naive,A,0.75,0,1,4,4,4,4,0.5,0.5,relcount,0
AABBAABB,naive,A,0.75,0,1,4,4,4,4,0.5,0.5,blca_l10_k01_wi01_leak01_beta01,0
AABBAABB,naive,A,0.75,0,1,4,4,4,4,0.5,0.5,gating_g04,0
AABBAABB,naive,A,0.75,0,1,4,4,4,4,0.5,0.5,lba_k01_d01,1
AABBAABB,naive,A,0.75,0,1,4,4,4,4,0.5,0.5,abscount,0
AABBAABB,naive,A,0.75,0,1,4,4,4,4,0.5,0.5,likelihood_ration,0
AABBAABB,lba_k01_d01,A,0.8,0.1,7,4,4,4,4,0.5,0.5,information,0
AABBAABB,lba_k01_d01,A,0.8,0.1,7,4,4,4,4,0.5,0.5,relcount,0
AABBAABB,lba_k01_d01,A,0.8,0.1,7,4,4,4,4,0.5,0.5,snr,0
AABBAABB,lba_k01_d01,A,0.8,0.1,7,4,4,4,4,0.5,0.5,gating_g04,0
AABBAABB,lba_k01_d01,A,0.8,0.1,7,4,4,4,4,0.5,0.5,blca_l10_k01_wi01_leak01_beta01,0
AABBAABB,lba_k01_d01,A,0.8,0.1,7,4,4,4,4,0.5,0.5,naive,1
AABBAABB,lba_k01_d01,A,0.8,0.1,7,4,4,4,4,0.5,0.5,abscount,0
AABBAABB,lba_k01_d01,A,0.8,0.1,7,4,4,4,4,0.5,0.5,likelihood_ration,0
AABBAABB,abscount,N,,,,4,4,4,4,0.5,0.5,information,-1
AABBAABB,abscount,N,,,,4,4,4,4,0.5,0.5,snr,0
AABBAABB,abscount,N,,,,4,4,4,4,0.5,0.5,gating_g04,-1
AABBAABB,abscount,N,,,,4,4,4,4,0.5,0.5,blca_l10_k01_wi01_leak01_beta01,0
AABBAABB,abscount,N,,,,4,4,4,4,0.5,0.5,naive,0
AABBAABB,abscount,N,,,,4,4,4,4,0.5,0.5,lba_k01_d01,0
AABBAABB,abscount,N,,,,4,4,4,4,0.5,0.5,relcount,-1
AABBAABB,abscount,N,,,,4,4,4,4,0.5,0.5,likelihood_ration,-1
AABBAABB,snr,B,1.5,0.0,3,4,4,4,4,0.5,0.5,information,0
AABBAABB,snr,B,1.5,0.0,3,4,4,4,4,0.5,0.5,gating_g04,0
AABBAABB,snr,B,1.5,0.0,3,4,4,4,4,0.5,0.5,relcount,0
AABBAABB,snr,B,1.5,0.0,3,4,4,4,4,0.5,0.5,blca_l10_k01_wi01_leak01_beta01,1
AABBAABB,snr,B,1.5,0.0,3,4,4,4,4,0.5,0.5,naive,0
AABBAABB,snr,B,1.5,0.0,3,4,4,4,4,0.5,0.5,lba_k01_d01,0
AABBAABB,snr,B,1.5,0.0,3,4,4,4,4,0.5,0.5,abscount,0
AABBAABB,snr,B,1.5,0.0,3,4,4,4,4,0.5,0.5,likelihood_ration,0
AABBAABB,blca_l10_k01_wi01_leak01_beta01,B,1.98,-0.98,1,4,4,4,4,0.5,0.5,information,0
AABBAABB,blca_l10_k01_wi01_leak01_beta01,B,1.98,-0.98,1,4,4,4,4,0.5,0.5,snr,1
AABBAABB,blca_l10_k01_wi01_leak01_beta01,B,1.98,-0.98,1,4,4,4,4,0.5,0.5,relcount,0
AABBAABB,blca_l10_k01_wi01_leak01_beta01,B,1.98,-0.98,1,4,4,4,4,0.5,0.5,gating_g04,0
AABBAABB,blca_l10_k01_wi01_leak01_beta01,B,1.98,-0.98,1,4,4,4,4,0.5,0.5,naive,0
AABBAABB,blca_l10_k01_wi01_leak01_beta01,B,1.98,-0.98,1,4,4,4,4,0.5,0.5,lba_k01_d01,0
AABBAABB,blca_l10_k01_wi01_leak01_beta01,B,1.98,-0.98,1,4,4,4,4,0.5,0.5,abscount,0
AABBAABB,blca_l10_k01_wi01_leak01_beta01,B,1.98,-0.98,1,4,4,4,4,0.5,0.5,likelihood_ration,0
AABBAABB,gating_g04,N,,,,4,4,4,4,0.5,0.5,information,-1
AABBAABB,gating_g04,N,,,,4,4,4,4,0.5,0.5,snr,0
AABBAABB,gating_g04,N,,,,4,4,4,4,0.5,0.5,relcount,-1
AABBAABB,gating_g04,N,,,,4,4,4,4,0.5,0.5,blca_l10_k01_wi01_leak01_beta01,0
AABBAABB,gating_g04,N,,,,4,4,4,4,0.5,0.5,naive,0
AABBAABB,gating_g04,N,,,,4,4,4,4,0.5,0.5,lba_k01_d01,0
AABBAABB,gating_g04,N,,,,4,4,4,4,0.5,0.5,abscount,-1
AABBAABB,gating_g04,N,,,,4,4,4,4,0.5,0.5,likelihood_ration,-1
AABBAABB,relcount,N,,,,4,4,4,4,0.5,0.5,information,-1
AABBAABB,relcount,N,,,,4,4,4,4,0.5,0.5,snr,0
AABBAABB,relcount,N,,,,4,4,4,4,0.5,0.5,gating_g04,-1
AABBAABB,relcount,N,,,,4,4,4,4,0.5,0.5,blca_l10_k01_wi01_leak01_beta01,0
AABBAABB,relcount,N,,,,4,4,4,4,0.5,0.5,naive,0
AABBAABB,relcount,N,,,,4,4,4,4,0.5,0.5,lba_k01_d01,0
AABBAABB,relcount,N,,,,4,4,4,4,0.5,0.5,abscount,-1
AABBAABB,relcount,N,,,,4,4,4,4,0.5,0.5,likelihood_ration,-1
AABBAABB,likelihood_ration,N,,,,4,4,4,4,0.5,0.5,information,-1
AABBAABB,likelihood_ration,N,,,,4,4,4,4,0.5,0.5,relcount,-1
AABBAABB,likelihood_ration,N,,,,4,4,4,4,0.5,0.5,snr,0
AABBAABB,likelihood_ration,N,,,,4,4,4,4,0.5,0.5,gating_g04,-1
AABBAABB,likelihood_ration,N,,,,4,4,4,4,0.5,0.5,blca_l10_k01_wi01_leak01_beta01,0
AABBAABB,likelihood_ration,N,,,,4,4,4,4,0.5,0.5,naive,0
AABBAABB,likelihood_ration,N,,,,4,4,4,4,0.5,0.5,lba_k01_d01,0
AABBAABB,likelihood_ration,N,,,,4,4,4,4,0.5,0.5,abscount,-1
ABAAAABB,information,A,0.9375,0.1875,6,3,5,3,5,0.75,0.5,relcount,1
ABAAAABB,information,A,0.9375,0.1875,6,3,5,3,5,0.75,0.5,snr,0
ABAAAABB,information,A,0.9375,0.1875,6,3,5,3,5,0.75,0.5,gating_g04,0
ABAAAABB,information,A,0.9375,0.1875,6,3,5,3,5,0.75,0.5,blca_l10_k01_wi01_leak01_beta01,0
ABAAAABB,information,A,0.9375,0.1875,6,3,5,3,5,0.75,0.5,naive,1
ABAAAABB,information,A,0.9375,0.1875,6,3,5,3,5,0.75,0.5,lba_k01_d01,1
ABAAAABB,information,A,0.9375,0.1875,6,3,5,3,5,0.75,0.5,abscount,0
ABAAAABB,information,A,0.9375,0.1875,6,3,5,3,5,0.75,0.5,likelihood_ration,1
ABAAAABB,naive,A,0.75,0,3,3,5,3,5,0.75,0.5,information,1
ABAAAABB,naive,A,0.75,0,3,3,5,3,5,0.75,0.5,snr,0
ABAAAABB,naive,A,0.75,0,3,3,5,3,5,0.75,0.5,relcount,1
ABAAAABB,naive,A,0.75,0,3,3,5,3,5,0.75,0.5,blca_l10_k01_wi01_leak01_beta01,0
ABAAAABB,naive,A,0.75,0,3,3,5,3,5,0.75,0.5,gating_g04,0
ABAAAABB,naive,A,0.75,0,3,3,5,3,5,0.75,0.5,lba_k01_d01,1
ABAAAABB,naive,A,0.75,0,3,3,5,3,5,0.75,0.5,abscount,0
ABAAAABB,naive,A,0.75,0,3,3,5,3,5,0.75,0.5,likelihood_ration,1
ABAAAABB,lba_k01_d01,A,0.8,0.1,7,3,5,3,5,0.75,0.5,information,1
ABAAAABB,lba_k01_d01,A,0.8,0.1,7,3,5,3,5,0.75,0.5,relcount,1
ABAAAABB,lba_k01_d01,A,0.8,0.1,7,3,5,3,5,0.75,0.5,snr,0
ABAAAABB,lba_k01_d01,A,0.8,0.1,7,3,5,3,5,0.75,0.5,gating_g04,0
ABAAAABB,lba_k01_d01,A,0.8,0.1,7,3,5,3,5,0.75,0.5,blca_l10_k01_wi01_leak01_beta01,0
ABAAAABB,lba_k01_d01,A,0.8,0.1,7,3,5,3,5,0.75,0.5,naive,1
ABAAAABB,lba_k01_d01,A,0.8,0.1,7,3,5,3,5,0.75,0.5,abscount,0
ABAAAABB,lba_k01_d01,A,0.8,0.1,7,3,5,3,5,0.75,0.5,likelihood_ration,1
ABAAAABB,abscount,N,,,,3,5,3,5,0.75,0.5,information,0
ABAAAABB,abscount,N,,,,3,5,3,5,0.75,0.5,snr,0
ABAAAABB,abscount,N,,,,3,5,3,5,0.75,0.5,gating_g04,-1
ABAAAABB,abscount,N,,,,3,5,3,5,0.75,0.5,blca_l10_k01_wi01_leak01_beta01,0
ABAAAABB,abscount,N,,,,3,5,3,5,0.75,0.5,naive,0
ABAAAABB,abscount,N,,,,3,5,3,5,0.75,0.5,lba_k01_d01,0
ABAAAABB,abscount,N,,,,3,5,3,5,0.75,0.5,relcount,0
ABAAAABB,abscount,N,,,,3,5,3,5,0.75,0.5,likelihood_ration,0
ABAAAABB,snr,B,2.0,0.0,2,3,5,3,5,0.75,0.5,information,0
ABAAAABB,snr,B,2.0,0.0,2,3,5,3,5,0.75,0.5,gating_g04,0
ABAAAABB,snr,B,2.0,0.0,2,3,5,3,5,0.75,0.5,relcount,0
ABAAAABB,snr,B,2.0,0.0,2,3,5,3,5,0.75,0.5,blca_l10_k01_wi01_leak01_beta01,1
ABAAAABB,snr,B,2.0,0.0,2,3,5,3,5,0.75,0.5,naive,0
ABAAAABB,snr,B,2.0,0.0,2,3,5,3,5,0.75,0.5,lba_k01_d01,0
ABAAAABB,snr,B,2.0,0.0,2,3,5,3,5,0.75,0.5,abscount,0
ABAAAABB,snr,B,2.0,0.0,2,3,5,3,5,0.75,0.5,likelihood_ration,0
ABAAAABB,blca_l10_k01_wi01_leak01_beta01,B,1.98,-0.98,1,3,5,3,5,0.75,0.5,information,0
ABAAAABB,blca_l10_k01_wi01_leak01_beta01,B,1.98,-0.98,1,3,5,3,5,0.75,0.5,snr,1
ABAAAABB,blca_l10_k01_wi01_leak01_beta01,B,1.98,-0.98,1,3,5,3,5,0.75,0.5,relcount,0
ABAAAABB,blca_l10_k01_wi01_leak01_beta01,B,1.98,-0.98,1,3,5,3,5,0.75,0.5,gating_g04,0
ABAAAABB,blca_l10_k01_wi01_leak01_beta01,B,1.98,-0.98,1,3,5,3,5,0.75,0.5,naive,0
ABAAAABB,blca_l10_k01_wi01_leak01_beta01,B,1.98,-0.98,1,3,5,3,5,0.75,0.5,lba_k01_d01,0
ABAAAABB,blca_l10_k01_wi01_leak01_beta01,B,1.98,-0.98,1,3,5,3,5,0.75,0.5,abscount,0
ABAAAABB,blca_l10_k01_wi01_leak01_beta01,B,1.98,-0.98,1,3,5,3,5,0.75,0.5,likelihood_ration,0
ABAAAABB,gating_g04,N,,,,3,5,3,5,0.75,0.5,information,0
ABAAAABB,gating_g04,N,,,,3,5,3,5,0.75,0.5,snr,0
ABAAAABB,gating_g04,N,,,,3,5,3,5,0.75,0.5,relcount,0
ABAAAABB,gating_g04,N,,,,3,5,3,5,0.75,0.5,blca_l10_k01_wi01_leak01_beta01,0
ABAAAABB,gating_g04,N,,,,3,5,3,5,0.75,0.5,naive,0
ABAAAABB,gating_g04,N,,,,3,5,3,5,0.75,0.5,lba_k01_d01,0
ABAAAABB,gating_g04,N,,,,3,5,3,5,0.75,0.5,abscount,-1
ABAAAABB,gating_g04,N,,,,3,5,3,5,0.75,0.5,likelihood_ration,0
ABAAAABB,relcount,A,0.833333333333,0.166666666667,6,3,5,3,5,0.75,0.5,information,1
ABAAAABB,relcount,A,0.833333333333,0.166666666667,6,3,5,3,5,0.75,0.5,snr,0
ABAAAABB,relcount,A,0.833333333333,0.166666666667,6,3,5,3,5,0.75,0.5,gating_g04,0
ABAAAABB,relcount,A,0.833333333333,0.166666666667,6,3,5,3,5,0.75,0.5,blca_l10_k01_wi01_leak01_beta01,0
ABAAAABB,relcount,A,0.833333333333,0.166666666667,6,3,5,3,5,0.75,0.5,naive,1
ABAAAABB,relcount,A,0.833333333333,0.166666666667,6,3,5,3,5,0.75,0.5,lba_k01_d01,1
ABAAAABB,relcount,A,0.833333333333,0.166666666667,6,3,5,3,5,0.75,0.5,abscount,0
ABAAAABB,relcount,A,0.833333333333,0.166666666667,6,3,5,3,5,0.75,0.5,likelihood_ration,1
ABAAAABB,likelihood_ration,A,1.38021124171,0,5,3,5,3,5,0.75,0.5,information,1
ABAAAABB,likelihood_ration,A,1.38021124171,0,5,3,5,3,5,0.75,0.5,relcount,1
ABAAAABB,likelihood_ration,A,1.38021124171,0,5,3,5,3,5,0.75,0.5,snr,0
ABAAAABB,likelihood_ration,A,1.38021124171,0,5,3,5,3,5,0.75,0.5,gating_g04,0
ABAAAABB,likelihood_ration,A,1.38021124171,0,5,3,5,3,5,0.75,0.5,blca_l10_k01_wi01_leak01_beta01,0
ABAAAABB,likelihood_ration,A,1.38021124171,0,5,3,5,3,5,0.75,0.5,naive,1
ABAAAABB,likelihood_ration,A,1.38021124171,0,5,3,5,3,5,0.75,0.5,lba_k01_d01,1
ABAAAABB,likelihood_ration,A,1.38021124171,0,5,3,5,3,5,0.75,0.5,abscount,0
ABAAAABA,information,A,0.9375,0.1875,6,4,6,2,6,0.75,0.75,relcount,1
ABAAAABA,information,A,0.9375,0.1875,6,4,6,2,6,0.75,0.75,snr,0
ABAAAABA,information,A,0.9375,0.1875,6,4,6,2,6,0.75,0.75,gating_g04,0
ABAAAABA,information,A,0.9375,0.1875,6,4,6,2,6,0.75,0.75,blca_l10_k01_wi01_leak01_beta01,0
ABAAAABA,information,A,0.9375,0.1875,6,4,6,2,6,0.75,0.75,naive,1
ABAAAABA,information,A,0.9375,0.1875,6,4,6,2,6,0.75,0.75,lba_k01_d01,1
ABAAAABA,information,A,0.9375,0.1875,6,4,6,2,6,0.75,0.75,abscount,0
ABAAAABA,information,A,0.9375,0.1875,6,4,6,2,6,0.75,0.75,likelihood_ration,1
ABAAAABA,naive,A,0.75,0,3,4,6,2,6,0.75,0.75,information,1
ABAAAABA,naive,A,0.75,0,3,4,6,2,6,0.75,0.75,snr,0
ABAAAABA,naive,A,0.75,0,3,4,6,2,6,0.75,0.75,relcount,1
ABAAAABA,naive,A,0.75,0,3,4,6,2,6,0.75,0.75,blca_l10_k01_wi01_leak01_beta01,0
ABAAAABA,naive,A,0.75,0,3,4,6,2,6,0.75,0.75,gating_g04,0
ABAAAABA,naive,A,0.75,0,3,4,6,2,6,0.75,0.75,lba_k01_d01,1
ABAAAABA,naive,A,0.75,0,3,4,6,2,6,0.75,0.75,abscount,0
ABAAAABA,naive,A,0.75,0,3,4,6,2,6,0.75,0.75,likelihood_ration,1
ABAAAABA,lba_k01_d01,A,0.8,0.1,7,4,6,2,6,0.75,0.75,information,1
ABAAAABA,lba_k01_d01,A,0.8,0.1,7,4,6,2,6,0.75,0.75,relcount,1
ABAAAABA,lba_k01_d01,A,0.8,0.1,7,4,6,2,6,0.75,0.75,snr,0
ABAAAABA,lba_k01_d01,A,0.8,0.1,7,4,6,2,6,0.75,0.75,gating_g04,0
ABAAAABA,lba_k01_d01,A,0.8,0.1,7,4,6,2,6,0.75,0.75,blca_l10_k01_wi01_leak01_beta01,0
ABAAAABA,lba_k01_d01,A,0.8,0.1,7,4,6,2,6,0.75,0.75,naive,1
ABAAAABA,lba_k01_d01,A,0.8,0.1,7,4,6,2,6,0.75,0.75,abscount,0
ABAAAABA,lba_k01_d01,A,0.8,0.1,7,4,6,2,6,0.75,0.75,likelihood_ration,1
ABAAAABA,abscount,N,,,,4,6,2,6,0.75,0.75,information,0
ABAAAABA,abscount,N,,,,4,6,2,6,0.75,0.75,snr,0
ABAAAABA,abscount,N,,,,4,6,2,6,0.75,0.75,gating_g04,-1
ABAAAABA,abscount,N,,,,4,6,2,6,0.75,0.75,blca_l10_k01_wi01_leak01_beta01,0
ABAAAABA,abscount,N,,,,4,6,2,6,0.75,0.75,naive,0
ABAAAABA,abscount,N,,,,4,6,2,6,0.75,0.75,lba_k01_d01,0
ABAAAABA,abscount,N,,,,4,6,2,6,0.75,0.75,relcount,0
ABAAAABA,abscount,N,,,,4,6,2,6,0.75,0.75,likelihood_ration,0
ABAAAABA,snr,B,2.0,0.0,2,4,6,2,6,0.75,0.75,information,0
ABAAAABA,snr,B,2.0,0.0,2,4,6,2,6,0.75,0.75,gating_g04,0
ABAAAABA,snr,B,2.0,0.0,2,4,6,2,6,0.75,0.75,relcount,0
ABAAAABA,snr,B,2.0,0.0,2,4,6,2,6,0.75,0.75,blca_l10_k01_wi01_leak01_beta01,1
ABAAAABA,snr,B,2.0,0.0,2,4,6,2,6,0.75,0.75,naive,0
ABAAAABA,snr,B,2.0,0.0,2,4,6,2,6,0.75,0.75,lba_k01_d01,0
ABAAAABA,snr,B,2.0,0.0,2,4,6,2,6,0.75,0.75,abscount,0
ABAAAABA,snr,B,2.0,0.0,2,4,6,2,6,0.75,0.75,likelihood_ration,0
ABAAAABA,blca_l10_k01_wi01_leak01_beta01,B,1.98,-0.98,1,4,6,2,6,0.75,0.75,information,0
ABAAAABA,blca_l10_k01_wi01_leak01_beta01,B,1.98,-0.98,1,4,6,2,6,0.75,0.75,snr,1
ABAAAABA,blca_l10_k01_wi01_leak01_beta01,B,1.98,-0.98,1,4,6,2,6,0.75,0.75,relcount,0
ABAAAABA,blca_l10_k01_wi01_leak01_beta01,B,1.98,-0.98,1,4,6,2,6,0.75,0.75,gating_g04,0
ABAAAABA,blca_l10_k01_wi01_leak01_beta01,B,1.98,-0.98,1,4,6,2,6,0.75,0.75,naive,0
ABAAAABA,blca_l10_k01_wi01_leak01_beta01,B,1.98,-0.98,1,4,6,2,6,0.75,0.75,lba_k01_d01,0
ABAAAABA,blca_l10_k01_wi01_leak01_beta01,B,1.98,-0.98,1,4,6,2,6,0.75,0.75,abscount,0
ABAAAABA,blca_l10_k01_wi01_leak01_beta01,B,1.98,-0.98,1,4,6,2,6,0.75,0.75,likelihood_ration,0
ABAAAABA,gating_g04,N,,,,4,6,2,6,0.75,0.75,information,0
ABAAAABA,gating_g04,N,,,,4,6,2,6,0.75,0.75,snr,0
ABAAAABA,gating_g04,N,,,,4,6,2,6,0.75,0.75,relcount,0
ABAAAABA,gating_g04,N,,,,4,6,2,6,0.75,0.75,blca_l10_k01_wi01_leak01_beta01,0
ABAAAABA,gating_g04,N,,,,4,6,2,6,0.75,0.75,naive,0
ABAAAABA,gating_g04,N,,,,4,6,2,6,0.75,0.75,lba_k01_d01,0
ABAAAABA,gating_g04,N,,,,4,6,2,6,0.75,0.75,abscount,-1
ABAAAABA,gating_g04,N,,,,4,6,2,6,0.75,0.75,likelihood_ration,0
ABAAAABA,relcount,A,0.833333333333,0.166666666667,6,4,6,2,6,0.75,0.75,information,1
ABAAAABA,relcount,A,0.833333333333,0.166666666667,6,4,6,2,6,0.75,0.75,snr,0
ABAAAABA,relcount,A,0.833333333333,0.166666666667,6,4,6,2,6,0.75,0.75,gating_g04,0
ABAAAABA,relcount,A,0.833333333333,0.166666666667,6,4,6,2,6,0.75,0.75,blca_l10_k01_wi01_leak01_beta01,0
ABAAAABA,relcount,A,0.833333333333,0.166666666667,6,4,6,2,6,0.75,0.75,naive,1
ABAAAABA,relcount,A,0.833333333333,0.166666666667,6,4,6,2,6,0.75,0.75,lba_k01_d01,1
ABAAAABA,relcount,A,0.833333333333,0.166666666667,6,4,6,2,6,0.75,0.75,abscount,0
ABAAAABA,relcount,A,0.833333333333,0.166666666667,6,4,6,2,6,0.75,0.75,likelihood_ration,1
ABAAAABA,likelihood_ration,A,1.38021124171,0,5,4,6,2,6,0.75,0.75,information,1
ABAAAABA,likelihood_ration,A,1.38021124171,0,5,4,6,2,6,0.75,0.75,relcount,1
ABAAAABA,likelihood_ration,A,1.38021124171,0,5,4,6,2,6,0.75,0.75,snr,0
ABAAAABA,likelihood_ration,A,1.38021124171,0,5,4,6,2,6,0.75,0.75,gating_g04,0
ABAAAABA,likelihood_ration,A,1.38021124171,0,5,4,6,2,6,0.75,0.75,blca_l10_k01_wi01_leak01_beta01,0
ABAAAABA,likelihood_ration,A,1.38021124171,0,5,4,6,2,6,0.75,0.75,naive,1
ABAAAABA,likelihood_ration,A,1.38021124171,0,5,4,6,2,6,0.75,0.75,lba_k01_d01,1
ABAAAABA,likelihood_ration,A,1.38021124171,0,5,4,6,2,6,0.75,0.75,abscount,0
AAAABAAA,information,A,0.75,0.0,4,3,7,1,7,1.0,0.75,relcount,1
AAAABAAA,information,A,0.75,0.0,4,3,7,1,7,1.0,0.75,snr,0
AAAABAAA,information,A,0.75,0.0,4,3,7,1,7,1.0,0.75,gating_g04,0
AAAABAAA,information,A,0.75,0.0,4,3,7,1,7,1.0,0.75,blca_l10_k01_wi01_leak01_beta01,0
AAAABAAA,information,A,0.75,0.0,4,3,7,1,7,1.0,0.75,naive,1
AAAABAAA,information,A,0.75,0.0,4,3,7,1,7,1.0,0.75,lba_k01_d01,1
AAAABAAA,information,A,0.75,0.0,4,3,7,1,7,1.0,0.75,abscount,1
AAAABAAA,information,A,0.75,0.0,4,3,7,1,7,1.0,0.75,likelihood_ration,1
AAAABAAA,naive,A,0.75,0,1,3,7,1,7,1.0,0.75,information,1
AAAABAAA,naive,A,0.75,0,1,3,7,1,7,1.0,0.75,snr,0
AAAABAAA,naive,A,0.75,0,1,3,7,1,7,1.0,0.75,relcount,1
AAAABAAA,naive,A,0.75,0,1,3,7,1,7,1.0,0.75,blca_l10_k01_wi01_leak01_beta01,0
AAAABAAA,naive,A,0.75,0,1,3,7,1,7,1.0,0.75,gating_g04,0
AAAABAAA,naive,A,0.75,0,1,3,7,1,7,1.0,0.75,lba_k01_d01,1
AAAABAAA,naive,A,0.75,0,1,3,7,1,7,1.0,0.75,abscount,1
AAAABAAA,naive,A,0.75,0,1,3,7,1,7,1.0,0.75,likelihood_ration,1
AAAABAAA,lba_k01_d01,A,0.8,0.1,7,3,7,1,7,1.0,0.75,information,1
AAAABAAA,lba_k01_d01,A,0.8,0.1,7,3,7,1,7,1.0,0.75,relcount,1
AAAABAAA,lba_k01_d01,A,0.8,0.1,7,3,7,1,7,1.0,0.75,snr,0
AAAABAAA,lba_k01_d01,A,0.8,0.1,7,3,7,1,7,1.0,0.75,gating_g04,0
AAAABAAA,lba_k01_d01,A,0.8,0.1,7,3,7,1,7,1.0,0.75,blca_l10_k01_wi01_leak01_beta01,0
AAAABAAA,lba_k01_d01,A,0.8,0.1,7,3,7,1,7,1.0,0.75,naive,1
AAAABAAA,lba_k01_d01,A,0.8,0.1,7,3,7,1,7,1.0,0.75,abscount,1
AAAABAAA,lba_k01_d01,A,0.8,0.1,7,3,7,1,7,1.0,0.75,likelihood_ration,1
AAAABAAA,abscount,A,0.875,0.125,8,3,7,1,7,1.0,0.75,information,1
AAAABAAA,abscount,A,0.875,0.125,8,3,7,1,7,1.0,0.75,snr,0
AAAABAAA,abscount,A,0.875,0.125,8,3,7,1,7,1.0,0.75,gating_g04,0
AAAABAAA,abscount,A,0.875,0.125,8,3,7,1,7,1.0,0.75,blca_l10_k01_wi01_leak01_beta01,0
AAAABAAA,abscount,A,0.875,0.125,8,3,7,1,7,1.0,0.75,naive,1
AAAABAAA,abscount,A,0.875,0.125,8,3,7,1,7,1.0,0.75,lba_k01_d01,1
AAAABAAA,abscount,A,0.875,0.125,8,3,7,1,7,1.0,0.75,relcount,1
AAAABAAA,abscount,A,0.875,0.125,8,3,7,1,7,1.0,0.75,likelihood_ration,1
AAAABAAA,snr,B,1.25,0.0,5,3,7,1,7,1.0,0.75,information,0
AAAABAAA,snr,B,1.25,0.0,5,3,7,1,7,1.0,0.75,gating_g04,0
AAAABAAA,snr,B,1.25,0.0,5,3,7,1,7,1.0,0.75,relcount,0
AAAABAAA,snr,B,1.25,0.0,5,3,7,1,7,1.0,0.75,blca_l10_k01_wi01_leak01_beta01,1
AAAABAAA,snr,B,1.25,0.0,5,3,7,1,7,1.0,0.75,naive,0
AAAABAAA,snr,B,1.25,0.0,5,3,7,1,7,1.0,0.75,lba_k01_d01,0
AAAABAAA,snr,B,1.25,0.0,5,3,7,1,7,1.0,0.75,abscount,0
AAAABAAA,snr,B,1.25,0.0,5,3,7,1,7,1.0,0.75,likelihood_ration,0
AAAABAAA,blca_l10_k01_wi01_leak01_beta01,B,1.98,-0.98,1,3,7,1,7,1.0,0.75,information,0
AAAABAAA,blca_l10_k01_wi01_leak01_beta01,B,1.98,-0.98,1,3,7,1,7,1.0,0.75,snr,1
AAAABAAA,blca_l10_k01_wi01_leak01_beta01,B,1.98,-0.98,1,3,7,1,7,1.0,0.75,relcount,0
AAAABAAA,blca_l10_k01_wi01_leak01_beta01,B,1.98,-0.98,1,3,7,1,7,1.0,0.75,gating_g04,0
AAAABAAA,blca_l10_k01_wi01_leak01_beta01,B,1.98,-0.98,1,3,7,1,7,1.0,0.75,naive,0
AAAABAAA,blca_l10_k01_wi01_leak01_beta01,B,1.98,-0.98,1,3,7,1,7,1.0,0.75,lba_k01_d01,0
AAAABAAA,blca_l10_k01_wi01_leak01_beta01,B,1.98,-0.98,1,3,7,1,7,1.0,0.75,abscount,0
AAAABAAA,blca_l10_k01_wi01_leak01_beta01,B,1.98,-0.98,1,3,7,1,7,1.0,0.75,likelihood_ration,0
AAAABAAA,gating_g04,N,,,,3,7,1,7,1.0,0.75,information,0
AAAABAAA,gating_g04,N,,,,3,7,1,7,1.0,0.75,snr,0
AAAABAAA,gating_g04,N,,,,3,7,1,7,1.0,0.75,relcount,0
AAAABAAA,gating_g04,N,,,,3,7,1,7,1.0,0.75,blca_l10_k01_wi01_leak01_beta01,0
AAAABAAA,gating_g04,N,,,,3,7,1,7,1.0,0.75,naive,0
AAAABAAA,gating_g04,N,,,,3,7,1,7,1.0,0.75,lba_k01_d01,0
AAAABAAA,gating_g04,N,,,,3,7,1,7,1.0,0.75,abscount,0
AAAABAAA,gating_g04,N,,,,3,7,1,7,1.0,0.75,likelihood_ration,0
AAAABAAA,relcount,A,0.833333333333,0.166666666667,6,3,7,1,7,1.0,0.75,information,1
AAAABAAA,relcount,A,0.833333333333,0.166666666667,6,3,7,1,7,1.0,0.75,snr,0
AAAABAAA,relcount,A,0.833333333333,0.166666666667,6,3,7,1,7,1.0,0.75,gating_g04,0
AAAABAAA,relcount,A,0.833333333333,0.166666666667,6,3,7,1,7,1.0,0.75,blca_l10_k01_wi01_leak01_beta01,0
AAAABAAA,relcount,A,0.833333333333,0.166666666667,6,3,7,1,7,1.0,0.75,naive,1
AAAABAAA,relcount,A,0.833333333333,0.166666666667,6,3,7,1,7,1.0,0.75,lba_k01_d01,1
AAAABAAA,relcount,A,0.833333333333,0.166666666667,6,3,7,1,7,1.0,0.75,abscount,1
AAAABAAA,relcount,A,0.833333333333,0.166666666667,6,3,7,1,7,1.0,0.75,likelihood_ration,1
AAAABAAA,likelihood_ration,A,1.30102999566,0,6,3,7,1,7,1.0,0.75,information,1
AAAABAAA,likelihood_ration,A,1.30102999566,0,6,3,7,1,7,1.0,0.75,relcount,1
AAAABAAA,likelihood_ration,A,1.30102999566,0,6,3,7,1,7,1.0,0.75,snr,0
AAAABAAA,likelihood_ration,A,1.30102999566,0,6,3,7,1,7,1.0,0.75,gating_g04,0
AAAABAAA,likelihood_ration,A,1.30102999566,0,6,3,7,1,7,1.0,0.75,blca_l10_k01_wi01_leak01_beta01,0
AAAABAAA,likelihood_ration,A,1.30102999566,0,6,3,7,1,7,1.0,0.75,naive,1
AAAABAAA,likelihood_ration,A,1.30102999566,0,6,3,7,1,7,1.0,0.75,lba_k01_d01,1
AAAABAAA,likelihood_ration,A,1.30102999566,0,6,3,7,1,7,1.0,0.75,abscount,1
AAAABAAB,information,A,0.75,0.0,4,4,6,2,6,1.0,0.5,relcount,1
AAAABAAB,information,A,0.75,0.0,4,4,6,2,6,1.0,0.5,snr,0
AAAABAAB,information,A,0.75,0.0,4,4,6,2,6,1.0,0.5,gating_g04,0
AAAABAAB,information,A,0.75,0.0,4,4,6,2,6,1.0,0.5,blca_l10_k01_wi01_leak01_beta01,0
AAAABAAB,information,A,0.75,0.0,4,4,6,2,6,1.0,0.5,naive,1
AAAABAAB,information,A,0.75,0.0,4,4,6,2,6,1.0,0.5,lba_k01_d01,1
AAAABAAB,information,A,0.75,0.0,4,4,6,2,6,1.0,0.5,abscount,0
AAAABAAB,information,A,0.75,0.0,4,4,6,2,6,1.0,0.5,likelihood_ration,1
AAAABAAB,naive,A,0.75,0,1,4,6,2,6,1.0,0.5,information,1
AAAABAAB,naive,A,0.75,0,1,4,6,2,6,1.0,0.5,snr,0
AAAABAAB,naive,A,0.75,0,1,4,6,2,6,1.0,0.5,relcount,1
AAAABAAB,naive,A,0.75,0,1,4,6,2,6,1.0,0.5,blca_l10_k01_wi01_leak01_beta01,0
AAAABAAB,naive,A,0.75,0,1,4,6,2,6,1.0,0.5,gating_g04,0
AAAABAAB,naive,A,0.75,0,1,4,6,2,6,1.0,0.5,lba_k01_d01,1
AAAABAAB,naive,A,0.75,0,1,4,6,2,6,1.0,0.5,abscount,0
AAAABAAB,naive,A,0.75,0,1,4,6,2,6,1.0,0.5,likelihood_ration,1
AAAABAAB,lba_k01_d01,A,0.8,0.1,7,4,6,2,6,1.0,0.5,information,1
AAAABAAB,lba_k01_d01,A,0.8,0.1,7,4,6,2,6,1.0,0.5,relcount,1
AAAABAAB,lba_k01_d01,A,0.8,0.1,7,4,6,2,6,1.0,0.5,snr,0
AAAABAAB,lba_k01_d01,A,0.8,0.1,7,4,6,2,6,1.0,0.5,gating_g04,0
AAAABAAB,lba_k01_d01,A,0.8,0.1,7,4,6,2,6,1.0,0.5,blca_l10_k01_wi01_leak01_beta01,0
AAAABAAB,lba_k01_d01,A,0.8,0.1,7,4,6,2,6,1.0,0.5,naive,1
AAAABAAB,lba_k01_d01,A,0.8,0.1,7,4,6,2,6,1.0,0.5,abscount,0
AAAABAAB,lba_k01_d01,A,0.8,0.1,7,4,6,2,6,1.0,0.5,likelihood_ration,1
AAAABAAB,abscount,N,,,,4,6,2,6,1.0,0.5,information,0
AAAABAAB,abscount,N,,,,4,6,2,6,1.0,0.5,snr,0
AAAABAAB,abscount,N,,,,4,6,2,6,1.0,0.5,gating_g04,-1
AAAABAAB,abscount,N,,,,4,6,2,6,1.0,0.5,blca_l10_k01_wi01_leak01_beta01,0
AAAABAAB,abscount,N,,,,4,6,2,6,1.0,0.5,naive,0
AAAABAAB,abscount,N,,,,4,6,2,6,1.0,0.5,lba_k01_d01,0
AAAABAAB,abscount,N,,,,4,6,2,6,1.0,0.5,relcount,0
AAAABAAB,abscount,N,,,,4,6,2,6,1.0,0.5,likelihood_ration,0
AAAABAAB,snr,B,1.25,0.0,5,4,6,2,6,1.0,0.5,information,0
AAAABAAB,snr,B,1.25,0.0,5,4,6,2,6,1.0,0.5,gating_g04,0
AAAABAAB,snr,B,1.25,0.0,5,4,6,2,6,1.0,0.5,relcount,0
AAAABAAB,snr,B,1.25,0.0,5,4,6,2,6,1.0,0.5,blca_l10_k01_wi01_leak01_beta01,1
AAAABAAB,snr,B,1.25,0.0,5,4,6,2,6,1.0,0.5,naive,0
AAAABAAB,snr,B,1.25,0.0,5,4,6,2,6,1.0,0.5,lba_k01_d01,0
AAAABAAB,snr,B,1.25,0.0,5,4,6,2,6,1.0,0.5,abscount,0
AAAABAAB,snr,B,1.25,0.0,5,4,6,2,6,1.0,0.5,likelihood_ration,0
AAAABAAB,blca_l10_k01_wi01_leak01_beta01,B,1.98,-0.98,1,4,6,2,6,1.0,0.5,information,0
AAAABAAB,blca_l10_k01_wi01_leak01_beta01,B,1.98,-0.98,1,4,6,2,6,1.0,0.5,snr,1
AAAABAAB,blca_l10_k01_wi01_leak01_beta01,B,1.98,-0.98,1,4,6,2,6,1.0,0.5,relcount,0
AAAABAAB,blca_l10_k01_wi01_leak01_beta01,B,1.98,-0.98,1,4,6,2,6,1.0,0.5,gating_g04,0
AAAABAAB,blca_l10_k01_wi01_leak01_beta01,B,1.98,-0.98,1,4,6,2,6,1.0,0.5,naive,0
AAAABAAB,blca_l10_k01_wi01_leak01_beta01,B,1.98,-0.98,1,4,6,2,6,1.0,0.5,lba_k01_d01,0
AAAABAAB,blca_l10_k01_wi01_leak01_beta01,B,1.98,-0.98,1,4,6,2,6,1.0,0.5,abscount,0
AAAABAAB,blca_l10_k01_wi01_leak01_beta01,B,1.98,-0.98,1,4,6,2,6,1.0,0.5,likelihood_ration,0
AAAABAAB,gating_g04,N,,,,4,6,2,6,1.0,0.5,information,0
AAAABAAB,gating_g04,N,,,,4,6,2,6,1.0,0.5,snr,0
AAAABAAB,gating_g04,N,,,,4,6,2,6,1.0,0.5,relcount,0
AAAABAAB,gating_g04,N,,,,4,6,2,6,1.0,0.5,blca_l10_k01_wi01_leak01_beta01,0
AAAABAAB,gating_g04,N,,,,4,6,2,6,1.0,0.5,naive,0
AAAABAAB,gating_g04,N,,,,4,6,2,6,1.0,0.5,lba_k01_d01,0
AAAABAAB,gating_g04,N,,,,4,6,2,6,1.0,0.5,abscount,-1
AAAABAAB,gating_g04,N,,,,4,6,2,6,1.0,0.5,likelihood_ration,0
AAAABAAB,relcount,A,0.833333333333,0.166666666667,6,4,6,2,6,1.0,0.5,information,1
AAAABAAB,relcount,A,0.833333333333,0.166666666667,6,4,6,2,6,1.0,0.5,snr,0
AAAABAAB,relcount,A,0.833333333333,0.166666666667,6,4,6,2,6,1.0,0.5,gating_g04,0
AAAABAAB,relcount,A,0.833333333333,0.166666666667,6,4,6,2,6,1.0,0.5,blca_l10_k01_wi01_leak01_beta01,0
AAAABAAB,relcount,A,0.833333333333,0.166666666667,6,4,6,2,6,1.0,0.5,naive,1
AAAABAAB,relcount,A,0.833333333333,0.166666666667,6,4,6,2,6,1.0,0.5,lba_k01_d01,1
AAAABAAB,relcount,A,0.833333333333,0.166666666667,6,4,6,2,6,1.0,0.5,abscount,0
AAAABAAB,relcount,A,0.833333333333,0.166666666667,6,4,6,2,6,1.0,0.5,likelihood_ration,1
AAAABAAB,likelihood_ration,A,1.30102999566,0,6,4,6,2,6,1.0,0.5,information,1
AAAABAAB,likelihood_ration,A,1.30102999566,0,6,4,6,2,6,1.0,0.5,relcount,1
AAAABAAB,likelihood_ration,A,1.30102999566,0,6,4,6,2,6,1.0,0.5,snr,0
AAAABAAB,likelihood_ration,A,1.30102999566,0,6,4,6,2,6,1.0,0.5,gating_g04,0
AAAABAAB,likelihood_ration,A,1.30102999566,0,6,4,6,2,6,1.0,0.5,blca_l10_k01_wi01_leak01_beta01,0
AAAABAAB,likelihood_ration,A,1.30102999566,0,6,4,6,2,6,1.0,0.5,naive,1
AAAABAAB,likelihood_ration,A,1.30102999566,0,6,4,6,2,6,1.0,0.5,lba_k01_d01,1
AAAABAAB,likelihood_ration,A,1.30102999566,0,6,4,6,2,6,1.0,0.5,abscount,0
AABBAABA,information,N,,,,3,5,3,5,0.5,0.75,relcount,-1
AABBAABA,information,N,,,,3,5,3,5,0.5,0.75,snr,0
AABBAABA,information,N,,,,3,5,3,5,0.5,0.75,gating_g04,-1
AABBAABA,information,N,,,,3,5,3,5,0.5,0.75,blca_l10_k01_wi01_leak01_beta01,0
AABBAABA,information,N,,,,3,5,3,5,0.5,0.75,naive,0
AABBAABA,information,N,,,,3,5,3,5,0.5,0.75,lba_k01_d01,0
AABBAABA,information,N,,,,3,5,3,5,0.5,0.75,abscount,-1
AABBAABA,information,N,,,,3,5,3,5,0.5,0.75,likelihood_ration,-1
AABBAABA,naive,A,0.75,0,1,3,5,3,5,0.5,0.75,information,0
AABBAABA,naive,A,0.75,0,1,3,5,3,5,0.5,0.75,snr,0
AABBAABA,naive,A,0.75,0,1,3,5,3,5,0.5,0.75,relcount,0
AABBAABA,naive,A,0.75,0,1,3,5,3,5,0.5,0.75,blca_l10_k01_wi01_leak01_beta01,0
AABBAABA,naive,A,0.75,0,1,3,5,3,5,0.5,0.75,gating_g04,0
AABBAABA,naive,A,0.75,0,1,3,5,3,5,0.5,0.75,lba_k01_d01,1
AABBAABA,naive,A,0.75,0,1,3,5,3,5,0.5,0.75,abscount,0
AABBAABA,naive,A,0.75,0,1,3,5,3,5,0.5,0.75,likelihood_ration,0
AABBAABA,lba_k01_d01,A,0.8,0.1,7,3,5,3,5,0.5,0.75,information,0
AABBAABA,lba_k01_d01,A,0.8,0.1,7,3,5,3,5,0.5,0.75,relcount,0
AABBAABA,lba_k01_d01,A,0.8,0.1,7,3,5,3,5,0.5,0.75,snr,0
AABBAABA,lba_k01_d01,A,0.8,0.1,7,3,5,3,5,0.5,0.75,gating_g04,0
AABBAABA,lba_k01_d01,A,0.8,0.1,7,3,5,3,5,0.5,0.75,blca_l10_k01_wi01_leak01_beta01,0
AABBAABA,lba_k01_d01,A,0.8,0.1,7,3,5,3,5,0.5,0.75,naive,1
AABBAABA,lba_k01_d01,A,0.8,0.1,7,3,5,3,5,0.5,0.75,abscount,0
AABBAABA,lba_k01_d01,A,0.8,0.1,7,3,5,3,5,0.5,0.75,likelihood_ration,0
AABBAABA,abscount,N,,,,3,5,3,5,0.5,0.75,information,-1
AABBAABA,abscount,N,,,,3,5,3,5,0.5,0.75,snr,0
AABBAABA,abscount,N,,,,3,5,3,5,0.5,0.75,gating_g04,-1
AABBAABA,abscount,N,,,,3,5,3,5,0.5,0.75,blca_l10_k01_wi01_leak01_beta01,0
AABBAABA,abscount,N,,,,3,5,3,5,0.5,0.75,naive,0
AABBAABA,abscount,N,,,,3,5,3,5,0.5,0.75,lba_k01_d01,0
AABBAABA,abscount,N,,,,3,5,3,5,0.5,0.75,relcount,-1
AABBAABA,abscount,N,,,,3,5,3,5,0.5,0.75,likelihood_ration,-1
AABBAABA,snr,B,1.5,0.0,3,3,5,3,5,0.5,0.75,information,0
AABBAABA,snr,B,1.5,0.0,3,3,5,3,5,0.5,0.75,gating_g04,0
AABBAABA,snr,B,1.5,0.0,3,3,5,3,5,0.5,0.75,relcount,0
AABBAABA,snr,B,1.5,0.0,3,3,5,3,5,0.5,0.75,blca_l10_k01_wi01_leak01_beta01,1
AABBAABA,snr,B,1.5,0.0,3,3,5,3,5,0.5,0.75,naive,0
AABBAABA,snr,B,1.5,0.0,3,3,5,3,5,0.5,0.75,lba_k01_d01,0
AABBAABA,snr,B,1.5,0.0,3,3,5,3,5,0.5,0.75,abscount,0
AABBAABA,snr,B,1.5,0.0,3,3,5,3,5,0.5,0.75,likelihood_ration,0
AABBAABA,blca_l10_k01_wi01_leak01_beta01,B,1.98,-0.98,1,3,5,3,5,0.5,0.75,information,0
AABBAABA,blca_l10_k01_wi01_leak01_beta01,B,1.98,-0.98,1,3,5,3,5,0.5,0.75,snr,1
AABBAABA,blca_l10_k01_wi01_leak01_beta01,B,1.98,-0.98,1,3,5,3,5,0.5,0.75,relcount,0
AABBAABA,blca_l10_k01_wi01_leak01_beta01,B,1.98,-0.98,1,3,5,3,5,0.5,0.75,gating_g04,0
AABBAABA,blca_l10_k01_wi01_leak01_beta01,B,1.98,-0.98,1,3,5,3,5,0.5,0.75,naive,0
AABBAABA,blca_l10_k01_wi01_leak01_beta01,B,1.98,-0.98,1,3,5,3,5,0.5,0.75,lba_k01_d01,0
AABBAABA,blca_l10_k01_wi01_leak01_beta01,B,1.98,-0.98,1,3,5,3,5,0.5,0.75,abscount,0
AABBAABA,blca_l10_k01_wi01_leak01_beta01,B,1.98,-0.98,1,3,5,3,5,0.5,0.75,likelihood_ration,0
AABBAABA,gating_g04,N,,,,3,5,3,5,0.5,0.75,information,-1
AABBAABA,gating_g04,N,,,,3,5,3,5,0.5,0.75,snr,0
AABBAABA,gating_g04,N,,,,3,5,3,5,0.5,0.75,relcount,-1
AABBAABA,gating_g04,N,,,,3,5,3,5,0.5,0.75,blca_l10_k01_wi01_leak01_beta01,0
AABBAABA,gating_g04,N,,,,3,5,3,5,0.5,0.75,naive,0
AABBAABA,gating_g04,N,,,,3,5,3,5,0.5,0.75,lba_k01_d01,0
AABBAABA,gating_g04,N,,,,3,5,3,5,0.5,0.75,abscount,-1
AABBAABA,gating_g04,N,,,,3,5,3,5,0.5,0.75,likelihood_ration,-1
AABBAABA,relcount,N,,,,3,5,3,5,0.5,0.75,information,-1
AABBAABA,relcount,N,,,,3,5,3,5,0.5,0.75,snr,0
AABBAABA,relcount,N,,,,3,5,3,5,0.5,0.75,gating_g04,-1
AABBAABA,relcount,N,,,,3,5,3,5,0.5,0.75,blca_l10_k01_wi01_leak01_beta01,0
AABBAABA,relcount,N,,,,3,5,3,5,0.5,0.75,naive,0
AABBAABA,relcount,N,,,,3,5,3,5,0.5,0.75,lba_k01_d01,0
AABBAABA,relcount,N,,,,3,5,3,5,0.5,0.75,abscount,-1
AABBAABA,relcount,N,,,,3,5,3,5,0.5,0.75,likelihood_ration,-1
AABBAABA,likelihood_ration,N,,,,3,5,3,5,0.5,0.75,information,-1
AABBAABA,likelihood_ration,N,,,,3,5,3,5,0.5,0.75,relcount,-1
AABBAABA,likelihood_ration,N,,,,3,5,3,5,0.5,0.75,snr,0
AABBAABA,likelihood_ration,N,,,,3,5,3,5,0.5,0.75,gating_g04,-1
AABBAABA,likelihood_ration,N,,,,3,5,3,5,0.5,0.75,blca_l10_k01_wi01_leak01_beta01,0
AABBAABA,likelihood_ration,N,,,,3,5,3,5,0.5,0.75,naive,0
AABBAABA,likelihood_ration,N,,,,3,5,3,5,0.5,0.75,lba_k01_d01,0
AABBAABA,likelihood_ration,N,,,,3,5,3,5,0.5,0.75,abscount,-1
ABAAABBA,information,N,,,,3,5,3,5,0.75,0.5,relcount,-1
ABAAABBA,information,N,,,,3,5,3,5,0.75,0.5,snr,0
ABAAABBA,information,N,,,,3,5,3,5,0.75,0.5,gating_g04,-1
ABAAABBA,information,N,,,,3,5,3,5,0.75,0.5,blca_l10_k01_wi01_leak01_beta01,0
ABAAABBA,information,N,,,,3,5,3,5,0.75,0.5,naive,0
ABAAABBA,information,N,,,,3,5,3,5,0.75,0.5,lba_k01_d01,0
ABAAABBA,information,N,,,,3,5,3,5,0.75,0.5,abscount,-1
ABAAABBA,information,N,,,,3,5,3,5,0.75,0.5,likelihood_ration,0
ABAAABBA,naive,A,0.75,0,3,3,5,3,5,0.75,0.5,information,0
ABAAABBA,naive,A,0.75,0,3,3,5,3,5,0.75,0.5,snr,0
ABAAABBA,naive,A,0.75,0,3,3,5,3,5,0.75,0.5,relcount,0
ABAAABBA,naive,A,0.75,0,3,3,5,3,5,0.75,0.5,blca_l10_k01_wi01_leak01_beta01,0
ABAAABBA,naive,A,0.75,0,3,3,5,3,5,0.75,0.5,gating_g04,0
ABAAABBA,naive,A,0.75,0,3,3,5,3,5,0.75,0.5,lba_k01_d01,1
ABAAABBA,naive,A,0.75,0,3,3,5,3,5,0.75,0.5,abscount,0
ABAAABBA,naive,A,0.75,0,3,3,5,3,5,0.75,0.5,likelihood_ration,1
ABAAABBA,lba_k01_d01,A,0.8,0.1,7,3,5,3,5,0.75,0.5,information,0
ABAAABBA,lba_k01_d01,A,0.8,0.1,7,3,5,3,5,0.75,0.5,relcount,0
ABAAABBA,lba_k01_d01,A,0.8,0.1,7,3,5,3,5,0.75,0.5,snr,0
ABAAABBA,lba_k01_d01,A,0.8,0.1,7,3,5,3,5,0.75,0.5,gating_g04,0
ABAAABBA,lba_k01_d01,A,0.8,0.1,7,3,5,3,5,0.75,0.5,blca_l10_k01_wi01_leak01_beta01,0
ABAAABBA,lba_k01_d01,A,0.8,0.1,7,3,5,3,5,0.75,0.5,naive,1
ABAAABBA,lba_k01_d01,A,0.8,0.1,7,3,5,3,5,0.75,0.5,abscount,0
ABAAABBA,lba_k01_d01,A,0.8,0.1,7,3,5,3,5,0.75,0.5,likelihood_ration,1
ABAAABBA,abscount,N,,,,3,5,3,5,0.75,0.5,information,-1
ABAAABBA,abscount,N,,,,3,5,3,5,0.75,0.5,snr,0
ABAAABBA,abscount,N,,,,3,5,3,5,0.75,0.5,gating_g04,-1
ABAAABBA,abscount,N,,,,3,5,3,5,0.75,0.5,blca_l10_k01_wi01_leak01_beta01,0
ABAAABBA,abscount,N,,,,3,5,3,5,0.75,0.5,naive,0
ABAAABBA,abscount,N,,,,3,5,3,5,0.75,0.5,lba_k01_d01,0
ABAAABBA,abscount,N,,,,3,5,3,5,0.75,0.5,relcount,-1
ABAAABBA,abscount,N,,,,3,5,3,5,0.75,0.5,likelihood_ration,0
ABAAABBA,snr,B,2.0,0.0,2,3,5,3,5,0.75,0.5,information,0
ABAAABBA,snr,B,2.0,0.0,2,3,5,3,5,0.75,0.5,gating_g04,0
ABAAABBA,snr,B,2.0,0.0,2,3,5,3,5,0.75,0.5,relcount,0
ABAAABBA,snr,B,2.0,0.0,2,3,5,3,5,0.75,0.5,blca_l10_k01_wi01_leak01_beta01,1
ABAAABBA,snr,B,2.0,0.0,2,3,5,3,5,0.75,0.5,naive,0
ABAAABBA,snr,B,2.0,0.0,2,3,5,3,5,0.75,0.5,lba_k01_d01,0
ABAAABBA,snr,B,2.0,0.0,2,3,5,3,5,0.75,0.5,abscount,0
ABAAABBA,snr,B,2.0,0.0,2,3,5,3,5,0.75,0.5,likelihood_ration,0
ABAAABBA,blca_l10_k01_wi01_leak01_beta01,B,1.98,-0.98,1,3,5,3,5,0.75,0.5,information,0
ABAAABBA,blca_l10_k01_wi01_leak01_beta01,B,1.98,-0.98,1,3,5,3,5,0.75,0.5,snr,1
ABAAABBA,blca_l10_k01_wi01_leak01_beta01,B,1.98,-0.98,1,3,5,3,5,0.75,0.5,relcount,0
ABAAABBA,blca_l10_k01_wi01_leak01_beta01,B,1.98,-0.98,1,3,5,3,5,0.75,0.5,gating_g04,0
ABAAABBA,blca_l10_k01_wi01_leak01_beta01,B,1.98,-0.98,1,3,5,3,5,0.75,0.5,naive,0
ABAAABBA,blca_l10_k01_wi01_leak01_beta01,B,1.98,-0.98,1,3,5,3,5,0.75,0.5,lba_k01_d01,0
ABAAABBA,blca_l10_k01_wi01_leak01_beta01,B,1.98,-0.98,1,3,5,3,5,0.75,0.5,abscount,0
ABAAABBA,blca_l10_k01_wi01_leak01_beta01,B,1.98,-0.98,1,3,5,3,5,0.75,0.5,likelihood_ration,0
ABAAABBA,gating_g04,N,,,,3,5,3,5,0.75,0.5,information,-1
ABAAABBA,gating_g04,N,,,,3,5,3,5,0.75,0.5,snr,0
ABAAABBA,gating_g04,N,,,,3,5,3,5,0.75,0.5,relcount,-1
ABAAABBA,gating_g04,N,,,,3,5,3,5,0.75,0.5,blca_l10_k01_wi01_leak01_beta01,0
ABAAABBA,gating_g04,N,,,,3,5,3,5,0.75,0.5,naive,0
ABAAABBA,gating_g04,N,,,,3,5,3,5,0.75,0.5,lba_k01_d01,0
ABAAABBA,gating_g04,N,,,,3,5,3,5,0.75,0.5,abscount,-1
ABAAABBA,gating_g04,N,,,,3,5,3,5,0.75,0.5,likelihood_ration,0
ABAAABBA,relcount,N,,,,3,5,3,5,0.75,0.5,information,-1
ABAAABBA,relcount,N,,,,3,5,3,5,0.75,0.5,snr,0
ABAAABBA,relcount,N,,,,3,5,3,5,0.75,0.5,gating_g04,-1
ABAAABBA,relcount,N,,,,3,5,3,5,0.75,0.5,blca_l10_k01_wi01_leak01_beta01,0
ABAAABBA,relcount,N,,,,3,5,3,5,0.75,0.5,naive,0
ABAAABBA,relcount,N,,,,3,5,3,5,0.75,0.5,lba_k01_d01,0
ABAAABBA,relcount,N,,,,3,5,3,5,0.75,0.5,abscount,-1
ABAAABBA,relcount,N,,,,3,5,3,5,0.75,0.5,likelihood_ration,0
ABAAABBA,likelihood_ration,A,1.38021124171,0,5,3,5,3,5,0.75,0.5,information,0
ABAAABBA,likelihood_ration,A,1.38021124171,0,5,3,5,3,5,0.75,0.5,relcount,0
ABAAABBA,likelihood_ration,A,1.38021124171,0,5,3,5,3,5,0.75,0.5,snr,0
ABAAABBA,likelihood_ration,A,1.38021124171,0,5,3,5,3,5,0.75,0.5,gating_g04,0
ABAAABBA,likelihood_ration,A,1.38021124171,0,5,3,5,3,5,0.75,0.5,blca_l10_k01_wi01_leak01_beta01,0
ABAAABBA,likelihood_ration,A,1.38021124171,0,5,3,5,3,5,0.75,0.5,naive,1
ABAAABBA,likelihood_ration,A,1.38021124171,0,5,3,5,3,5,0.75,0.5,lba_k01_d01,1
ABAAABBA,likelihood_ration,A,1.38021124171,0,5,3,5,3,5,0.75,0.5,abscount,0
ABAAABBB,information,N,,,,2,4,4,4,0.75,0.75,relcount,-1
ABAAABBB,information,N,,,,2,4,4,4,0.75,0.75,snr,0
ABAAABBB,information,N,,,,2,4,4,4,0.75,0.75,gating_g04,-1
ABAAABBB,information,N,,,,2,4,4,4,0.75,0.75,blca_l10_k01_wi01_leak01_beta01,0
ABAAABBB,information,N,,,,2,4,4,4,0.75,0.75,naive,0
ABAAABBB,information,N,,,,2,4,4,4,0.75,0.75,lba_k01_d01,0
ABAAABBB,information,N,,,,2,4,4,4,0.75,0.75,abscount,-1
ABAAABBB,information,N,,,,2,4,4,4,0.75,0.75,likelihood_ration,0
ABAAABBB,naive,A,0.75,0,3,2,4,4,4,0.75,0.75,information,0
ABAAABBB,naive,A,0.75,0,3,2,4,4,4,0.75,0.75,snr,0
ABAAABBB,naive,A,0.75,0,3,2,4,4,4,0.75,0.75,relcount,0
ABAAABBB,naive,A,0.75,0,3,2,4,4,4,0.75,0.75,blca_l10_k01_wi01_leak01_beta01,0
ABAAABBB,naive,A,0.75,0,3,2,4,4,4,0.75,0.75,gating_g04,0
ABAAABBB,naive,A,0.75,0,3,2,4,4,4,0.75,0.75,lba_k01_d01,1
ABAAABBB,naive,A,0.75,0,3,2,4,4,4,0.75,0.75,abscount,0
ABAAABBB,naive,A,0.75,0,3,2,4,4,4,0.75,0.75,likelihood_ration,1
ABAAABBB,lba_k01_d01,A,0.8,0.1,7,2,4,4,4,0.75,0.75,information,0
ABAAABBB,lba_k01_d01,A,0.8,0.1,7,2,4,4,4,0.75,0.75,relcount,0
ABAAABBB,lba_k01_d01,A,0.8,0.1,7,2,4,4,4,0.75,0.75,snr,0
ABAAABBB,lba_k01_d01,A,0.8,0.1,7,2,4,4,4,0.75,0.75,gating_g04,0
ABAAABBB,lba_k01_d01,A,0.8,0.1,7,2,4,4,4,0.75,0.75,blca_l10_k01_wi01_leak01_beta01,0
ABAAABBB,lba_k01_d01,A,0.8,0.1,7,2,4,4,4,0.75,0.75,naive,1
ABAAABBB,lba_k01_d01,A,0.8,0.1,7,2,4,4,4,0.75,0.75,abscount,0
ABAAABBB,lba_k01_d01,A,0.8,0.1,7,2,4,4,4,0.75,0.75,likelihood_ration,1
ABAAABBB,abscount,N,,,,2,4,4,4,0.75,0.75,information,-1
ABAAABBB,abscount,N,,,,2,4,4,4,0.75,0.75,snr,0
ABAAABBB,abscount,N,,,,2,4,4,4,0.75,0.75,gating_g04,-1
ABAAABBB,abscount,N,,,,2,4,4,4,0.75,0.75,blca_l10_k01_wi01_leak01_beta01,0
ABAAABBB,abscount,N,,,,2,4,4,4,0.75,0.75,naive,0
ABAAABBB,abscount,N,,,,2,4,4,4,0.75,0.75,lba_k01_d01,0
ABAAABBB,abscount,N,,,,2,4,4,4,0.75,0.75,relcount,-1
ABAAABBB,abscount,N,,,,2,4,4,4,0.75,0.75,likelihood_ration,0
ABAAABBB,snr,B,2.0,0.0,2,2,4,4,4,0.75,0.75,information,0
ABAAABBB,snr,B,2.0,0.0,2,2,4,4,4,0.75,0.75,gating_g04,0
ABAAABBB,snr,B,2.0,0.0,2,2,4,4,4,0.75,0.75,relcount,0
ABAAABBB,snr,B,2.0,0.0,2,2,4,4,4,0.75,0.75,blca_l10_k01_wi01_leak01_beta01,1
ABAAABBB,snr,B,2.0,0.0,2,2,4,4,4,0.75,0.75,naive,0
ABAAABBB,snr,B,2.0,0.0,2,2,4,4,4,0.75,0.75,lba_k01_d01,0
ABAAABBB,snr,B,2.0,0.0,2,2,4,4,4,0.75,0.75,abscount,0
ABAAABBB,snr,B,2.0,0.0,2,2,4,4,4,0.75,0.75,likelihood_ration,0
ABAAABBB,blca_l10_k01_wi01_leak01_beta01,B,1.98,-0.98,1,2,4,4,4,0.75,0.75,information,0
ABAAABBB,blca_l10_k01_wi01_leak01_beta01,B,1.98,-0.98,1,2,4,4,4,0.75,0.75,snr,1
ABAAABBB,blca_l10_k01_wi01_leak01_beta01,B,1.98,-0.98,1,2,4,4,4,0.75,0.75,relcount,0
ABAAABBB,blca_l10_k01_wi01_leak01_beta01,B,1.98,-0.98,1,2,4,4,4,0.75,0.75,gating_g04,0
ABAAABBB,blca_l10_k01_wi01_leak01_beta01,B,1.98,-0.98,1,2,4,4,4,0.75,0.75,naive,0
ABAAABBB,blca_l10_k01_wi01_leak01_beta01,B,1.98,-0.98,1,2,4,4,4,0.75,0.75,lba_k01_d01,0
ABAAABBB,blca_l10_k01_wi01_leak01_beta01,B,1.98,-0.98,1,2,4,4,4,0.75,0.75,abscount,0
ABAAABBB,blca_l10_k01_wi01_leak01_beta01,B,1.98,-0.98,1,2,4,4,4,0.75,0.75,likelihood_ration,0
ABAAABBB,gating_g04,N,,,,2,4,4,4,0.75,0.75,information,-1
ABAAABBB,gating_g04,N,,,,2,4,4,4,0.75,0.75,snr,0
ABAAABBB,gating_g04,N,,,,2,4,4,4,0.75,0.75,relcount,-1
ABAAABBB,gating_g04,N,,,,2,4,4,4,0.75,0.75,blca_l10_k01_wi01_leak01_beta01,0
ABAAABBB,gating_g04,N,,,,2,4,4,4,0.75,0.75,naive,0
ABAAABBB,gating_g04,N,,,,2,4,4,4,0.75,0.75,lba_k01_d01,0
ABAAABBB,gating_g04,N,,,,2,4,4,4,0.75,0.75,abscount,-1
ABAAABBB,gating_g04,N,,,,2,4,4,4,0.75,0.75,likelihood_ration,0
ABAAABBB,relcount,N,,,,2,4,4,4,0.75,0.75,information,-1
ABAAABBB,relcount,N,,,,2,4,4,4,0.75,0.75,snr,0
ABAAABBB,relcount,N,,,,2,4,4,4,0.75,0.75,gating_g04,-1
ABAAABBB,relcount,N,,,,2,4,4,4,0.75,0.75,blca_l10_k01_wi01_leak01_beta01,0
ABAAABBB,relcount,N,,,,2,4,4,4,0.75,0.75,naive,0
ABAAABBB,relcount,N,,,,2,4,4,4,0.75,0.75,lba_k01_d01,0
ABAAABBB,relcount,N,,,,2,4,4,4,0.75,0.75,abscount,-1
ABAAABBB,relcount,N,,,,2,4,4,4,0.75,0.75,likelihood_ration,0
ABAAABBB,likelihood_ration,A,1.38021124171,0,5,2,4,4,4,0.75,0.75,information,0
ABAAABBB,likelihood_ration,A,1.38021124171,0,5,2,4,4,4,0.75,0.75,relcount,0
ABAAABBB,likelihood_ration,A,1.38021124171,0,5,2,4,4,4,0.75,0.75,snr,0
ABAAABBB,likelihood_ration,A,1.38021124171,0,5,2,4,4,4,0.75,0.75,gating_g04,0
ABAAABBB,likelihood_ration,A,1.38021124171,0,5,2,4,4,4,0.75,0.75,blca_l10_k01_wi01_leak01_beta01,0
ABAAABBB,likelihood_ration,A,1.38021124171,0,5,2,4,4,4,0.75,0.75,naive,1
ABAAABBB,likelihood_ration,A,1.38021124171,0,5,2,4,4,4,0.75,0.75,lba_k01_d01,1
ABAAABBB,likelihood_ration,A,1.38021124171,0,5,2,4,4,4,0.75,0.75,abscount,0
AABABAAA,information,A,1.125,0.375,8,2,6,2,6,0.75,0.75,relcount,0
AABABAAA,information,A,1.125,0.375,8,2,6,2,6,0.75,0.75,snr,0
AABABAAA,information,A,1.125,0.375,8,2,6,2,6,0.75,0.75,gating_g04,0
AABABAAA,information,A,1.125,0.375,8,2,6,2,6,0.75,0.75,blca_l10_k01_wi01_leak01_beta01,0
AABABAAA,information,A,1.125,0.375,8,2,6,2,6,0.75,0.75,naive,1
AABABAAA,information,A,1.125,0.375,8,2,6,2,6,0.75,0.75,lba_k01_d01,1
AABABAAA,information,A,1.125,0.375,8,2,6,2,6,0.75,0.75,abscount,0
AABABAAA,information,A,1.125,0.375,8,2,6,2,6,0.75,0.75,likelihood_ration,1
AABABAAA,naive,A,0.75,0,1,2,6,2,6,0.75,0.75,information,1
AABABAAA,naive,A,0.75,0,1,2,6,2,6,0.75,0.75,snr,0
AABABAAA,naive,A,0.75,0,1,2,6,2,6,0.75,0.75,relcount,0
AABABAAA,naive,A,0.75,0,1,2,6,2,6,0.75,0.75,blca_l10_k01_wi01_leak01_beta01,0
AABABAAA,naive,A,0.75,0,1,2,6,2,6,0.75,0.75,gating_g04,0
AABABAAA,naive,A,0.75,0,1,2,6,2,6,0.75,0.75,lba_k01_d01,1
AABABAAA,naive,A,0.75,0,1,2,6,2,6,0.75,0.75,abscount,0
AABABAAA,naive,A,0.75,0,1,2,6,2,6,0.75,0.75,likelihood_ration,1
AABABAAA,lba_k01_d01,A,0.8,0.1,7,2,6,2,6,0.75,0.75,information,1
AABABAAA,lba_k01_d01,A,0.8,0.1,7,2,6,2,6,0.75,0.75,relcount,0
AABABAAA,lba_k01_d01,A,0.8,0.1,7,2,6,2,6,0.75,0.75,snr,0
AABABAAA,lba_k01_d01,A,0.8,0.1,7,2,6,2,6,0.75,0.75,gating_g04,0
AABABAAA,lba_k01_d01,A,0.8,0.1,7,2,6,2,6,0.75,0.75,blca_l10_k01_wi01_leak01_beta01,0
AABABAAA,lba_k01_d01,A,0.8,0.1,7,2,6,2,6,0.75,0.75,naive,1
AABABAAA,lba_k01_d01,A,0.8,0.1,7,2,6,2,6,0.75,0.75,abscount,0
AABABAAA,lba_k01_d01,A,0.8,0.1,7,2,6,2,6,0.75,0.75,likelihood_ration,1
AABABAAA,abscount,N,,,,2,6,2,6,0.75,0.75,information,0
AABABAAA,abscount,N,,,,2,6,2,6,0.75,0.75,snr,0
AABABAAA,abscount,N,,,,2,6,2,6,0.75,0.75,gating_g04,-1
AABABAAA,abscount,N,,,,2,6,2,6,0.75,0.75,blca_l10_k01_wi01_leak01_beta01,0
AABABAAA,abscount,N,,,,2,6,2,6,0.75,0.75,naive,0
AABABAAA,abscount,N,,,,2,6,2,6,0.75,0.75,lba_k01_d01,0
AABABAAA,abscount,N,,,,2,6,2,6,0.75,0.75,relcount,-1
AABABAAA,abscount,N,,,,2,6,2,6,0.75,0.75,likelihood_ration,0
AABABAAA,snr,B,1.5,0.0,3,2,6,2,6,0.75,0.75,information,0
AABABAAA,snr,B,1.5,0.0,3,2,6,2,6,0.75,0.75,gating_g04,0
AABABAAA,snr,B,1.5,0.0,3,2,6,2,6,0.75,0.75,relcount,0
AABABAAA,snr,B,1.5,0.0,3,2,6,2,6,0.75,0.75,blca_l10_k01_wi01_leak01_beta01,1
AABABAAA,snr,B,1.5,0.0,3,2,6,2,6,0.75,0.75,naive,0
AABABAAA,snr,B,1.5,0.0,3,2,6,2,6,0.75,0.75,lba_k01_d01,0
AABABAAA,snr,B,1.5,0.0,3,2,6,2,6,0.75,0.75,abscount,0
AABABAAA,snr,B,1.5,0.0,3,2,6,2,6,0.75,0.75,likelihood_ration,0
AABABAAA,blca_l10_k01_wi01_leak01_beta01,B,1.98,-0.98,1,2,6,2,6,0.75,0.75,information,0
AABABAAA,blca_l10_k01_wi01_leak01_beta01,B,1.98,-0.98,1,2,6,2,6,0.75,0.75,snr,1
AABABAAA,blca_l10_k01_wi01_leak01_beta01,B,1.98,-0.98,1,2,6,2,6,0.75,0.75,relcount,0
AABABAAA,blca_l10_k01_wi01_leak01_beta01,B,1.98,-0.98,1,2,6,2,6,0.75,0.75,gating_g04,0
AABABAAA,blca_l10_k01_wi01_leak01_beta01,B,1.98,-0.98,1,2,6,2,6,0.75,0.75,naive,0
AABABAAA,blca_l10_k01_wi01_leak01_beta01,B,1.98,-0.98,1,2,6,2,6,0.75,0.75,lba_k01_d01,0
AABABAAA,blca_l10_k01_wi01_leak01_beta01,B,1.98,-0.98,1,2,6,2,6,0.75,0.75,abscount,0
AABABAAA,blca_l10_k01_wi01_leak01_beta01,B,1.98,-0.98,1,2,6,2,6,0.75,0.75,likelihood_ration,0
AABABAAA,gating_g04,N,,,,2,6,2,6,0.75,0.75,information,0
AABABAAA,gating_g04,N,,,,2,6,2,6,0.75,0.75,snr,0
AABABAAA,gating_g04,N,,,,2,6,2,6,0.75,0.75,relcount,-1
AABABAAA,gating_g04,N,,,,2,6,2,6,0.75,0.75,blca_l10_k01_wi01_leak01_beta01,0
AABABAAA,gating_g04,N,,,,2,6,2,6,0.75,0.75,naive,0
AABABAAA,gating_g04,N,,,,2,6,2,6,0.75,0.75,lba_k01_d01,0
AABABAAA,gating_g04,N,,,,2,6,2,6,0.75,0.75,abscount,-1
AABABAAA,gating_g04,N,,,,2,6,2,6,0.75,0.75,likelihood_ration,0
AABABAAA,relcount,N,,,,2,6,2,6,0.75,0.75,information,0
AABABAAA,relcount,N,,,,2,6,2,6,0.75,0.75,snr,0
AABABAAA,relcount,N,,,,2,6,2,6,0.75,0.75,gating_g04,-1
AABABAAA,relcount,N,,,,2,6,2,6,0.75,0.75,blca_l10_k01_wi01_leak01_beta01,0
AABABAAA,relcount,N,,,,2,6,2,6,0.75,0.75,naive,0
AABABAAA,relcount,N,,,,2,6,2,6,0.75,0.75,lba_k01_d01,0
AABABAAA,relcount,N,,,,2,6,2,6,0.75,0.75,abscount,-1
AABABAAA,relcount,N,,,,2,6,2,6,0.75,0.75,likelihood_ration,0
AABABAAA,likelihood_ration,A,1.65321251378,0,7,2,6,2,6,0.75,0.75,information,1
AABABAAA,likelihood_ration,A,1.65321251378,0,7,2,6,2,6,0.75,0.75,relcount,0
AABABAAA,likelihood_ration,A,1.65321251378,0,7,2,6,2,6,0.75,0.75,snr,0
AABABAAA,likelihood_ration,A,1.65321251378,0,7,2,6,2,6,0.75,0.75,gating_g04,0
AABABAAA,likelihood_ration,A,1.65321251378,0,7,2,6,2,6,0.75,0.75,blca_l10_k01_wi01_leak01_beta01,0
AABABAAA,likelihood_ration,A,1.65321251378,0,7,2,6,2,6,0.75,0.75,naive,1
AABABAAA,likelihood_ration,A,1.65321251378,0,7,2,6,2,6,0.75,0.75,lba_k01_d01,1
AABABAAA,likelihood_ration,A,1.65321251378,0,7,2,6,2,6,0.75,0.75,abscount,0
AABABAAB,information,N,,,,3,5,3,5,0.75,0.5,relcount,-1
AABABAAB,information,N,,,,3,5,3,5,0.75,0.5,snr,0
AABABAAB,information,N,,,,3,5,3,5,0.75,0.5,gating_g04,-1
AABABAAB,information,N,,,,3,5,3,5,0.75,0.5,blca_l10_k01_wi01_leak01_beta01,0
AABABAAB,information,N,,,,3,5,3,5,0.75,0.5,naive,0
AABABAAB,information,N,,,,3,5,3,5,0.75,0.5,lba_k01_d01,0
AABABAAB,information,N,,,,3,5,3,5,0.75,0.5,abscount,-1
AABABAAB,information,N,,,,3,5,3,5,0.75,0.5,likelihood_ration,0
AABABAAB,naive,A,0.75,0,1,3,5,3,5,0.75,0.5,information,0
AABABAAB,naive,A,0.75,0,1,3,5,3,5,0.75,0.5,snr,0
AABABAAB,naive,A,0.75,0,1,3,5,3,5,0.75,0.5,relcount,0
AABABAAB,naive,A,0.75,0,1,3,5,3,5,0.75,0.5,blca_l10_k01_wi01_leak01_beta01,0
AABABAAB,naive,A,0.75,0,1,3,5,3,5,0.75,0.5,gating_g04,0
AABABAAB,naive,A,0.75,0,1,3,5,3,5,0.75,0.5,lba_k01_d01,1
AABABAAB,naive,A,0.75,0,1,3,5,3,5,0.75,0.5,abscount,0
AABABAAB,naive,A,0.75,0,1,3,5,3,5,0.75,0.5,likelihood_ration,1
AABABAAB,lba_k01_d01,A,0.8,0.1,7,3,5,3,5,0.75,0.5,information,0
AABABAAB,lba_k01_d01,A,0.8,0.1,7,3,5,3,5,0.75,0.5,relcount,0
AABABAAB,lba_k01_d01,A,0.8,0.1,7,3,5,3,5,0.75,0.5,snr,0
AABABAAB,lba_k01_d01,A,0.8,0.1,7,3,5,3,5,0.75,0.5,gating_g04,0
AABABAAB,lba_k01_d01,A,0.8,0.1,7,3,5,3,5,0.75,0.5,blca_l10_k01_wi01_leak01_beta01,0
AABABAAB,lba_k01_d01,A,0.8,0.1,7,3,5,3,5,0.75,0.5,naive,1
AABABAAB,lba_k01_d01,A,0.8,0.1,7,3,5,3,5,0.75,0.5,abscount,0
AABABAAB,lba_k01_d01,A,0.8,0.1,7,3,5,3,5,0.75,0.5,likelihood_ration,1
AABABAAB,abscount,N,,,,3,5,3,5,0.75,0.5,information,-1
AABABAAB,abscount,N,,,,3,5,3,5,0.75,0.5,snr,0
AABABAAB,abscount,N,,,,3,5,3,5,0.75,0.5,gating_g04,-1
AABABAAB,abscount,N,,,,3,5,3,5,0.75,0.5,blca_l10_k01_wi01_leak01_beta01,0
AABABAAB,abscount,N,,,,3,5,3,5,0.75,0.5,naive,0
AABABAAB,abscount,N,,,,3,5,3,5,0.75,0.5,lba_k01_d01,0
AABABAAB,abscount,N,,,,3,5,3,5,0.75,0.5,relcount,-1
AABABAAB,abscount,N,,,,3,5,3,5,0.75,0.5,likelihood_ration,0
AABABAAB,snr,B,1.5,0.0,3,3,5,3,5,0.75,0.5,information,0
AABABAAB,snr,B,1.5,0.0,3,3,5,3,5,0.75,0.5,gating_g04,0
AABABAAB,snr,B,1.5,0.0,3,3,5,3,5,0.75,0.5,relcount,0
AABABAAB,snr,B,1.5,0.0,3,3,5,3,5,0.75,0.5,blca_l10_k01_wi01_leak01_beta01,1
AABABAAB,snr,B,1.5,0.0,3,3,5,3,5,0.75,0.5,naive,0
AABABAAB,snr,B,1.5,0.0,3,3,5,3,5,0.75,0.5,lba_k01_d01,0
AABABAAB,snr,B,1.5,0.0,3,3,5,3,5,0.75,0.5,abscount,0
AABABAAB,snr,B,1.5,0.0,3,3,5,3,5,0.75,0.5,likelihood_ration,0
AABABAAB,blca_l10_k01_wi01_leak01_beta01,B,1.98,-0.98,1,3,5,3,5,0.75,0.5,information,0
AABABAAB,blca_l10_k01_wi01_leak01_beta01,B,1.98,-0.98,1,3,5,3,5,0.75,0.5,snr,1
AABABAAB,blca_l10_k01_wi01_leak01_beta01,B,1.98,-0.98,1,3,5,3,5,0.75,0.5,relcount,0
AABABAAB,blca_l10_k01_wi01_leak01_beta01,B,1.98,-0.98,1,3,5,3,5,0.75,0.5,gating_g04,0
AABABAAB,blca_l10_k01_wi01_leak01_beta01,B,1.98,-0.98,1,3,5,3,5,0.75,0.5,naive,0
AABABAAB,blca_l10_k01_wi01_leak01_beta01,B,1.98,-0.98,1,3,5,3,5,0.75,0.5,lba_k01_d01,0
AABABAAB,blca_l10_k01_wi01_leak01_beta01,B,1.98,-0.98,1,3,5,3,5,0.75,0.5,abscount,0
AABABAAB,blca_l10_k01_wi01_leak01_beta01,B,1.98,-0.98,1,3,5,3,5,0.75,0.5,likelihood_ration,0
AABABAAB,gating_g04,N,,,,3,5,3,5,0.75,0.5,information,-1
AABABAAB,gating_g04,N,,,,3,5,3,5,0.75,0.5,snr,0
AABABAAB,gating_g04,N,,,,3,5,3,5,0.75,0.5,relcount,-1
AABABAAB,gating_g04,N,,,,3,5,3,5,0.75,0.5,blca_l10_k01_wi01_leak01_beta01,0
AABABAAB,gating_g04,N,,,,3,5,3,5,0.75,0.5,naive,0
AABABAAB,gating_g04,N,,,,3,5,3,5,0.75,0.5,lba_k01_d01,0
AABABAAB,gating_g04,N,,,,3,5,3,5,0.75,0.5,abscount,-1
AABABAAB,gating_g04,N,,,,3,5,3,5,0.75,0.5,likelihood_ration,0
AABABAAB,relcount,N,,,,3,5,3,5,0.75,0.5,information,-1
AABABAAB,relcount,N,,,,3,5,3,5,0.75,0.5,snr,0
AABABAAB,relcount,N,,,,3,5,3,5,0.75,0.5,gating_g04,-1
AABABAAB,relcount,N,,,,3,5,3,5,0.75,0.5,blca_l10_k01_wi01_leak01_beta01,0
AABABAAB,relcount,N,,,,3,5,3,5,0.75,0.5,naive,0
AABABAAB,relcount,N,,,,3,5,3,5,0.75,0.5,lba_k01_d01,0
AABABAAB,relcount,N,,,,3,5,3,5,0.75,0.5,abscount,-1
AABABAAB,relcount,N,,,,3,5,3,5,0.75,0.5,likelihood_ration,0
AABABAAB,likelihood_ration,A,1.65321251378,0,7,3,5,3,5,0.75,0.5,information,0
AABABAAB,likelihood_ration,A,1.65321251378,0,7,3,5,3,5,0.75,0.5,relcount,0
AABABAAB,likelihood_ration,A,1.65321251378,0,7,3,5,3,5,0.75,0.5,snr,0
AABABAAB,likelihood_ration,A,1.65321251378,0,7,3,5,3,5,0.75,0.5,gating_g04,0
AABABAAB,likelihood_ration,A,1.65321251378,0,7,3,5,3,5,0.75,0.5,blca_l10_k01_wi01_leak01_beta01,0
AABABAAB,likelihood_ration,A,1.65321251378,0,7,3,5,3,5,0.75,0.5,naive,1
AABABAAB,likelihood_ration,A,1.65321251378,0,7,3,5,3,5,0.75,0.5,lba_k01_d01,1
AABABAAB,likelihood_ration,A,1.65321251378,0,7,3,5,3,5,0.75,0.5,abscount,0
AAABBABB,information,N,,,,4,4,4,4,0.75,0.75,relcount,-1
AAABBABB,information,N,,,,4,4,4,4,0.75,0.75,snr,0
AAABBABB,information,N,,,,4,4,4,4,0.75,0.75,gating_g04,-1
AAABBABB,information,N,,,,4,4,4,4,0.75,0.75,blca_l10_k01_wi01_leak01_beta01,0
AAABBABB,information,N,,,,4,4,4,4,0.75,0.75,naive,0
AAABBABB,information,N,,,,4,4,4,4,0.75,0.75,lba_k01_d01,0
AAABBABB,information,N,,,,4,4,4,4,0.75,0.75,abscount,-1
AAABBABB,information,N,,,,4,4,4,4,0.75,0.75,likelihood_ration,-1
AAABBABB,naive,A,0.75,0,1,4,4,4,4,0.75,0.75,information,0
AAABBABB,naive,A,0.75,0,1,4,4,4,4,0.75,0.75,snr,0
AAABBABB,naive,A,0.75,0,1,4,4,4,4,0.75,0.75,relcount,0
AAABBABB,naive,A,0.75,0,1,4,4,4,4,0.75,0.75,blca_l10_k01_wi01_leak01_beta01,0
AAABBABB,naive,A,0.75,0,1,4,4,4,4,0.75,0.75,gating_g04,0
AAABBABB,naive,A,0.75,0,1,4,4,4,4,0.75,0.75,lba_k01_d01,1
AAABBABB,naive,A,0.75,0,1,4,4,4,4,0.75,0.75,abscount,0
AAABBABB,naive,A,0.75,0,1,4,4,4,4,0.75,0.75,likelihood_ration,0
AAABBABB,lba_k01_d01,A,0.8,0.1,7,4,4,4,4,0.75,0.75,information,0
AAABBABB,lba_k01_d01,A,0.8,0.1,7,4,4,4,4,0.75,0.75,relcount,0
AAABBABB,lba_k01_d01,A,0.8,0.1,7,4,4,4,4,0.75,0.75,snr,0
AAABBABB,lba_k01_d01,A,0.8,0.1,7,4,4,4,4,0.75,0.75,gating_g04,0
AAABBABB,lba_k01_d01,A,0.8,0.1,7,4,4,4,4,0.75,0.75,blca_l10_k01_wi01_leak01_beta01,0
AAABBABB,lba_k01_d01,A,0.8,0.1,7,4,4,4,4,0.75,0.75,naive,1
AAABBABB,lba_k01_d01,A,0.8,0.1,7,4,4,4,4,0.75,0.75,abscount,0
AAABBABB,lba_k01_d01,A,0.8,0.1,7,4,4,4,4,0.75,0.75,likelihood_ration,0
AAABBABB,abscount,N,,,,4,4,4,4,0.75,0.75,information,-1
AAABBABB,abscount,N,,,,4,4,4,4,0.75,0.75,snr,0
AAABBABB,abscount,N,,,,4,4,4,4,0.75,0.75,gating_g04,-1
AAABBABB,abscount,N,,,,4,4,4,4,0.75,0.75,blca_l10_k01_wi01_leak01_beta01,0
AAABBABB,abscount,N,,,,4,4,4,4,0.75,0.75,naive,0
AAABBABB,abscount,N,,,,4,4,4,4,0.75,0.75,lba_k01_d01,0
AAABBABB,abscount,N,,,,4,4,4,4,0.75,0.75,relcount,-1
AAABBABB,abscount,N,,,,4,4,4,4,0.75,0.75,likelihood_ration,-1
AAABBABB,snr,B,1.33333333333,0.0,4,4,4,4,4,0.75,0.75,information,0
AAABBABB,snr,B,1.33333333333,0.0,4,4,4,4,4,0.75,0.75,gating_g04,0
AAABBABB,snr,B,1.33333333333,0.0,4,4,4,4,4,0.75,0.75,relcount,0
AAABBABB,snr,B,1.33333333333,0.0,4,4,4,4,4,0.75,0.75,blca_l10_k01_wi01_leak01_beta01,1
AAABBABB,snr,B,1.33333333333,0.0,4,4,4,4,4,0.75,0.75,naive,0
AAABBABB,snr,B,1.33333333333,0.0,4,4,4,4,4,0.75,0.75,lba_k01_d01,0
AAABBABB,snr,B,1.33333333333,0.0,4,4,4,4,4,0.75,0.75,abscount,0
AAABBABB,snr,B,1.33333333333,0.0,4,4,4,4,4,0.75,0.75,likelihood_ration,0
AAABBABB,blca_l10_k01_wi01_leak01_beta01,B,1.98,-0.98,1,4,4,4,4,0.75,0.75,information,0
AAABBABB,blca_l10_k01_wi01_leak01_beta01,B,1.98,-0.98,1,4,4,4,4,0.75,0.75,snr,1
AAABBABB,blca_l10_k01_wi01_leak01_beta01,B,1.98,-0.98,1,4,4,4,4,0.75,0.75,relcount,0
AAABBABB,blca_l10_k01_wi01_leak01_beta01,B,1.98,-0.98,1,4,4,4,4,0.75,0.75,gating_g04,0
AAABBABB,blca_l10_k01_wi01_leak01_beta01,B,1.98,-0.98,1,4,4,4,4,0.75,0.75,naive,0
AAABBABB,blca_l10_k01_wi01_leak01_beta01,B,1.98,-0.98,1,4,4,4,4,0.75,0.75,lba_k01_d01,0
AAABBABB,blca_l10_k01_wi01_leak01_beta01,B,1.98,-0.98,1,4,4,4,4,0.75,0.75,abscount,0
AAABBABB,blca_l10_k01_wi01_leak01_beta01,B,1.98,-0.98,1,4,4,4,4,0.75,0.75,likelihood_ration,0
AAABBABB,gating_g04,N,,,,4,4,4,4,0.75,0.75,information,-1
AAABBABB,gating_g04,N,,,,4,4,4,4,0.75,0.75,snr,0
AAABBABB,gating_g04,N,,,,4,4,4,4,0.75,0.75,relcount,-1
AAABBABB,gating_g04,N,,,,4,4,4,4,0.75,0.75,blca_l10_k01_wi01_leak01_beta01,0
AAABBABB,gating_g04,N,,,,4,4,4,4,0.75,0.75,naive,0
AAABBABB,gating_g04,N,,,,4,4,4,4,0.75,0.75,lba_k01_d01,0
AAABBABB,gating_g04,N,,,,4,4,4,4,0.75,0.75,abscount,-1
AAABBABB,gating_g04,N,,,,4,4,4,4,0.75,0.75,likelihood_ration,-1
AAABBABB,relcount,N,,,,4,4,4,4,0.75,0.75,information,-1
AAABBABB,relcount,N,,,,4,4,4,4,0.75,0.75,snr,0
AAABBABB,relcount,N,,,,4,4,4,4,0.75,0.75,gating_g04,-1
AAABBABB,relcount,N,,,,4,4,4,4,0.75,0.75,blca_l10_k01_wi01_leak01_beta01,0
AAABBABB,relcount,N,,,,4,4,4,4,0.75,0.75,naive,0
AAABBABB,relcount,N,,,,4,4,4,4,0.75,0.75,lba_k01_d01,0
AAABBABB,relcount,N,,,,4,4,4,4,0.75,0.75,abscount,-1
AAABBABB,relcount,N,,,,4,4,4,4,0.75,0.75,likelihood_ration,-1
AAABBABB,likelihood_ration,N,,,,4,4,4,4,0.75,0.75,information,-1
AAABBABB,likelihood_ration,N,,,,4,4,4,4,0.75,0.75,relcount,-1
AAABBABB,likelihood_ration,N,,,,4,4,4,4,0.75,0.75,snr,0
AAABBABB,likelihood_ration,N,,,,4,4,4,4,0.75,0.75,gating_g04,-1
AAABBABB,likelihood_ration,N,,,,4,4,4,4,0.75,0.75,blca_l10_k01_wi01_leak01_beta01,0
AAABBABB,likelihood_ration,N,,,,4,4,4,4,0.75,0.75,naive,0
AAABBABB,likelihood_ration,N,,,,4,4,4,4,0.75,0.75,lba_k01_d01,0
AAABBABB,likelihood_ration,N,,,,4,4,4,4,0.75,0.75,abscount,-1
AAABABBA,information,N,,,,3,5,3,5,0.75,0.5,relcount,-1
AAABABBA,information,N,,,,3,5,3,5,0.75,0.5,snr,0
AAABABBA,information,N,,,,3,5,3,5,0.75,0.5,gating_g04,-1
AAABABBA,information,N,,,,3,5,3,5,0.75,0.5,blca_l10_k01_wi01_leak01_beta01,0
AAABABBA,information,N,,,,3,5,3,5,0.75,0.5,naive,0
AAABABBA,information,N,,,,3,5,3,5,0.75,0.5,lba_k01_d01,0
AAABABBA,information,N,,,,3,5,3,5,0.75,0.5,abscount,-1
AAABABBA,information,N,,,,3,5,3,5,0.75,0.5,likelihood_ration,0
AAABABBA,naive,A,0.75,0,1,3,5,3,5,0.75,0.5,information,0
AAABABBA,naive,A,0.75,0,1,3,5,3,5,0.75,0.5,snr,0
AAABABBA,naive,A,0.75,0,1,3,5,3,5,0.75,0.5,relcount,0
AAABABBA,naive,A,0.75,0,1,3,5,3,5,0.75,0.5,blca_l10_k01_wi01_leak01_beta01,0
AAABABBA,naive,A,0.75,0,1,3,5,3,5,0.75,0.5,gating_g04,0
AAABABBA,naive,A,0.75,0,1,3,5,3,5,0.75,0.5,lba_k01_d01,1
AAABABBA,naive,A,0.75,0,1,3,5,3,5,0.75,0.5,abscount,0
AAABABBA,naive,A,0.75,0,1,3,5,3,5,0.75,0.5,likelihood_ration,1
AAABABBA,lba_k01_d01,A,0.8,0.1,7,3,5,3,5,0.75,0.5,information,0
AAABABBA,lba_k01_d01,A,0.8,0.1,7,3,5,3,5,0.75,0.5,relcount,0
AAABABBA,lba_k01_d01,A,0.8,0.1,7,3,5,3,5,0.75,0.5,snr,0
AAABABBA,lba_k01_d01,A,0.8,0.1,7,3,5,3,5,0.75,0.5,gating_g04,0
AAABABBA,lba_k01_d01,A,0.8,0.1,7,3,5,3,5,0.75,0.5,blca_l10_k01_wi01_leak01_beta01,0
AAABABBA,lba_k01_d01,A,0.8,0.1,7,3,5,3,5,0.75,0.5,naive,1
AAABABBA,lba_k01_d01,A,0.8,0.1,7,3,5,3,5,0.75,0.5,abscount,0
AAABABBA,lba_k01_d01,A,0.8,0.1,7,3,5,3,5,0.75,0.5,likelihood_ration,1
AAABABBA,abscount,N,,,,3,5,3,5,0.75,0.5,information,-1
AAABABBA,abscount,N,,,,3,5,3,5,0.75,0.5,snr,0
AAABABBA,abscount,N,,,,3,5,3,5,0.75,0.5,gating_g04,-1
AAABABBA,abscount,N,,,,3,5,3,5,0.75,0.5,blca_l10_k01_wi01_leak01_beta01,0
AAABABBA,abscount,N,,,,3,5,3,5,0.75,0.5,naive,0
AAABABBA,abscount,N,,,,3,5,3,5,0.75,0.5,lba_k01_d01,0
AAABABBA,abscount,N,,,,3,5,3,5,0.75,0.5,relcount,-1
AAABABBA,abscount,N,,,,3,5,3,5,0.75,0.5,likelihood_ration,0
AAABABBA,snr,B,1.33333333333,0.0,4,3,5,3,5,0.75,0.5,information,0
AAABABBA,snr,B,1.33333333333,0.0,4,3,5,3,5,0.75,0.5,gating_g04,0
AAABABBA,snr,B,1.33333333333,0.0,4,3,5,3,5,0.75,0.5,relcount,0
AAABABBA,snr,B,1.33333333333,0.0,4,3,5,3,5,0.75,0.5,blca_l10_k01_wi01_leak01_beta01,1
AAABABBA,snr,B,1.33333333333,0.0,4,3,5,3,5,0.75,0.5,naive,0
AAABABBA,snr,B,1.33333333333,0.0,4,3,5,3,5,0.75,0.5,lba_k01_d01,0
AAABABBA,snr,B,1.33333333333,0.0,4,3,5,3,5,0.75,0.5,abscount,0
AAABABBA,snr,B,1.33333333333,0.0,4,3,5,3,5,0.75,0.5,likelihood_ration,0
AAABABBA,blca_l10_k01_wi01_leak01_beta01,B,1.98,-0.98,1,3,5,3,5,0.75,0.5,information,0
AAABABBA,blca_l10_k01_wi01_leak01_beta01,B,1.98,-0.98,1,3,5,3,5,0.75,0.5,snr,1
AAABABBA,blca_l10_k01_wi01_leak01_beta01,B,1.98,-0.98,1,3,5,3,5,0.75,0.5,relcount,0
AAABABBA,blca_l10_k01_wi01_leak01_beta01,B,1.98,-0.98,1,3,5,3,5,0.75,0.5,gating_g04,0
AAABABBA,blca_l10_k01_wi01_leak01_beta01,B,1.98,-0.98,1,3,5,3,5,0.75,0.5,naive,0
AAABABBA,blca_l10_k01_wi01_leak01_beta01,B,1.98,-0.98,1,3,5,3,5,0.75,0.5,lba_k01_d01,0
AAABABBA,blca_l10_k01_wi01_leak01_beta01,B,1.98,-0.98,1,3,5,3,5,0.75,0.5,abscount,0
AAABABBA,blca_l10_k01_wi01_leak01_beta01,B,1.98,-0.98,1,3,5,3,5,0.75,0.5,likelihood_ration,0
AAABABBA,gating_g04,N,,,,3,5,3,5,0.75,0.5,information,-1
AAABABBA,gating_g04,N,,,,3,5,3,5,0.75,0.5,snr,0
AAABABBA,gating_g04,N,,,,3,5,3,5,0.75,0.5,relcount,-1
AAABABBA,gating_g04,N,,,,3,5,3,5,0.75,0.5,blca_l10_k01_wi01_leak01_beta01,0
AAABABBA,gating_g04,N,,,,3,5,3,5,0.75,0.5,naive,0
AAABABBA,gating_g04,N,,,,3,5,3,5,0.75,0.5,lba_k01_d01,0
AAABABBA,gating_g04,N,,,,3,5,3,5,0.75,0.5,abscount,-1
AAABABBA,gating_g04,N,,,,3,5,3,5,0.75,0.5,likelihood_ration,0
AAABABBA,relcount,N,,,,3,5,3,5,0.75,0.5,information,-1
AAABABBA,relcount,N,,,,3,5,3,5,0.75,0.5,snr,0
AAABABBA,relcount,N,,,,3,5,3,5,0.75,0.5,gating_g04,-1
AAABABBA,relcount,N,,,,3,5,3,5,0.75,0.5,blca_l10_k01_wi01_leak01_beta01,0
AAABABBA,relcount,N,,,,3,5,3,5,0.75,0.5,naive,0
AAABABBA,relcount,N,,,,3,5,3,5,0.75,0.5,lba_k01_d01,0
AAABABBA,relcount,N,,,,3,5,3,5,0.75,0.5,abscount,-1
AAABABBA,relcount,N,,,,3,5,3,5,0.75,0.5,likelihood_ration,0
AAABABBA,likelihood_ration,A,1.38021124171,0,6,3,5,3,5,0.75,0.5,information,0
AAABABBA,likelihood_ration,A,1.38021124171,0,6,3,5,3,5,0.75,0.5,relcount,0
AAABABBA,likelihood_ration,A,1.38021124171,0,6,3,5,3,5,0.75,0.5,snr,0
AAABABBA,likelihood_ration,A,1.38021124171,0,6,3,5,3,5,0.75,0.5,gating_g04,0
AAABABBA,likelihood_ration,A,1.38021124171,0,6,3,5,3,5,0.75,0.5,blca_l10_k01_wi01_leak01_beta01,0
AAABABBA,likelihood_ration,A,1.38021124171,0,6,3,5,3,5,0.75,0.5,naive,1
AAABABBA,likelihood_ration,A,1.38021124171,0,6,3,5,3,5,0.75,0.5,lba_k01_d01,1
AAABABBA,likelihood_ration,A,1.38021124171,0,6,3,5,3,5,0.75,0.5,abscount,0
AAABABBB,information,N,,,,2,4,4,4,0.75,0.75,relcount,-1
AAABABBB,information,N,,,,2,4,4,4,0.75,0.75,snr,0
AAABABBB,information,N,,,,2,4,4,4,0.75,0.75,gating_g04,-1
AAABABBB,information,N,,,,2,4,4,4,0.75,0.75,blca_l10_k01_wi01_leak01_beta01,0
AAABABBB,information,N,,,,2,4,4,4,0.75,0.75,naive,0
AAABABBB,information,N,,,,2,4,4,4,0.75,0.75,lba_k01_d01,0
AAABABBB,information,N,,,,2,4,4,4,0.75,0.75,abscount,-1
AAABABBB,information,N,,,,2,4,4,4,0.75,0.75,likelihood_ration,0
AAABABBB,naive,A,0.75,0,1,2,4,4,4,0.75,0.75,information,0
AAABABBB,naive,A,0.75,0,1,2,4,4,4,0.75,0.75,snr,0
AAABABBB,naive,A,0.75,0,1,2,4,4,4,0.75,0.75,relcount,0
AAABABBB,naive,A,0.75,0,1,2,4,4,4,0.75,0.75,blca_l10_k01_wi01_leak01_beta01,0
AAABABBB,naive,A,0.75,0,1,2,4,4,4,0.75,0.75,gating_g04,0
AAABABBB,naive,A,0.75,0,1,2,4,4,4,0.75,0.75,lba_k01_d01,1
AAABABBB,naive,A,0.75,0,1,2,4,4,4,0.75,0.75,abscount,0
AAABABBB,naive,A,0.75,0,1,2,4,4,4,0.75,0.75,likelihood_ration,1
AAABABBB,lba_k01_d01,A,0.8,0.1,7,2,4,4,4,0.75,0.75,information,0
AAABABBB,lba_k01_d01,A,0.8,0.1,7,2,4,4,4,0.75,0.75,relcount,0
AAABABBB,lba_k01_d01,A,0.8,0.1,7,2,4,4,4,0.75,0.75,snr,0
AAABABBB,lba_k01_d01,A,0.8,0.1,7,2,4,4,4,0.75,0.75,gating_g04,0
AAABABBB,lba_k01_d01,A,0.8,0.1,7,2,4,4,4,0.75,0.75,blca_l10_k01_wi01_leak01_beta01,0
AAABABBB,lba_k01_d01,A,0.8,0.1,7,2,4,4,4,0.75,0.75,naive,1
AAABABBB,lba_k01_d01,A,0.8,0.1,7,2,4,4,4,0.75,0.75,abscount,0
AAABABBB,lba_k01_d01,A,0.8,0.1,7,2,4,4,4,0.75,0.75,likelihood_ration,1
AAABABBB,abscount,N,,,,2,4,4,4,0.75,0.75,information,-1
AAABABBB,abscount,N,,,,2,4,4,4,0.75,0.75,snr,0
AAABABBB,abscount,N,,,,2,4,4,4,0.75,0.75,gating_g04,-1
AAABABBB,abscount,N,,,,2,4,4,4,0.75,0.75,blca_l10_k01_wi01_leak01_beta01,0
AAABABBB,abscount,N,,,,2,4,4,4,0.75,0.75,naive,0
AAABABBB,abscount,N,,,,2,4,4,4,0.75,0.75,lba_k01_d01,0
AAABABBB,abscount,N,,,,2,4,4,4,0.75,0.75,relcount,-1
AAABABBB,abscount,N,,,,2,4,4,4,0.75,0.75,likelihood_ration,0
AAABABBB,snr,B,1.33333333333,0.0,4,2,4,4,4,0.75,0.75,information,0
AAABABBB,snr,B,1.33333333333,0.0,4,2,4,4,4,0.75,0.75,gating_g04,0
AAABABBB,snr,B,1.33333333333,0.0,4,2,4,4,4,0.75,0.75,relcount,0
AAABABBB,snr,B,1.33333333333,0.0,4,2,4,4,4,0.75,0.75,blca_l10_k01_wi01_leak01_beta01,1
AAABABBB,snr,B,1.33333333333,0.0,4,2,4,4,4,0.75,0.75,naive,0
AAABABBB,snr,B,1.33333333333,0.0,4,2,4,4,4,0.75,0.75,lba_k01_d01,0
AAABABBB,snr,B,1.33333333333,0.0,4,2,4,4,4,0.75,0.75,abscount,0
AAABABBB,snr,B,1.33333333333,0.0,4,2,4,4,4,0.75,0.75,likelihood_ration,0
AAABABBB,blca_l10_k01_wi01_leak01_beta01,B,1.98,-0.98,1,2,4,4,4,0.75,0.75,information,0
AAABABBB,blca_l10_k01_wi01_leak01_beta01,B,1.98,-0.98,1,2,4,4,4,0.75,0.75,snr,1
AAABABBB,blca_l10_k01_wi01_leak01_beta01,B,1.98,-0.98,1,2,4,4,4,0.75,0.75,relcount,0
AAABABBB,blca_l10_k01_wi01_leak01_beta01,B,1.98,-0.98,1,2,4,4,4,0.75,0.75,gating_g04,0
AAABABBB,blca_l10_k01_wi01_leak01_beta01,B,1.98,-0.98,1,2,4,4,4,0.75,0.75,naive,0
AAABABBB,blca_l10_k01_wi01_leak01_beta01,B,1.98,-0.98,1,2,4,4,4,0.75,0.75,lba_k01_d01,0
AAABABBB,blca_l10_k01_wi01_leak01_beta01,B,1.98,-0.98,1,2,4,4,4,0.75,0.75,abscount,0
AAABABBB,blca_l10_k01_wi01_leak01_beta01,B,1.98,-0.98,1,2,4,4,4,0.75,0.75,likelihood_ration,0
AAABABBB,gating_g04,N,,,,2,4,4,4,0.75,0.75,information,-1
AAABABBB,gating_g04,N,,,,2,4,4,4,0.75,0.75,snr,0
AAABABBB,gating_g04,N,,,,2,4,4,4,0.75,0.75,relcount,-1
AAABABBB,gating_g04,N,,,,2,4,4,4,0.75,0.75,blca_l10_k01_wi01_leak01_beta01,0
AAABABBB,gating_g04,N,,,,2,4,4,4,0.75,0.75,naive,0
AAABABBB,gating_g04,N,,,,2,4,4,4,0.75,0.75,lba_k01_d01,0
AAABABBB,gating_g04,N,,,,2,4,4,4,0.75,0.75,abscount,-1
AAABABBB,gating_g04,N,,,,2,4,4,4,0.75,0.75,likelihood_ration,0
AAABABBB,relcount,N,,,,2,4,4,4,0.75,0.75,information,-1
AAABABBB,relcount,N,,,,2,4,4,4,0.75,0.75,snr,0
AAABABBB,relcount,N,,,,2,4,4,4,0.75,0.75,gating_g04,-1
AAABABBB,relcount,N,,,,2,4,4,4,0.75,0.75,blca_l10_k01_wi01_leak01_beta01,0
AAABABBB,relcount,N,,,,2,4,4,4,0.75,0.75,naive,0
AAABABBB,relcount,N,,,,2,4,4,4,0.75,0.75,lba_k01_d01,0
AAABABBB,relcount,N,,,,2,4,4,4,0.75,0.75,abscount,-1
AAABABBB,relcount,N,,,,2,4,4,4,0.75,0.75,likelihood_ration,0
AAABABBB,likelihood_ration,A,1.38021124171,0,6,2,4,4,4,0.75,0.75,information,0
AAABABBB,likelihood_ration,A,1.38021124171,0,6,2,4,4,4,0.75,0.75,relcount,0
AAABABBB,likelihood_ration,A,1.38021124171,0,6,2,4,4,4,0.75,0.75,snr,0
AAABABBB,likelihood_ration,A,1.38021124171,0,6,2,4,4,4,0.75,0.75,gating_g04,0
AAABABBB,likelihood_ration,A,1.38021124171,0,6,2,4,4,4,0.75,0.75,blca_l10_k01_wi01_leak01_beta01,0
AAABABBB,likelihood_ration,A,1.38021124171,0,6,2,4,4,4,0.75,0.75,naive,1
AAABABBB,likelihood_ration,A,1.38021124171,0,6,2,4,4,4,0.75,0.75,lba_k01_d01,1
AAABABBB,likelihood_ration,A,1.38021124171,0,6,2,4,4,4,0.75,0.75,abscount,0
AAABBABA,information,N,,,,3,5,3,5,0.75,0.5,relcount,-1
AAABBABA,information,N,,,,3,5,3,5,0.75,0.5,snr,0
AAABBABA,information,N,,,,3,5,3,5,0.75,0.5,gating_g04,-1
AAABBABA,information,N,,,,3,5,3,5,0.75,0.5,blca_l10_k01_wi01_leak01_beta01,0
AAABBABA,information,N,,,,3,5,3,5,0.75,0.5,naive,0
AAABBABA,information,N,,,,3,5,3,5,0.75,0.5,lba_k01_d01,0
AAABBABA,information,N,,,,3,5,3,5,0.75,0.5,abscount,-1
AAABBABA,information,N,,,,3,5,3,5,0.75,0.5,likelihood_ration,0
AAABBABA,naive,A,0.75,0,1,3,5,3,5,0.75,0.5,information,0
AAABBABA,naive,A,0.75,0,1,3,5,3,5,0.75,0.5,snr,0
AAABBABA,naive,A,0.75,0,1,3,5,3,5,0.75,0.5,relcount,0
AAABBABA,naive,A,0.75,0,1,3,5,3,5,0.75,0.5,blca_l10_k01_wi01_leak01_beta01,0
AAABBABA,naive,A,0.75,0,1,3,5,3,5,0.75,0.5,gating_g04,0
AAABBABA,naive,A,0.75,0,1,3,5,3,5,0.75,0.5,lba_k01_d01,1
AAABBABA,naive,A,0.75,0,1,3,5,3,5,0.75,0.5,abscount,0
AAABBABA,naive,A,0.75,0,1,3,5,3,5,0.75,0.5,likelihood_ration,1
AAABBABA,lba_k01_d01,A,0.8,0.1,7,3,5,3,5,0.75,0.5,information,0
AAABBABA,lba_k01_d01,A,0.8,0.1,7,3,5,3,5,0.75,0.5,relcount,0
AAABBABA,lba_k01_d01,A,0.8,0.1,7,3,5,3,5,0.75,0.5,snr,0
AAABBABA,lba_k01_d01,A,0.8,0.1,7,3,5,3,5,0.75,0.5,gating_g04,0
AAABBABA,lba_k01_d01,A,0.8,0.1,7,3,5,3,5,0.75,0.5,blca_l10_k01_wi01_leak01_beta01,0
AAABBABA,lba_k01_d01,A,0.8,0.1,7,3,5,3,5,0.75,0.5,naive,1
AAABBABA,lba_k01_d01,A,0.8,0.1,7,3,5,3,5,0.75,0.5,abscount,0
AAABBABA,lba_k01_d01,A,0.8,0.1,7,3,5,3,5,0.75,0.5,likelihood_ration,1
AAABBABA,abscount,N,,,,3,5,3,5,0.75,0.5,information,-1
AAABBABA,abscount,N,,,,3,5,3,5,0.75,0.5,snr,0
AAABBABA,abscount,N,,,,3,5,3,5,0.75,0.5,gating_g04,-1
AAABBABA,abscount,N,,,,3,5,3,5,0.75,0.5,blca_l10_k01_wi01_leak01_beta01,0
AAABBABA,abscount,N,,,,3,5,3,5,0.75,0.5,naive,0
AAABBABA,abscount,N,,,,3,5,3,5,0.75,0.5,lba_k01_d01,0
AAABBABA,abscount,N,,,,3,5,3,5,0.75,0.5,relcount,-1
AAABBABA,abscount,N,,,,3,5,3,5,0.75,0.5,likelihood_ration,0
AAABBABA,snr,B,1.33333333333,0.0,4,3,5,3,5,0.75,0.5,information,0
AAABBABA,snr,B,1.33333333333,0.0,4,3,5,3,5,0.75,0.5,gating_g04,0
AAABBABA,snr,B,1.33333333333,0.0,4,3,5,3,5,0.75,0.5,relcount,0
AAABBABA,snr,B,1.33333333333,0.0,4,3,5,3,5,0.75,0.5,blca_l10_k01_wi01_leak01_beta01,1
AAABBABA,snr,B,1.33333333333,0.0,4,3,5,3,5,0.75,0.5,naive,0
AAABBABA,snr,B,1.33333333333,0.0,4,3,5,3,5,0.75,0.5,lba_k01_d01,0
AAABBABA,snr,B,1.33333333333,0.0,4,3,5,3,5,0.75,0.5,abscount,0
AAABBABA,snr,B,1.33333333333,0.0,4,3,5,3,5,0.75,0.5,likelihood_ration,0
AAABBABA,blca_l10_k01_wi01_leak01_beta01,B,1.98,-0.98,1,3,5,3,5,0.75,0.5,information,0
AAABBABA,blca_l10_k01_wi01_leak01_beta01,B,1.98,-0.98,1,3,5,3,5,0.75,0.5,snr,1
AAABBABA,blca_l10_k01_wi01_leak01_beta01,B,1.98,-0.98,1,3,5,3,5,0.75,0.5,relcount,0
AAABBABA,blca_l10_k01_wi01_leak01_beta01,B,1.98,-0.98,1,3,5,3,5,0.75,0.5,gating_g04,0
AAABBABA,blca_l10_k01_wi01_leak01_beta01,B,1.98,-0.98,1,3,5,3,5,0.75,0.5,naive,0
AAABBABA,blca_l10_k01_wi01_leak01_beta01,B,1.98,-0.98,1,3,5,3,5,0.75,0.5,lba_k01_d01,0
AAABBABA,blca_l10_k01_wi01_leak01_beta01,B,1.98,-0.98,1,3,5,3,5,0.75,0.5,abscount,0
AAABBABA,blca_l10_k01_wi01_leak01_beta01,B,1.98,-0.98,1,3,5,3,5,0.75,0.5,likelihood_ration,0
AAABBABA,gating_g04,N,,,,3,5,3,5,0.75,0.5,information,-1
AAABBABA,gating_g04,N,,,,3,5,3,5,0.75,0.5,snr,0
AAABBABA,gating_g04,N,,,,3,5,3,5,0.75,0.5,relcount,-1
AAABBABA,gating_g04,N,,,,3,5,3,5,0.75,0.5,blca_l10_k01_wi01_leak01_beta01,0
AAABBABA,gating_g04,N,,,,3,5,3,5,0.75,0.5,naive,0
AAABBABA,gating_g04,N,,,,3,5,3,5,0.75,0.5,lba_k01_d01,0
AAABBABA,gating_g04,N,,,,3,5,3,5,0.75,0.5,abscount,-1
AAABBABA,gating_g04,N,,,,3,5,3,5,0.75,0.5,likelihood_ration,0
AAABBABA,relcount,N,,,,3,5,3,5,0.75,0.5,information,-1
AAABBABA,relcount,N,,,,3,5,3,5,0.75,0.5,snr,0
AAABBABA,relcount,N,,,,3,5,3,5,0.75,0.5,gating_g04,-1
AAABBABA,relcount,N,,,,3,5,3,5,0.75,0.5,blca_l10_k01_wi01_leak01_beta01,0
AAABBABA,relcount,N,,,,3,5,3,5,0.75,0.5,naive,0
AAABBABA,relcount,N,,,,3,5,3,5,0.75,0.5,lba_k01_d01,0
AAABBABA,relcount,N,,,,3,5,3,5,0.75,0.5,abscount,-1
AAABBABA,relcount,N,,,,3,5,3,5,0.75,0.5,likelihood_ration,0
AAABBABA,likelihood_ration,A,1.30102999566,0,8,3,5,3,5,0.75,0.5,information,0
AAABBABA,likelihood_ration,A,1.30102999566,0,8,3,5,3,5,0.75,0.5,relcount,0
AAABBABA,likelihood_ration,A,1.30102999566,0,8,3,5,3,5,0.75,0.5,snr,0
AAABBABA,likelihood_ration,A,1.30102999566,0,8,3,5,3,5,0.75,0.5,gating_g04,0
AAABBABA,likelihood_ration,A,1.30102999566,0,8,3,5,3,5,0.75,0.5,blca_l10_k01_wi01_leak01_beta01,0
AAABBABA,likelihood_ration,A,1.30102999566,0,8,3,5,3,5,0.75,0.5,naive,1
AAABBABA,likelihood_ration,A,1.30102999566,0,8,3,5,3,5,0.75,0.5,lba_k01_d01,1
AAABBABA,likelihood_ration,A,1.30102999566,0,8,3,5,3,5,0.75,0.5,abscount,0
ABBBAAAA,information,N,,,,3,5,3,5,0.75,1.0,relcount,-1
ABBBAAAA,information,N,,,,3,5,3,5,0.75,1.0,snr,0
ABBBAAAA,information,N,,,,3,5,3,5,0.75,1.0,gating_g04,-1
ABBBAAAA,information,N,,,,3,5,3,5,0.75,1.0,blca_l10_k01_wi01_leak01_beta01,0
ABBBAAAA,information,N,,,,3,5,3,5,0.75,1.0,naive,0
ABBBAAAA,information,N,,,,3,5,3,5,0.75,1.0,lba_k01_d01,0
ABBBAAAA,information,N,,,,3,5,3,5,0.75,1.0,abscount,-1
ABBBAAAA,information,N,,,,3,5,3,5,0.75,1.0,likelihood_ration,-1
ABBBAAAA,naive,B,0.75,0,2,3,5,3,5,0.75,1.0,information,0
ABBBAAAA,naive,B,0.75,0,2,3,5,3,5,0.75,1.0,snr,1
ABBBAAAA,naive,B,0.75,0,2,3,5,3,5,0.75,1.0,relcount,0
ABBBAAAA,naive,B,0.75,0,2,3,5,3,5,0.75,1.0,blca_l10_k01_wi01_leak01_beta01,1
ABBBAAAA,naive,B,0.75,0,2,3,5,3,5,0.75,1.0,gating_g04,0
ABBBAAAA,naive,B,0.75,0,2,3,5,3,5,0.75,1.0,lba_k01_d01,0
ABBBAAAA,naive,B,0.75,0,2,3,5,3,5,0.75,1.0,abscount,0
ABBBAAAA,naive,B,0.75,0,2,3,5,3,5,0.75,1.0,likelihood_ration,0
ABBBAAAA,lba_k01_d01,A,0.8,0.1,7,3,5,3,5,0.75,1.0,information,0
ABBBAAAA,lba_k01_d01,A,0.8,0.1,7,3,5,3,5,0.75,1.0,relcount,0
ABBBAAAA,lba_k01_d01,A,0.8,0.1,7,3,5,3,5,0.75,1.0,snr,0
ABBBAAAA,lba_k01_d01,A,0.8,0.1,7,3,5,3,5,0.75,1.0,gating_g04,0
ABBBAAAA,lba_k01_d01,A,0.8,0.1,7,3,5,3,5,0.75,1.0,blca_l10_k01_wi01_leak01_beta01,0
ABBBAAAA,lba_k01_d01,A,0.8,0.1,7,3,5,3,5,0.75,1.0,naive,0
ABBBAAAA,lba_k01_d01,A,0.8,0.1,7,3,5,3,5,0.75,1.0,abscount,0
ABBBAAAA,lba_k01_d01,A,0.8,0.1,7,3,5,3,5,0.75,1.0,likelihood_ration,0
ABBBAAAA,abscount,N,,,,3,5,3,5,0.75,1.0,information,-1
ABBBAAAA,abscount,N,,,,3,5,3,5,0.75,1.0,snr,0
ABBBAAAA,abscount,N,,,,3,5,3,5,0.75,1.0,gating_g04,-1
ABBBAAAA,abscount,N,,,,3,5,3,5,0.75,1.0,blca_l10_k01_wi01_leak01_beta01,0
ABBBAAAA,abscount,N,,,,3,5,3,5,0.75,1.0,naive,0
ABBBAAAA,abscount,N,,,,3,5,3,5,0.75,1.0,lba_k01_d01,0
ABBBAAAA,abscount,N,,,,3,5,3,5,0.75,1.0,relcount,-1
ABBBAAAA,abscount,N,,,,3,5,3,5,0.75,1.0,likelihood_ration,-1
ABBBAAAA,snr,B,2.0,0.0,2,3,5,3,5,0.75,1.0,information,0
ABBBAAAA,snr,B,2.0,0.0,2,3,5,3,5,0.75,1.0,gating_g04,0
ABBBAAAA,snr,B,2.0,0.0,2,3,5,3,5,0.75,1.0,relcount,0
ABBBAAAA,snr,B,2.0,0.0,2,3,5,3,5,0.75,1.0,blca_l10_k01_wi01_leak01_beta01,1
ABBBAAAA,snr,B,2.0,0.0,2,3,5,3,5,0.75,1.0,naive,1
ABBBAAAA,snr,B,2.0,0.0,2,3,5,3,5,0.75,1.0,lba_k01_d01,0
ABBBAAAA,snr,B,2.0,0.0,2,3,5,3,5,0.75,1.0,abscount,0
ABBBAAAA,snr,B,2.0,0.0,2,3,5,3,5,0.75,1.0,likelihood_ration,0
ABBBAAAA,blca_l10_k01_wi01_leak01_beta01,B,1.98,-0.98,1,3,5,3,5,0.75,1.0,information,0
ABBBAAAA,blca_l10_k01_wi01_leak01_beta01,B,1.98,-0.98,1,3,5,3,5,0.75,1.0,snr,1
ABBBAAAA,blca_l10_k01_wi01_leak01_beta01,B,1.98,-0.98,1,3,5,3,5,0.75,1.0,relcount,0
ABBBAAAA,blca_l10_k01_wi01_leak01_beta01,B,1.98,-0.98,1,3,5,3,5,0.75,1.0,gating_g04,0
ABBBAAAA,blca_l10_k01_wi01_leak01_beta01,B,1.98,-0.98,1,3,5,3,5,0.75,1.0,naive,1
ABBBAAAA,blca_l10_k01_wi01_leak01_beta01,B,1.98,-0.98,1,3,5,3,5,0.75,1.0,lba_k01_d01,0
ABBBAAAA,blca_l10_k01_wi01_leak01_beta01,B,1.98,-0.98,1,3,5,3,5,0.75,1.0,abscount,0
ABBBAAAA,blca_l10_k01_wi01_leak01_beta01,B,1.98,-0.98,1,3,5,3,5,0.75,1.0,likelihood_ration,0
ABBBAAAA,gating_g04,N,,,,3,5,3,5,0.75,1.0,information,-1
ABBBAAAA,gating_g04,N,,,,3,5,3,5,0.75,1.0,snr,0
ABBBAAAA,gating_g04,N,,,,3,5,3,5,0.75,1.0,relcount,-1
ABBBAAAA,gating_g04,N,,,,3,5,3,5,0.75,1.0,blca_l10_k01_wi01_leak01_beta01,0
ABBBAAAA,gating_g04,N,,,,3,5,3,5,0.75,1.0,naive,0
ABBBAAAA,gating_g04,N,,,,3,5,3,5,0.75,1.0,lba_k01_d01,0
ABBBAAAA,gating_g04,N,,,,3,5,3,5,0.75,1.0,abscount,-1
ABBBAAAA,gating_g04,N,,,,3,5,3,5,0.75,1.0,likelihood_ration,-1
ABBBAAAA,relcount,N,,,,3,5,3,5,0.75,1.0,information,-1
ABBBAAAA,relcount,N,,,,3,5,3,5,0.75,1.0,snr,0
ABBBAAAA,relcount,N,,,,3,5,3,5,0.75,1.0,gating_g04,-1
ABBBAAAA,relcount,N,,,,3,5,3,5,0.75,1.0,blca_l10_k01_wi01_leak01_beta01,0
ABBBAAAA,relcount,N,,,,3,5,3,5,0.75,1.0,naive,0
ABBBAAAA,relcount,N,,,,3,5,3,5,0.75,1.0,lba_k01_d01,0
ABBBAAAA,relcount,N,,,,3,5,3,5,0.75,1.0,abscount,-1
ABBBAAAA,relcount,N,,,,3,5,3,5,0.75,1.0,likelihood_ration,-1
ABBBAAAA,likelihood_ration,N,,,,3,5,3,5,0.75,1.0,information,-1
ABBBAAAA,likelihood_ration,N,,,,3,5,3,5,0.75,1.0,relcount,-1
ABBBAAAA,likelihood_ration,N,,,,3,5,3,5,0.75,1.0,snr,0
ABBBAAAA,likelihood_ration,N,,,,3,5,3,5,0.75,1.0,gating_g04,-1
ABBBAAAA,likelihood_ration,N,,,,3,5,3,5,0.75,1.0,blca_l10_k01_wi01_leak01_beta01,0
ABBBAAAA,likelihood_ration,N,,,,3,5,3,5,0.75,1.0,naive,0
ABBBAAAA,likelihood_ration,N,,,,3,5,3,5,0.75,1.0,lba_k01_d01,0
ABBBAAAA,likelihood_ration,N,,,,3,5,3,5,0.75,1.0,abscount,-1
ABBBAAAB,information,N,,,,2,4,4,4,0.75,0.75,relcount,-1
ABBBAAAB,information,N,,,,2,4,4,4,0.75,0.75,snr,0
ABBBAAAB,information,N,,,,2,4,4,4,0.75,0.75,gating_g04,-1
ABBBAAAB,information,N,,,,2,4,4,4,0.75,0.75,blca_l10_k01_wi01_leak01_beta01,0
ABBBAAAB,information,N,,,,2,4,4,4,0.75,0.75,naive,0
ABBBAAAB,information,N,,,,2,4,4,4,0.75,0.75,lba_k01_d01,0
ABBBAAAB,information,N,,,,2,4,4,4,0.75,0.75,abscount,-1
ABBBAAAB,information,N,,,,2,4,4,4,0.75,0.75,likelihood_ration,-1
ABBBAAAB,naive,B,0.75,0,2,2,4,4,4,0.75,0.75,information,0
ABBBAAAB,naive,B,0.75,0,2,2,4,4,4,0.75,0.75,snr,1
ABBBAAAB,naive,B,0.75,0,2,2,4,4,4,0.75,0.75,relcount,0
ABBBAAAB,naive,B,0.75,0,2,2,4,4,4,0.75,0.75,blca_l10_k01_wi01_leak01_beta01,1
ABBBAAAB,naive,B,0.75,0,2,2,4,4,4,0.75,0.75,gating_g04,0
ABBBAAAB,naive,B,0.75,0,2,2,4,4,4,0.75,0.75,lba_k01_d01,0
ABBBAAAB,naive,B,0.75,0,2,2,4,4,4,0.75,0.75,abscount,0
ABBBAAAB,naive,B,0.75,0,2,2,4,4,4,0.75,0.75,likelihood_ration,0
ABBBAAAB,lba_k01_d01,A,0.8,0.1,7,2,4,4,4,0.75,0.75,information,0
ABBBAAAB,lba_k01_d01,A,0.8,0.1,7,2,4,4,4,0.75,0.75,relcount,0
ABBBAAAB,lba_k01_d01,A,0.8,0.1,7,2,4,4,4,0.75,0.75,snr,0
ABBBAAAB,lba_k01_d01,A,0.8,0.1,7,2,4,4,4,0.75,0.75,gating_g04,0
ABBBAAAB,lba_k01_d01,A,0.8,0.1,7,2,4,4,4,0.75,0.75,blca_l10_k01_wi01_leak01_beta01,0
ABBBAAAB,lba_k01_d01,A,0.8,0.1,7,2,4,4,4,0.75,0.75,naive,0
ABBBAAAB,lba_k01_d01,A,0.8,0.1,7,2,4,4,4,0.75,0.75,abscount,0
ABBBAAAB,lba_k01_d01,A,0.8,0.1,7,2,4,4,4,0.75,0.75,likelihood_ration,0
ABBBAAAB,abscount,N,,,,2,4,4,4,0.75,0.75,information,-1
ABBBAAAB,abscount,N,,,,2,4,4,4,0.75,0.75,snr,0
ABBBAAAB,abscount,N,,,,2,4,4,4,0.75,0.75,gating_g04,-1
ABBBAAAB,abscount,N,,,,2,4,4,4,0.75,0.75,blca_l10_k01_wi01_leak01_beta01,0
ABBBAAAB,abscount,N,,,,2,4,4,4,0.75,0.75,naive,0
ABBBAAAB,abscount,N,,,,2,4,4,4,0.75,0.75,lba_k01_d01,0
ABBBAAAB,abscount,N,,,,2,4,4,4,0.75,0.75,relcount,-1
ABBBAAAB,abscount,N,,,,2,4,4,4,0.75,0.75,likelihood_ration,-1
ABBBAAAB,snr,B,2.0,0.0,2,2,4,4,4,0.75,0.75,information,0
ABBBAAAB,snr,B,2.0,0.0,2,2,4,4,4,0.75,0.75,gating_g04,0
ABBBAAAB,snr,B,2.0,0.0,2,2,4,4,4,0.75,0.75,relcount,0
ABBBAAAB,snr,B,2.0,0.0,2,2,4,4,4,0.75,0.75,blca_l10_k01_wi01_leak01_beta01,1
ABBBAAAB,snr,B,2.0,0.0,2,2,4,4,4,0.75,0.75,naive,1
ABBBAAAB,snr,B,2.0,0.0,2,2,4,4,4,0.75,0.75,lba_k01_d01,0
ABBBAAAB,snr,B,2.0,0.0,2,2,4,4,4,0.75,0.75,abscount,0
ABBBAAAB,snr,B,2.0,0.0,2,2,4,4,4,0.75,0.75,likelihood_ration,0
ABBBAAAB,blca_l10_k01_wi01_leak01_beta01,B,1.98,-0.98,1,2,4,4,4,0.75,0.75,information,0
ABBBAAAB,blca_l10_k01_wi01_leak01_beta01,B,1.98,-0.98,1,2,4,4,4,0.75,0.75,snr,1
ABBBAAAB,blca_l10_k01_wi01_leak01_beta01,B,1.98,-0.98,1,2,4,4,4,0.75,0.75,relcount,0
ABBBAAAB,blca_l10_k01_wi01_leak01_beta01,B,1.98,-0.98,1,2,4,4,4,0.75,0.75,gating_g04,0
ABBBAAAB,blca_l10_k01_wi01_leak01_beta01,B,1.98,-0.98,1,2,4,4,4,0.75,0.75,naive,1
ABBBAAAB,blca_l10_k01_wi01_leak01_beta01,B,1.98,-0.98,1,2,4,4,4,0.75,0.75,lba_k01_d01,0
ABBBAAAB,blca_l10_k01_wi01_leak01_beta01,B,1.98,-0.98,1,2,4,4,4,0.75,0.75,abscount,0
ABBBAAAB,blca_l10_k01_wi01_leak01_beta01,B,1.98,-0.98,1,2,4,4,4,0.75,0.75,likelihood_ration,0
ABBBAAAB,gating_g04,N,,,,2,4,4,4,0.75,0.75,information,-1
ABBBAAAB,gating_g04,N,,,,2,4,4,4,0.75,0.75,snr,0
ABBBAAAB,gating_g04,N,,,,2,4,4,4,0.75,0.75,relcount,-1
ABBBAAAB,gating_g04,N,,,,2,4,4,4,0.75,0.75,blca_l10_k01_wi01_leak01_beta01,0
ABBBAAAB,gating_g04,N,,,,2,4,4,4,0.75,0.75,naive,0
ABBBAAAB,gating_g04,N,,,,2,4,4,4,0.75,0.75,lba_k01_d01,0
ABBBAAAB,gating_g04,N,,,,2,4,4,4,0.75,0.75,abscount,-1
ABBBAAAB,gating_g04,N,,,,2,4,4,4,0.75,0.75,likelihood_ration,-1
ABBBAAAB,relcount,N,,,,2,4,4,4,0.75,0.75,information,-1
ABBBAAAB,relcount,N,,,,2,4,4,4,0.75,0.75,snr,0
ABBBAAAB,relcount,N,,,,2,4,4,4,0.75,0.75,gating_g04,-1
ABBBAAAB,relcount,N,,,,2,4,4,4,0.75,0.75,blca_l10_k01_wi01_leak01_beta01,0
ABBBAAAB,relcount,N,,,,2,4,4,4,0.75,0.75,naive,0
ABBBAAAB,relcount,N,,,,2,4,4,4,0.75,0.75,lba_k01_d01,0
ABBBAAAB,relcount,N,,,,2,4,4,4,0.75,0.75,abscount,-1
ABBBAAAB,relcount,N,,,,2,4,4,4,0.75,0.75,likelihood_ration,-1
ABBBAAAB,likelihood_ration,N,,,,2,4,4,4,0.75,0.75,information,-1
ABBBAAAB,likelihood_ration,N,,,,2,4,4,4,0.75,0.75,relcount,-1
ABBBAAAB,likelihood_ration,N,,,,2,4,4,4,0.75,0.75,snr,0
ABBBAAAB,likelihood_ration,N,,,,2,4,4,4,0.75,0.75,gating_g04,-1
ABBBAAAB,likelihood_ration,N,,,,2,4,4,4,0.75,0.75,blca_l10_k01_wi01_leak01_beta01,0
ABBBAAAB,likelihood_ration,N,,,,2,4,4,4,0.75,0.75,naive,0
ABBBAAAB,likelihood_ration,N,,,,2,4,4,4,0.75,0.75,lba_k01_d01,0
ABBBAAAB,likelihood_ration,N,,,,2,4,4,4,0.75,0.75,abscount,-1
ABBAABAA,information,N,,,,3,5,3,5,0.5,0.75,relcount,-1
ABBAABAA,information,N,,,,3,5,3,5,0.5,0.75,snr,0
ABBAABAA,information,N,,,,3,5,3,5,0.5,0.75,gating_g04,-1
ABBAABAA,information,N,,,,3,5,3,5,0.5,0.75,blca_l10_k01_wi01_leak01_beta01,0
ABBAABAA,information,N,,,,3,5,3,5,0.5,0.75,naive,0
ABBAABAA,information,N,,,,3,5,3,5,0.5,0.75,lba_k01_d01,0
ABBAABAA,information,N,,,,3,5,3,5,0.5,0.75,abscount,-1
ABBAABAA,information,N,,,,3,5,3,5,0.5,0.75,likelihood_ration,-1
ABBAABAA,naive,B,0.75,0,2,3,5,3,5,0.5,0.75,information,0
ABBAABAA,naive,B,0.75,0,2,3,5,3,5,0.5,0.75,snr,1
ABBAABAA,naive,B,0.75,0,2,3,5,3,5,0.5,0.75,relcount,0
ABBAABAA,naive,B,0.75,0,2,3,5,3,5,0.5,0.75,blca_l10_k01_wi01_leak01_beta01,1
ABBAABAA,naive,B,0.75,0,2,3,5,3,5,0.5,0.75,gating_g04,0
ABBAABAA,naive,B,0.75,0,2,3,5,3,5,0.5,0.75,lba_k01_d01,0
ABBAABAA,naive,B,0.75,0,2,3,5,3,5,0.5,0.75,abscount,0
ABBAABAA,naive,B,0.75,0,2,3,5,3,5,0.5,0.75,likelihood_ration,0
ABBAABAA,lba_k01_d01,A,0.8,0.1,7,3,5,3,5,0.5,0.75,information,0
ABBAABAA,lba_k01_d01,A,0.8,0.1,7,3,5,3,5,0.5,0.75,relcount,0
ABBAABAA,lba_k01_d01,A,0.8,0.1,7,3,5,3,5,0.5,0.75,snr,0
ABBAABAA,lba_k01_d01,A,0.8,0.1,7,3,5,3,5,0.5,0.75,gating_g04,0
ABBAABAA,lba_k01_d01,A,0.8,0.1,7,3,5,3,5,0.5,0.75,blca_l10_k01_wi01_leak01_beta01,0
ABBAABAA,lba_k01_d01,A,0.8,0.1,7,3,5,3,5,0.5,0.75,naive,0
ABBAABAA,lba_k01_d01,A,0.8,0.1,7,3,5,3,5,0.5,0.75,abscount,0
ABBAABAA,lba_k01_d01,A,0.8,0.1,7,3,5,3,5,0.5,0.75,likelihood_ration,0
ABBAABAA,abscount,N,,,,3,5,3,5,0.5,0.75,information,-1
ABBAABAA,abscount,N,,,,3,5,3,5,0.5,0.75,snr,0
ABBAABAA,abscount,N,,,,3,5,3,5,0.5,0.75,gating_g04,-1
ABBAABAA,abscount,N,,,,3,5,3,5,0.5,0.75,blca_l10_k01_wi01_leak01_beta01,0
ABBAABAA,abscount,N,,,,3,5,3,5,0.5,0.75,naive,0
ABBAABAA,abscount,N,,,,3,5,3,5,0.5,0.75,lba_k01_d01,0
ABBAABAA,abscount,N,,,,3,5,3,5,0.5,0.75,relcount,-1
ABBAABAA,abscount,N,,,,3,5,3,5,0.5,0.75,likelihood_ration,-1
ABBAABAA,snr,B,2.0,0.0,2,3,5,3,5,0.5,0.75,information,0
ABBAABAA,snr,B,2.0,0.0,2,3,5,3,5,0.5,0.75,gating_g04,0
ABBAABAA,snr,B,2.0,0.0,2,3,5,3,5,0.5,0.75,relcount,0
ABBAABAA,snr,B,2.0,0.0,2,3,5,3,5,0.5,0.75,blca_l10_k01_wi01_leak01_beta01,1
ABBAABAA,snr,B,2.0,0.0,2,3,5,3,5,0.5,0.75,naive,1
ABBAABAA,snr,B,2.0,0.0,2,3,5,3,5,0.5,0.75,lba_k01_d01,0
ABBAABAA,snr,B,2.0,0.0,2,3,5,3,5,0.5,0.75,abscount,0
ABBAABAA,snr,B,2.0,0.0,2,3,5,3,5,0.5,0.75,likelihood_ration,0
ABBAABAA,blca_l10_k01_wi01_leak01_beta01,B,1.98,-0.98,1,3,5,3,5,0.5,0.75,information,0
ABBAABAA,blca_l10_k01_wi01_leak01_beta01,B,1.98,-0.98,1,3,5,3,5,0.5,0.75,snr,1
ABBAABAA,blca_l10_k01_wi01_leak01_beta01,B,1.98,-0.98,1,3,5,3,5,0.5,0.75,relcount,0
ABBAABAA,blca_l10_k01_wi01_leak01_beta01,B,1.98,-0.98,1,3,5,3,5,0.5,0.75,gating_g04,0
ABBAABAA,blca_l10_k01_wi01_leak01_beta01,B,1.98,-0.98,1,3,5,3,5,0.5,0.75,naive,1
ABBAABAA,blca_l10_k01_wi01_leak01_beta01,B,1.98,-0.98,1,3,5,3,5,0.5,0.75,lba_k01_d01,0
ABBAABAA,blca_l10_k01_wi01_leak01_beta01,B,1.98,-0.98,1,3,5,3,5,0.5,0.75,abscount,0
ABBAABAA,blca_l10_k01_wi01_leak01_beta01,B,1.98,-0.98,1,3,5,3,5,0.5,0.75,likelihood_ration,0
ABBAABAA,gating_g04,N,,,,3,5,3,5,0.5,0.75,information,-1
ABBAABAA,gating_g04,N,,,,3,5,3,5,0.5,0.75,snr,0
ABBAABAA,gating_g04,N,,,,3,5,3,5,0.5,0.75,relcount,-1
ABBAABAA,gating_g04,N,,,,3,5,3,5,0.5,0.75,blca_l10_k01_wi01_leak01_beta01,0
ABBAABAA,gating_g04,N,,,,3,5,3,5,0.5,0.75,naive,0
ABBAABAA,gating_g04,N,,,,3,5,3,5,0.5,0.75,lba_k01_d01,0
ABBAABAA,gating_g04,N,,,,3,5,3,5,0.5,0.75,abscount,-1
ABBAABAA,gating_g04,N,,,,3,5,3,5,0.5,0.75,likelihood_ration,-1
ABBAABAA,relcount,N,,,,3,5,3,5,0.5,0.75,information,-1
ABBAABAA,relcount,N,,,,3,5,3,5,0.5,0.75,snr,0
ABBAABAA,relcount,N,,,,3,5,3,5,0.5,0.75,gating_g04,-1
ABBAABAA,relcount,N,,,,3,5,3,5,0.5,0.75,blca_l10_k01_wi01_leak01_beta01,0
ABBAABAA,relcount,N,,,,3,5,3,5,0.5,0.75,naive,0
ABBAABAA,relcount,N,,,,3,5,3,5,0.5,0.75,lba_k01_d01,0
ABBAABAA,relcount,N,,,,3,5,3,5,0.5,0.75,abscount,-1
ABBAABAA,relcount,N,,,,3,5,3,5,0.5,0.75,likelihood_ration,-1
ABBAABAA,likelihood_ration,N,,,,3,5,3,5,0.5,0.75,information,-1
ABBAABAA,likelihood_ration,N,,,,3,5,3,5,0.5,0.75,relcount,-1
ABBAABAA,likelihood_ration,N,,,,3,5,3,5,0.5,0.75,snr,0
ABBAABAA,likelihood_ration,N,,,,3,5,3,5,0.5,0.75,gating_g04,-1
ABBAABAA,likelihood_ration,N,,,,3,5,3,5,0.5,0.75,blca_l10_k01_wi01_leak01_beta01,0
ABBAABAA,likelihood_ration,N,,,,3,5,3,5,0.5,0.75,naive,0
ABBAABAA,likelihood_ration,N,,,,3,5,3,5,0.5,0.75,lba_k01_d01,0
ABBAABAA,likelihood_ration,N,,,,3,5,3,5,0.5,0.75,abscount,-1
ABBAABAB,information,N,,,,2,4,4,4,0.5,0.5,relcount,-1
ABBAABAB,information,N,,,,2,4,4,4,0.5,0.5,snr,0
ABBAABAB,information,N,,,,2,4,4,4,0.5,0.5,gating_g04,-1
ABBAABAB,information,N,,,,2,4,4,4,0.5,0.5,blca_l10_k01_wi01_leak01_beta01,0
ABBAABAB,information,N,,,,2,4,4,4,0.5,0.5,naive,0
ABBAABAB,information,N,,,,2,4,4,4,0.5,0.5,lba_k01_d01,0
ABBAABAB,information,N,,,,2,4,4,4,0.5,0.5,abscount,-1
ABBAABAB,information,N,,,,2,4,4,4,0.5,0.5,likelihood_ration,-1
ABBAABAB,naive,B,0.75,0,2,2,4,4,4,0.5,0.5,information,0
ABBAABAB,naive,B,0.75,0,2,2,4,4,4,0.5,0.5,snr,1
ABBAABAB,naive,B,0.75,0,2,2,4,4,4,0.5,0.5,relcount,0
ABBAABAB,naive,B,0.75,0,2,2,4,4,4,0.5,0.5,blca_l10_k01_wi01_leak01_beta01,1
ABBAABAB,naive,B,0.75,0,2,2,4,4,4,0.5,0.5,gating_g04,0
ABBAABAB,naive,B,0.75,0,2,2,4,4,4,0.5,0.5,lba_k01_d01,0
ABBAABAB,naive,B,0.75,0,2,2,4,4,4,0.5,0.5,abscount,0
ABBAABAB,naive,B,0.75,0,2,2,4,4,4,0.5,0.5,likelihood_ration,0
ABBAABAB,lba_k01_d01,A,0.8,0.1,7,2,4,4,4,0.5,0.5,information,0
ABBAABAB,lba_k01_d01,A,0.8,0.1,7,2,4,4,4,0.5,0.5,relcount,0
ABBAABAB,lba_k01_d01,A,0.8,0.1,7,2,4,4,4,0.5,0.5,snr,0
ABBAABAB,lba_k01_d01,A,0.8,0.1,7,2,4,4,4,0.5,0.5,gating_g04,0
ABBAABAB,lba_k01_d01,A,0.8,0.1,7,2,4,4,4,0.5,0.5,blca_l10_k01_wi01_leak01_beta01,0
ABBAABAB,lba_k01_d01,A,0.8,0.1,7,2,4,4,4,0.5,0.5,naive,0
ABBAABAB,lba_k01_d01,A,0.8,0.1,7,2,4,4,4,0.5,0.5,abscount,0
ABBAABAB,lba_k01_d01,A,0.8,0.1,7,2,4,4,4,0.5,0.5,likelihood_ration,0
ABBAABAB,abscount,N,,,,2,4,4,4,0.5,0.5,information,-1
ABBAABAB,abscount,N,,,,2,4,4,4,0.5,0.5,snr,0
ABBAABAB,abscount,N,,,,2,4,4,4,0.5,0.5,gating_g04,-1
ABBAABAB,abscount,N,,,,2,4,4,4,0.5,0.5,blca_l10_k01_wi01_leak01_beta01,0
ABBAABAB,abscount,N,,,,2,4,4,4,0.5,0.5,naive,0
ABBAABAB,abscount,N,,,,2,4,4,4,0.5,0.5,lba_k01_d01,0
ABBAABAB,abscount,N,,,,2,4,4,4,0.5,0.5,relcount,-1
ABBAABAB,abscount,N,,,,2,4,4,4,0.5,0.5,likelihood_ration,-1
ABBAABAB,snr,B,2.0,0.0,2,2,4,4,4,0.5,0.5,information,0
ABBAABAB,snr,B,2.0,0.0,2,2,4,4,4,0.5,0.5,gating_g04,0
ABBAABAB,snr,B,2.0,0.0,2,2,4,4,4,0.5,0.5,relcount,0
ABBAABAB,snr,B,2.0,0.0,2,2,4,4,4,0.5,0.5,blca_l10_k01_wi01_leak01_beta01,1
ABBAABAB,snr,B,2.0,0.0,2,2,4,4,4,0.5,0.5,naive,1
ABBAABAB,snr,B,2.0,0.0,2,2,4,4,4,0.5,0.5,lba_k01_d01,0
ABBAABAB,snr,B,2.0,0.0,2,2,4,4,4,0.5,0.5,abscount,0
ABBAABAB,snr,B,2.0,0.0,2,2,4,4,4,0.5,0.5,likelihood_ration,0
ABBAABAB,blca_l10_k01_wi01_leak01_beta01,B,1.98,-0.98,1,2,4,4,4,0.5,0.5,information,0
ABBAABAB,blca_l10_k01_wi01_leak01_beta01,B,1.98,-0.98,1,2,4,4,4,0.5,0.5,snr,1
ABBAABAB,blca_l10_k01_wi01_leak01_beta01,B,1.98,-0.98,1,2,4,4,4,0.5,0.5,relcount,0
ABBAABAB,blca_l10_k01_wi01_leak01_beta01,B,1.98,-0.98,1,2,4,4,4,0.5,0.5,gating_g04,0
ABBAABAB,blca_l10_k01_wi01_leak01_beta01,B,1.98,-0.98,1,2,4,4,4,0.5,0.5,naive,1
ABBAABAB,blca_l10_k01_wi01_leak01_beta01,B,1.98,-0.98,1,2,4,4,4,0.5,0.5,lba_k01_d01,0
ABBAABAB,blca_l10_k01_wi01_leak01_beta01,B,1.98,-0.98,1,2,4,4,4,0.5,0.5,abscount,0
ABBAABAB,blca_l10_k01_wi01_leak01_beta01,B,1.98,-0.98,1,2,4,4,4,0.5,0.5,likelihood_ration,0
ABBAABAB,gating_g04,N,,,,2,4,4,4,0.5,0.5,information,-1
ABBAABAB,gating_g04,N,,,,2,4,4,4,0.5,0.5,snr,0
ABBAABAB,gating_g04,N,,,,2,4,4,4,0.5,0.5,relcount,-1
ABBAABAB,gating_g04,N,,,,2,4,4,4,0.5,0.5,blca_l10_k01_wi01_leak01_beta01,0
ABBAABAB,gating_g04,N,,,,2,4,4,4,0.5,0.5,naive,0
ABBAABAB,gating_g04,N,,,,2,4,4,4,0.5,0.5,lba_k01_d01,0
ABBAABAB,gating_g04,N,,,,2,4,4,4,0.5,0.5,abscount,-1
ABBAABAB,gating_g04,N,,,,2,4,4,4,0.5,0.5,likelihood_ration,-1
ABBAABAB,relcount,N,,,,2,4,4,4,0.5,0.5,information,-1
ABBAABAB,relcount,N,,,,2,4,4,4,0.5,0.5,snr,0
ABBAABAB,relcount,N,,,,2,4,4,4,0.5,0.5,gating_g04,-1
ABBAABAB,relcount,N,,,,2,4,4,4,0.5,0.5,blca_l10_k01_wi01_leak01_beta01,0
ABBAABAB,relcount,N,,,,2,4,4,4,0.5,0.5,naive,0
ABBAABAB,relcount,N,,,,2,4,4,4,0.5,0.5,lba_k01_d01,0
ABBAABAB,relcount,N,,,,2,4,4,4,0.5,0.5,abscount,-1
ABBAABAB,relcount,N,,,,2,4,4,4,0.5,0.5,likelihood_ration,-1
ABBAABAB,likelihood_ration,N,,,,2,4,4,4,0.5,0.5,information,-1
ABBAABAB,likelihood_ration,N,,,,2,4,4,4,0.5,0.5,relcount,-1
ABBAABAB,likelihood_ration,N,,,,2,4,4,4,0.5,0.5,snr,0
ABBAABAB,likelihood_ration,N,,,,2,4,4,4,0.5,0.5,gating_g04,-1
ABBAABAB,likelihood_ration,N,,,,2,4,4,4,0.5,0.5,blca_l10_k01_wi01_leak01_beta01,0
ABBAABAB,likelihood_ration,N,,,,2,4,4,4,0.5,0.5,naive,0
ABBAABAB,likelihood_ration,N,,,,2,4,4,4,0.5,0.5,lba_k01_d01,0
ABBAABAB,likelihood_ration,N,,,,2,4,4,4,0.5,0.5,abscount,-1
ABBBBBAB,information,B,0.9375,0.1875,6,2,2,6,6,0.75,0.75,relcount,1
ABBBBBAB,information,B,0.9375,0.1875,6,2,2,6,6,0.75,0.75,snr,1
ABBBBBAB,information,B,0.9375,0.1875,6,2,2,6,6,0.75,0.75,gating_g04,0
ABBBBBAB,information,B,0.9375,0.1875,6,2,2,6,6,0.75,0.75,blca_l10_k01_wi01_leak01_beta01,1
ABBBBBAB,information,B,0.9375,0.1875,6,2,2,6,6,0.75,0.75,naive,1
ABBBBBAB,information,B,0.9375,0.1875,6,2,2,6,6,0.75,0.75,lba_k01_d01,0
ABBBBBAB,information,B,0.9375,0.1875,6,2,2,6,6,0.75,0.75,abscount,0
ABBBBBAB,information,B,0.9375,0.1875,6,2,2,6,6,0.75,0.75,likelihood_ration,1
ABBBBBAB,naive,B,0.75,0,2,2,2,6,6,0.75,0.75,information,1
ABBBBBAB,naive,B,0.75,0,2,2,2,6,6,0.75,0.75,snr,1
ABBBBBAB,naive,B,0.75,0,2,2,2,6,6,0.75,0.75,relcount,1
ABBBBBAB,naive,B,0.75,0,2,2,2,6,6,0.75,0.75,blca_l10_k01_wi01_leak01_beta01,1
ABBBBBAB,naive,B,0.75,0,2,2,2,6,6,0.75,0.75,gating_g04,0
ABBBBBAB,naive,B,0.75,0,2,2,2,6,6,0.75,0.75,lba_k01_d01,0
ABBBBBAB,naive,B,0.75,0,2,2,2,6,6,0.75,0.75,abscount,0
ABBBBBAB,naive,B,0.75,0,2,2,2,6,6,0.75,0.75,likelihood_ration,1
ABBBBBAB,lba_k01_d01,A,0.8,0.1,7,2,2,6,6,0.75,0.75,information,0
ABBBBBAB,lba_k01_d01,A,0.8,0.1,7,2,2,6,6,0.75,0.75,relcount,0
ABBBBBAB,lba_k01_d01,A,0.8,0.1,7,2,2,6,6,0.75,0.75,snr,0
ABBBBBAB,lba_k01_d01,A,0.8,0.1,7,2,2,6,6,0.75,0.75,gating_g04,0
ABBBBBAB,lba_k01_d01,A,0.8,0.1,7,2,2,6,6,0.75,0.75,blca_l10_k01_wi01_leak01_beta01,0
ABBBBBAB,lba_k01_d01,A,0.8,0.1,7,2,2,6,6,0.75,0.75,naive,0
ABBBBBAB,lba_k01_d01,A,0.8,0.1,7,2,2,6,6,0.75,0.75,abscount,0
ABBBBBAB,lba_k01_d01,A,0.8,0.1,7,2,2,6,6,0.75,0.75,likelihood_ration,0
ABBBBBAB,abscount,N,,,,2,2,6,6,0.75,0.75,information,0
ABBBBBAB,abscount,N,,,,2,2,6,6,0.75,0.75,snr,0
ABBBBBAB,abscount,N,,,,2,2,6,6,0.75,0.75,gating_g04,-1
ABBBBBAB,abscount,N,,,,2,2,6,6,0.75,0.75,blca_l10_k01_wi01_leak01_beta01,0
ABBBBBAB,abscount,N,,,,2,2,6,6,0.75,0.75,naive,0
ABBBBBAB,abscount,N,,,,2,2,6,6,0.75,0.75,lba_k01_d01,0
ABBBBBAB,abscount,N,,,,2,2,6,6,0.75,0.75,relcount,0
ABBBBBAB,abscount,N,,,,2,2,6,6,0.75,0.75,likelihood_ration,0
ABBBBBAB,snr,B,2.0,0.0,2,2,2,6,6,0.75,0.75,information,1
ABBBBBAB,snr,B,2.0,0.0,2,2,2,6,6,0.75,0.75,gating_g04,0
ABBBBBAB,snr,B,2.0,0.0,2,2,2,6,6,0.75,0.75,relcount,1
ABBBBBAB,snr,B,2.0,0.0,2,2,2,6,6,0.75,0.75,blca_l10_k01_wi01_leak01_beta01,1
ABBBBBAB,snr,B,2.0,0.0,2,2,2,6,6,0.75,0.75,naive,1
ABBBBBAB,snr,B,2.0,0.0,2,2,2,6,6,0.75,0.75,lba_k01_d01,0
ABBBBBAB,snr,B,2.0,0.0,2,2,2,6,6,0.75,0.75,abscount,0
ABBBBBAB,snr,B,2.0,0.0,2,2,2,6,6,0.75,0.75,likelihood_ration,1
ABBBBBAB,blca_l10_k01_wi01_leak01_beta01,B,1.98,-0.98,1,2,2,6,6,0.75,0.75,information,1
ABBBBBAB,blca_l10_k01_wi01_leak01_beta01,B,1.98,-0.98,1,2,2,6,6,0.75,0.75,snr,1
ABBBBBAB,blca_l10_k01_wi01_leak01_beta01,B,1.98,-0.98,1,2,2,6,6,0.75,0.75,relcount,1
ABBBBBAB,blca_l10_k01_wi01_leak01_beta01,B,1.98,-0.98,1,2,2,6,6,0.75,0.75,gating_g04,0
ABBBBBAB,blca_l10_k01_wi01_leak01_beta01,B,1.98,-0.98,1,2,2,6,6,0.75,0.75,naive,1
ABBBBBAB,blca_l10_k01_wi01_leak01_beta01,B,1.98,-0.98,1,2,2,6,6,0.75,0.75,lba_k01_d01,0
ABBBBBAB,blca_l10_k01_wi01_leak01_beta01,B,1.98,-0.98,1,2,2,6,6,0.75,0.75,abscount,0
ABBBBBAB,blca_l10_k01_wi01_leak01_beta01,B,1.98,-0.98,1,2,2,6,6,0.75,0.75,likelihood_ration,1
ABBBBBAB,gating_g04,N,,,,2,2,6,6,0.75,0.75,information,0
ABBBBBAB,gating_g04,N,,,,2,2,6,6,0.75,0.75,snr,0
ABBBBBAB,gating_g04,N,,,,2,2,6,6,0.75,0.75,relcount,0
ABBBBBAB,gating_g04,N,,,,2,2,6,6,0.75,0.75,blca_l10_k01_wi01_leak01_beta01,0
ABBBBBAB,gating_g04,N,,,,2,2,6,6,0.75,0.75,naive,0
ABBBBBAB,gating_g04,N,,,,2,2,6,6,0.75,0.75,lba_k01_d01,0
ABBBBBAB,gating_g04,N,,,,2,2,6,6,0.75,0.75,abscount,-1
ABBBBBAB,gating_g04,N,,,,2,2,6,6,0.75,0.75,likelihood_ration,0
ABBBBBAB,relcount,B,0.833333333333,0.166666666667,6,2,2,6,6,0.75,0.75,information,1
ABBBBBAB,relcount,B,0.833333333333,0.166666666667,6,2,2,6,6,0.75,0.75,snr,1
ABBBBBAB,relcount,B,0.833333333333,0.166666666667,6,2,2,6,6,0.75,0.75,gating_g04,0
ABBBBBAB,relcount,B,0.833333333333,0.166666666667,6,2,2,6,6,0.75,0.75,blca_l10_k01_wi01_leak01_beta01,1
ABBBBBAB,relcount,B,0.833333333333,0.166666666667,6,2,2,6,6,0.75,0.75,naive,1
ABBBBBAB,relcount,B,0.833333333333,0.166666666667,6,2,2,6,6,0.75,0.75,lba_k01_d01,0
ABBBBBAB,relcount,B,0.833333333333,0.166666666667,6,2,2,6,6,0.75,0.75,abscount,0
ABBBBBAB,relcount,B,0.833333333333,0.166666666667,6,2,2,6,6,0.75,0.75,likelihood_ration,1
ABBBBBAB,likelihood_ration,B,-1.38021124171,0,5,2,2,6,6,0.75,0.75,information,1
ABBBBBAB,likelihood_ration,B,-1.38021124171,0,5,2,2,6,6,0.75,0.75,relcount,1
ABBBBBAB,likelihood_ration,B,-1.38021124171,0,5,2,2,6,6,0.75,0.75,snr,1
ABBBBBAB,likelihood_ration,B,-1.38021124171,0,5,2,2,6,6,0.75,0.75,gating_g04,0
ABBBBBAB,likelihood_ration,B,-1.38021124171,0,5,2,2,6,6,0.75,0.75,blca_l10_k01_wi01_leak01_beta01,1
ABBBBBAB,likelihood_ration,B,-1.38021124171,0,5,2,2,6,6,0.75,0.75,naive,1
ABBBBBAB,likelihood_ration,B,-1.38021124171,0,5,2,2,6,6,0.75,0.75,lba_k01_d01,0
ABBBBBAB,likelihood_ration,B,-1.38021124171,0,5,2,2,6,6,0.75,0.75,abscount,0
ABBBBBAA,information,B,0.9375,0.1875,6,3,3,5,5,0.75,0.5,relcount,1
ABBBBBAA,information,B,0.9375,0.1875,6,3,3,5,5,0.75,0.5,snr,1
ABBBBBAA,information,B,0.9375,0.1875,6,3,3,5,5,0.75,0.5,gating_g04,0
ABBBBBAA,information,B,0.9375,0.1875,6,3,3,5,5,0.75,0.5,blca_l10_k01_wi01_leak01_beta01,1
ABBBBBAA,information,B,0.9375,0.1875,6,3,3,5,5,0.75,0.5,naive,1
ABBBBBAA,information,B,0.9375,0.1875,6,3,3,5,5,0.75,0.5,lba_k01_d01,0
ABBBBBAA,information,B,0.9375,0.1875,6,3,3,5,5,0.75,0.5,abscount,0
ABBBBBAA,information,B,0.9375,0.1875,6,3,3,5,5,0.75,0.5,likelihood_ration,1
ABBBBBAA,naive,B,0.75,0,2,3,3,5,5,0.75,0.5,information,1
ABBBBBAA,naive,B,0.75,0,2,3,3,5,5,0.75,0.5,snr,1
ABBBBBAA,naive,B,0.75,0,2,3,3,5,5,0.75,0.5,relcount,1
ABBBBBAA,naive,B,0.75,0,2,3,3,5,5,0.75,0.5,blca_l10_k01_wi01_leak01_beta01,1
ABBBBBAA,naive,B,0.75,0,2,3,3,5,5,0.75,0.5,gating_g04,0
ABBBBBAA,naive,B,0.75,0,2,3,3,5,5,0.75,0.5,lba_k01_d01,0
ABBBBBAA,naive,B,0.75,0,2,3,3,5,5,0.75,0.5,abscount,0
ABBBBBAA,naive,B,0.75,0,2,3,3,5,5,0.75,0.5,likelihood_ration,1
ABBBBBAA,lba_k01_d01,A,0.8,0.1,7,3,3,5,5,0.75,0.5,information,0
ABBBBBAA,lba_k01_d01,A,0.8,0.1,7,3,3,5,5,0.75,0.5,relcount,0
ABBBBBAA,lba_k01_d01,A,0.8,0.1,7,3,3,5,5,0.75,0.5,snr,0
ABBBBBAA,lba_k01_d01,A,0.8,0.1,7,3,3,5,5,0.75,0.5,gating_g04,0
ABBBBBAA,lba_k01_d01,A,0.8,0.1,7,3,3,5,5,0.75,0.5,blca_l10_k01_wi01_leak01_beta01,0
ABBBBBAA,lba_k01_d01,A,0.8,0.1,7,3,3,5,5,0.75,0.5,naive,0
ABBBBBAA,lba_k01_d01,A,0.8,0.1,7,3,3,5,5,0.75,0.5,abscount,0
ABBBBBAA,lba_k01_d01,A,0.8,0.1,7,3,3,5,5,0.75,0.5,likelihood_ration,0
ABBBBBAA,abscount,N,,,,3,3,5,5,0.75,0.5,information,0
ABBBBBAA,abscount,N,,,,3,3,5,5,0.75,0.5,snr,0
ABBBBBAA,abscount,N,,,,3,3,5,5,0.75,0.5,gating_g04,-1
ABBBBBAA,abscount,N,,,,3,3,5,5,0.75,0.5,blca_l10_k01_wi01_leak01_beta01,0
ABBBBBAA,abscount,N,,,,3,3,5,5,0.75,0.5,naive,0
ABBBBBAA,abscount,N,,,,3,3,5,5,0.75,0.5,lba_k01_d01,0
ABBBBBAA,abscount,N,,,,3,3,5,5,0.75,0.5,relcount,0
ABBBBBAA,abscount,N,,,,3,3,5,5,0.75,0.5,likelihood_ration,0
ABBBBBAA,snr,B,2.0,0.0,2,3,3,5,5,0.75,0.5,information,1
ABBBBBAA,snr,B,2.0,0.0,2,3,3,5,5,0.75,0.5,gating_g04,0
ABBBBBAA,snr,B,2.0,0.0,2,3,3,5,5,0.75,0.5,relcount,1
ABBBBBAA,snr,B,2.0,0.0,2,3,3,5,5,0.75,0.5,blca_l10_k01_wi01_leak01_beta01,1
ABBBBBAA,snr,B,2.0,0.0,2,3,3,5,5,0.75,0.5,naive,1
ABBBBBAA,snr,B,2.0,0.0,2,3,3,5,5,0.75,0.5,lba_k01_d01,0
ABBBBBAA,snr,B,2.0,0.0,2,3,3,5,5,0.75,0.5,abscount,0
ABBBBBAA,snr,B,2.0,0.0,2,3,3,5,5,0.75,0.5,likelihood_ration,1
ABBBBBAA,blca_l10_k01_wi01_leak01_beta01,B,1.98,-0.98,1,3,3,5,5,0.75,0.5,information,1
ABBBBBAA,blca_l10_k01_wi01_leak01_beta01,B,1.98,-0.98,1,3,3,5,5,0.75,0.5,snr,1
ABBBBBAA,blca_l10_k01_wi01_leak01_beta01,B,1.98,-0.98,1,3,3,5,5,0.75,0.5,relcount,1
ABBBBBAA,blca_l10_k01_wi01_leak01_beta01,B,1.98,-0.98,1,3,3,5,5,0.75,0.5,gating_g04,0
ABBBBBAA,blca_l10_k01_wi01_leak01_beta01,B,1.98,-0.98,1,3,3,5,5,0.75,0.5,naive,1
ABBBBBAA,blca_l10_k01_wi01_leak01_beta01,B,1.98,-0.98,1,3,3,5,5,0.75,0.5,lba_k01_d01,0
ABBBBBAA,blca_l10_k01_wi01_leak01_beta01,B,1.98,-0.98,1,3,3,5,5,0.75,0.5,abscount,0
ABBBBBAA,blca_l10_k01_wi01_leak01_beta01,B,1.98,-0.98,1,3,3,5,5,0.75,0.5,likelihood_ration,1
ABBBBBAA,gating_g04,N,,,,3,3,5,5,0.75,0.5,information,0
ABBBBBAA,gating_g04,N,,,,3,3,5,5,0.75,0.5,snr,0
ABBBBBAA,gating_g04,N,,,,3,3,5,5,0.75,0.5,relcount,0
ABBBBBAA,gating_g04,N,,,,3,3,5,5,0.75,0.5,blca_l10_k01_wi01_leak01_beta01,0
ABBBBBAA,gating_g04,N,,,,3,3,5,5,0.75,0.5,naive,0
ABBBBBAA,gating_g04,N,,,,3,3,5,5,0.75,0.5,lba_k01_d01,0
ABBBBBAA,gating_g04,N,,,,3,3,5,5,0.75,0.5,abscount,-1
ABBBBBAA,gating_g04,N,,,,3,3,5,5,0.75,0.5,likelihood_ration,0
ABBBBBAA,relcount,B,0.833333333333,0.166666666667,6,3,3,5,5,0.75,0.5,information,1
ABBBBBAA,relcount,B,0.833333333333,0.166666666667,6,3,3,5,5,0.75,0.5,snr,1
ABBBBBAA,relcount,B,0.833333333333,0.166666666667,6,3,3,5,5,0.75,0.5,gating_g04,0
ABBBBBAA,relcount,B,0.833333333333,0.166666666667,6,3,3,5,5,0.75,0.5,blca_l10_k01_wi01_leak01_beta01,1
ABBBBBAA,relcount,B,0.833333333333,0.166666666667,6,3,3,5,5,0.75,0.5,naive,1
ABBBBBAA,relcount,B,0.833333333333,0.166666666667,6,3,3,5,5,0.75,0.5,lba_k01_d01,0
ABBBBBAA,relcount,B,0.833333333333,0.166666666667,6,3,3,5,5,0.75,0.5,abscount,0
ABBBBBAA,relcount,B,0.833333333333,0.166666666667,6,3,3,5,5,0.75,0.5,likelihood_ration,1
ABBBBBAA,likelihood_ration,B,-1.38021124171,0,5,3,3,5,5,0.75,0.5,information,1
ABBBBBAA,likelihood_ration,B,-1.38021124171,0,5,3,3,5,5,0.75,0.5,relcount,1
ABBBBBAA,likelihood_ration,B,-1.38021124171,0,5,3,3,5,5,0.75,0.5,snr,1
ABBBBBAA,likelihood_ration,B,-1.38021124171,0,5,3,3,5,5,0.75,0.5,gating_g04,0
ABBBBBAA,likelihood_ration,B,-1.38021124171,0,5,3,3,5,5,0.75,0.5,blca_l10_k01_wi01_leak01_beta01,1
ABBBBBAA,likelihood_ration,B,-1.38021124171,0,5,3,3,5,5,0.75,0.5,naive,1
ABBBBBAA,likelihood_ration,B,-1.38021124171,0,5,3,3,5,5,0.75,0.5,lba_k01_d01,0
ABBBBBAA,likelihood_ration,B,-1.38021124171,0,5,3,3,5,5,0.75,0.5,abscount,0
AAAABABA,information,A,0.75,0.0,4,2,6,2,6,1.0,0.5,relcount,1
AAAABABA,information,A,0.75,0.0,4,2,6,2,6,1.0,0.5,snr,0
AAAABABA,information,A,0.75,0.0,4,2,6,2,6,1.0,0.5,gating_g04,0
AAAABABA,information,A,0.75,0.0,4,2,6,2,6,1.0,0.5,blca_l10_k01_wi01_leak01_beta01,0
AAAABABA,information,A,0.75,0.0,4,2,6,2,6,1.0,0.5,naive,1
AAAABABA,information,A,0.75,0.0,4,2,6,2,6,1.0,0.5,lba_k01_d01,1
AAAABABA,information,A,0.75,0.0,4,2,6,2,6,1.0,0.5,abscount,0
AAAABABA,information,A,0.75,0.0,4,2,6,2,6,1.0,0.5,likelihood_ration,1
AAAABABA,naive,A,0.75,0,1,2,6,2,6,1.0,0.5,information,1
AAAABABA,naive,A,0.75,0,1,2,6,2,6,1.0,0.5,snr,0
AAAABABA,naive,A,0.75,0,1,2,6,2,6,1.0,0.5,relcount,1
AAAABABA,naive,A,0.75,0,1,2,6,2,6,1.0,0.5,blca_l10_k01_wi01_leak01_beta01,0
AAAABABA,naive,A,0.75,0,1,2,6,2,6,1.0,0.5,gating_g04,0
AAAABABA,naive,A,0.75,0,1,2,6,2,6,1.0,0.5,lba_k01_d01,1
AAAABABA,naive,A,0.75,0,1,2,6,2,6,1.0,0.5,abscount,0
AAAABABA,naive,A,0.75,0,1,2,6,2,6,1.0,0.5,likelihood_ration,1
AAAABABA,lba_k01_d01,A,0.8,0.1,7,2,6,2,6,1.0,0.5,information,1
AAAABABA,lba_k01_d01,A,0.8,0.1,7,2,6,2,6,1.0,0.5,relcount,1
AAAABABA,lba_k01_d01,A,0.8,0.1,7,2,6,2,6,1.0,0.5,snr,0
AAAABABA,lba_k01_d01,A,0.8,0.1,7,2,6,2,6,1.0,0.5,gating_g04,0
AAAABABA,lba_k01_d01,A,0.8,0.1,7,2,6,2,6,1.0,0.5,blca_l10_k01_wi01_leak01_beta01,0
AAAABABA,lba_k01_d01,A,0.8,0.1,7,2,6,2,6,1.0,0.5,naive,1
AAAABABA,lba_k01_d01,A,0.8,0.1,7,2,6,2,6,1.0,0.5,abscount,0
AAAABABA,lba_k01_d01,A,0.8,0.1,7,2,6,2,6,1.0,0.5,likelihood_ration,1
AAAABABA,abscount,N,,,,2,6,2,6,1.0,0.5,information,0
AAAABABA,abscount,N,,,,2,6,2,6,1.0,0.5,snr,0
AAAABABA,abscount,N,,,,2,6,2,6,1.0,0.5,gating_g04,-1
AAAABABA,abscount,N,,,,2,6,2,6,1.0,0.5,blca_l10_k01_wi01_leak01_beta01,0
AAAABABA,abscount,N,,,,2,6,2,6,1.0,0.5,naive,0
AAAABABA,abscount,N,,,,2,6,2,6,1.0,0.5,lba_k01_d01,0
AAAABABA,abscount,N,,,,2,6,2,6,1.0,0.5,relcount,0
AAAABABA,abscount,N,,,,2,6,2,6,1.0,0.5,likelihood_ration,0
AAAABABA,snr,B,1.25,0.0,5,2,6,2,6,1.0,0.5,information,0
AAAABABA,snr,B,1.25,0.0,5,2,6,2,6,1.0,0.5,gating_g04,0
AAAABABA,snr,B,1.25,0.0,5,2,6,2,6,1.0,0.5,relcount,0
AAAABABA,snr,B,1.25,0.0,5,2,6,2,6,1.0,0.5,blca_l10_k01_wi01_leak01_beta01,1
AAAABABA,snr,B,1.25,0.0,5,2,6,2,6,1.0,0.5,naive,0
AAAABABA,snr,B,1.25,0.0,5,2,6,2,6,1.0,0.5,lba_k01_d01,0
AAAABABA,snr,B,1.25,0.0,5,2,6,2,6,1.0,0.5,abscount,0
AAAABABA,snr,B,1.25,0.0,5,2,6,2,6,1.0,0.5,likelihood_ration,0
AAAABABA,blca_l10_k01_wi01_leak01_beta01,B,1.98,-0.98,1,2,6,2,6,1.0,0.5,information,0
AAAABABA,blca_l10_k01_wi01_leak01_beta01,B,1.98,-0.98,1,2,6,2,6,1.0,0.5,snr,1
AAAABABA,blca_l10_k01_wi01_leak01_beta01,B,1.98,-0.98,1,2,6,2,6,1.0,0.5,relcount,0
AAAABABA,blca_l10_k01_wi01_leak01_beta01,B,1.98,-0.98,1,2,6,2,6,1.0,0.5,gating_g04,0
AAAABABA,blca_l10_k01_wi01_leak01_beta01,B,1.98,-0.98,1,2,6,2,6,1.0,0.5,naive,0
AAAABABA,blca_l10_k01_wi01_leak01_beta01,B,1.98,-0.98,1,2,6,2,6,1.0,0.5,lba_k01_d01,0
AAAABABA,blca_l10_k01_wi01_leak01_beta01,B,1.98,-0.98,1,2,6,2,6,1.0,0.5,abscount,0
AAAABABA,blca_l10_k01_wi01_leak01_beta01,B,1.98,-0.98,1,2,6,2,6,1.0,0.5,likelihood_ration,0
AAAABABA,gating_g04,N,,,,2,6,2,6,1.0,0.5,information,0
AAAABABA,gating_g04,N,,,,2,6,2,6,1.0,0.5,snr,0
AAAABABA,gating_g04,N,,,,2,6,2,6,1.0,0.5,relcount,0
AAAABABA,gating_g04,N,,,,2,6,2,6,1.0,0.5,blca_l10_k01_wi01_leak01_beta01,0
AAAABABA,gating_g04,N,,,,2,6,2,6,1.0,0.5,naive,0
AAAABABA,gating_g04,N,,,,2,6,2,6,1.0,0.5,lba_k01_d01,0
AAAABABA,gating_g04,N,,,,2,6,2,6,1.0,0.5,abscount,-1
AAAABABA,gating_g04,N,,,,2,6,2,6,1.0,0.5,likelihood_ration,0
AAAABABA,relcount,A,0.833333333333,0.166666666667,6,2,6,2,6,1.0,0.5,information,1
AAAABABA,relcount,A,0.833333333333,0.166666666667,6,2,6,2,6,1.0,0.5,snr,0
AAAABABA,relcount,A,0.833333333333,0.166666666667,6,2,6,2,6,1.0,0.5,gating_g04,0
AAAABABA,relcount,A,0.833333333333,0.166666666667,6,2,6,2,6,1.0,0.5,blca_l10_k01_wi01_leak01_beta01,0
AAAABABA,relcount,A,0.833333333333,0.166666666667,6,2,6,2,6,1.0,0.5,naive,1
AAAABABA,relcount,A,0.833333333333,0.166666666667,6,2,6,2,6,1.0,0.5,lba_k01_d01,1
AAAABABA,relcount,A,0.833333333333,0.166666666667,6,2,6,2,6,1.0,0.5,abscount,0
AAAABABA,relcount,A,0.833333333333,0.166666666667,6,2,6,2,6,1.0,0.5,likelihood_ration,1
AAAABABA,likelihood_ration,A,1.30102999566,0,6,2,6,2,6,1.0,0.5,information,1
AAAABABA,likelihood_ration,A,1.30102999566,0,6,2,6,2,6,1.0,0.5,relcount,1
AAAABABA,likelihood_ration,A,1.30102999566,0,6,2,6,2,6,1.0,0.5,snr,0
AAAABABA,likelihood_ration,A,1.30102999566,0,6,2,6,2,6,1.0,0.5,gating_g04,0
AAAABABA,likelihood_ration,A,1.30102999566,0,6,2,6,2,6,1.0,0.5,blca_l10_k01_wi01_leak01_beta01,0
AAAABABA,likelihood_ration,A,1.30102999566,0,6,2,6,2,6,1.0,0.5,naive,1
AAAABABA,likelihood_ration,A,1.30102999566,0,6,2,6,2,6,1.0,0.5,lba_k01_d01,1
AAAABABA,likelihood_ration,A,1.30102999566,0,6,2,6,2,6,1.0,0.5,abscount,0
AAAABABB,information,A,0.75,0.0,4,3,5,3,5,1.0,0.75,relcount,1
AAAABABB,information,A,0.75,0.0,4,3,5,3,5,1.0,0.75,snr,0
AAAABABB,information,A,0.75,0.0,4,3,5,3,5,1.0,0.75,gating_g04,0
AAAABABB,information,A,0.75,0.0,4,3,5,3,5,1.0,0.75,blca_l10_k01_wi01_leak01_beta01,0
AAAABABB,information,A,0.75,0.0,4,3,5,3,5,1.0,0.75,naive,1
AAAABABB,information,A,0.75,0.0,4,3,5,3,5,1.0,0.75,lba_k01_d01,1
AAAABABB,information,A,0.75,0.0,4,3,5,3,5,1.0,0.75,abscount,0
AAAABABB,information,A,0.75,0.0,4,3,5,3,5,1.0,0.75,likelihood_ration,1
AAAABABB,naive,A,0.75,0,1,3,5,3,5,1.0,0.75,information,1
AAAABABB,naive,A,0.75,0,1,3,5,3,5,1.0,0.75,snr,0
AAAABABB,naive,A,0.75,0,1,3,5,3,5,1.0,0.75,relcount,1
AAAABABB,naive,A,0.75,0,1,3,5,3,5,1.0,0.75,blca_l10_k01_wi01_leak01_beta01,0
AAAABABB,naive,A,0.75,0,1,3,5,3,5,1.0,0.75,gating_g04,0
AAAABABB,naive,A,0.75,0,1,3,5,3,5,1.0,0.75,lba_k01_d01,1
AAAABABB,naive,A,0.75,0,1,3,5,3,5,1.0,0.75,abscount,0
AAAABABB,naive,A,0.75,0,1,3,5,3,5,1.0,0.75,likelihood_ration,1
AAAABABB,lba_k01_d01,A,0.8,0.1,7,3,5,3,5,1.0,0.75,information,1
AAAABABB,lba_k01_d01,A,0.8,0.1,7,3,5,3,5,1.0,0.75,relcount,1
AAAABABB,lba_k01_d01,A,0.8,0.1,7,3,5,3,5,1.0,0.75,snr,0
AAAABABB,lba_k01_d01,A,0.8,0.1,7,3,5,3,5,1.0,0.75,gating_g04,0
AAAABABB,lba_k01_d01,A,0.8,0.1,7,3,5,3,5,1.0,0.75,blca_l10_k01_wi01_leak01_beta01,0
AAAABABB,lba_k01_d01,A,0.8,0.1,7,3,5,3,5,1.0,0.75,naive,1
AAAABABB,lba_k01_d01,A,0.8,0.1,7,3,5,3,5,1.0,0.75,abscount,0
AAAABABB,lba_k01_d01,A,0.8,0.1,7,3,5,3,5,1.0,0.75,likelihood_ration,1
AAAABABB,abscount,N,,,,3,5,3,5,1.0,0.75,information,0
AAAABABB,abscount,N,,,,3,5,3,5,1.0,0.75,snr,0
AAAABABB,abscount,N,,,,3,5,3,5,1.0,0.75,gating_g04,-1
AAAABABB,abscount,N,,,,3,5,3,5,1.0,0.75,blca_l10_k01_wi01_leak01_beta01,0
AAAABABB,abscount,N,,,,3,5,3,5,1.0,0.75,naive,0
AAAABABB,abscount,N,,,,3,5,3,5,1.0,0.75,lba_k01_d01,0
AAAABABB,abscount,N,,,,3,5,3,5,1.0,0.75,relcount,0
AAAABABB,abscount,N,,,,3,5,3,5,1.0,0.75,likelihood_ration,0
AAAABABB,snr,B,1.25,0.0,5,3,5,3,5,1.0,0.75,information,0
AAAABABB,snr,B,1.25,0.0,5,3,5,3,5,1.0,0.75,gating_g04,0
AAAABABB,snr,B,1.25,0.0,5,3,5,3,5,1.0,0.75,relcount,0
AAAABABB,snr,B,1.25,0.0,5,3,5,3,5,1.0,0.75,blca_l10_k01_wi01_leak01_beta01,1
AAAABABB,snr,B,1.25,0.0,5,3,5,3,5,1.0,0.75,naive,0
AAAABABB,snr,B,1.25,0.0,5,3,5,3,5,1.0,0.75,lba_k01_d01,0
AAAABABB,snr,B,1.25,0.0,5,3,5,3,5,1.0,0.75,abscount,0
AAAABABB,snr,B,1.25,0.0,5,3,5,3,5,1.0,0.75,likelihood_ration,0
AAAABABB,blca_l10_k01_wi01_leak01_beta01,B,1.98,-0.98,1,3,5,3,5,1.0,0.75,information,0
AAAABABB,blca_l10_k01_wi01_leak01_beta01,B,1.98,-0.98,1,3,5,3,5,1.0,0.75,snr,1
AAAABABB,blca_l10_k01_wi01_leak01_beta01,B,1.98,-0.98,1,3,5,3,5,1.0,0.75,relcount,0
AAAABABB,blca_l10_k01_wi01_leak01_beta01,B,1.98,-0.98,1,3,5,3,5,1.0,0.75,gating_g04,0
AAAABABB,blca_l10_k01_wi01_leak01_beta01,B,1.98,-0.98,1,3,5,3,5,1.0,0.75,naive,0
AAAABABB,blca_l10_k01_wi01_leak01_beta01,B,1.98,-0.98,1,3,5,3,5,1.0,0.75,lba_k01_d01,0
AAAABABB,blca_l10_k01_wi01_leak01_beta01,B,1.98,-0.98,1,3,5,3,5,1.0,0.75,abscount,0
AAAABABB,blca_l10_k01_wi01_leak01_beta01,B,1.98,-0.98,1,3,5,3,5,1.0,0.75,likelihood_ration,0
AAAABABB,gating_g04,N,,,,3,5,3,5,1.0,0.75,information,0
AAAABABB,gating_g04,N,,,,3,5,3,5,1.0,0.75,snr,0
AAAABABB,gating_g04,N,,,,3,5,3,5,1.0,0.75,relcount,0
AAAABABB,gating_g04,N,,,,3,5,3,5,1.0,0.75,blca_l10_k01_wi01_leak01_beta01,0
AAAABABB,gating_g04,N,,,,3,5,3,5,1.0,0.75,naive,0
AAAABABB,gating_g04,N,,,,3,5,3,5,1.0,0.75,lba_k01_d01,0
AAAABABB,gating_g04,N,,,,3,5,3,5,1.0,0.75,abscount,-1
AAAABABB,gating_g04,N,,,,3,5,3,5,1.0,0.75,likelihood_ration,0
AAAABABB,relcount,A,0.833333333333,0.166666666667,6,3,5,3,5,1.0,0.75,information,1
AAAABABB,relcount,A,0.833333333333,0.166666666667,6,3,5,3,5,1.0,0.75,snr,0
AAAABABB,relcount,A,0.833333333333,0.166666666667,6,3,5,3,5,1.0,0.75,gating_g04,0
AAAABABB,relcount,A,0.833333333333,0.166666666667,6,3,5,3,5,1.0,0.75,blca_l10_k01_wi01_leak01_beta01,0
AAAABABB,relcount,A,0.833333333333,0.166666666667,6,3,5,3,5,1.0,0.75,naive,1
AAAABABB,relcount,A,0.833333333333,0.166666666667,6,3,5,3,5,1.0,0.75,lba_k01_d01,1
AAAABABB,relcount,A,0.833333333333,0.166666666667,6,3,5,3,5,1.0,0.75,abscount,0
AAAABABB,relcount,A,0.833333333333,0.166666666667,6,3,5,3,5,1.0,0.75,likelihood_ration,1
AAAABABB,likelihood_ration,A,1.30102999566,0,6,3,5,3,5,1.0,0.75,information,1
AAAABABB,likelihood_ration,A,1.30102999566,0,6,3,5,3,5,1.0,0.75,relcount,1
AAAABABB,likelihood_ration,A,1.30102999566,0,6,3,5,3,5,1.0,0.75,snr,0
AAAABABB,likelihood_ration,A,1.30102999566,0,6,3,5,3,5,1.0,0.75,gating_g04,0
AAAABABB,likelihood_ration,A,1.30102999566,0,6,3,5,3,5,1.0,0.75,blca_l10_k01_wi01_leak01_beta01,0
AAAABABB,likelihood_ration,A,1.30102999566,0,6,3,5,3,5,1.0,0.75,naive,1
AAAABABB,likelihood_ration,A,1.30102999566,0,6,3,5,3,5,1.0,0.75,lba_k01_d01,1
AAAABABB,likelihood_ration,A,1.30102999566,0,6,3,5,3,5,1.0,0.75,abscount,0
AABAAABA,information,A,0.9375,0.1875,6,2,6,2,6,0.75,0.75,relcount,1
AABAAABA,information,A,0.9375,0.1875,6,2,6,2,6,0.75,0.75,snr,0
AABAAABA,information,A,0.9375,0.1875,6,2,6,2,6,0.75,0.75,gating_g04,0
AABAAABA,information,A,0.9375,0.1875,6,2,6,2,6,0.75,0.75,blca_l10_k01_wi01_leak01_beta01,0
AABAAABA,information,A,0.9375,0.1875,6,2,6,2,6,0.75,0.75,naive,1
AABAAABA,information,A,0.9375,0.1875,6,2,6,2,6,0.75,0.75,lba_k01_d01,1
AABAAABA,information,A,0.9375,0.1875,6,2,6,2,6,0.75,0.75,abscount,0
AABAAABA,information,A,0.9375,0.1875,6,2,6,2,6,0.75,0.75,likelihood_ration,1
AABAAABA,naive,A,0.75,0,1,2,6,2,6,0.75,0.75,information,1
AABAAABA,naive,A,0.75,0,1,2,6,2,6,0.75,0.75,snr,0
AABAAABA,naive,A,0.75,0,1,2,6,2,6,0.75,0.75,relcount,1
AABAAABA,naive,A,0.75,0,1,2,6,2,6,0.75,0.75,blca_l10_k01_wi01_leak01_beta01,0
AABAAABA,naive,A,0.75,0,1,2,6,2,6,0.75,0.75,gating_g04,0
AABAAABA,naive,A,0.75,0,1,2,6,2,6,0.75,0.75,lba_k01_d01,1
AABAAABA,naive,A,0.75,0,1,2,6,2,6,0.75,0.75,abscount,0
AABAAABA,naive,A,0.75,0,1,2,6,2,6,0.75,0.75,likelihood_ration,1
AABAAABA,lba_k01_d01,A,0.8,0.1,7,2,6,2,6,0.75,0.75,information,1
AABAAABA,lba_k01_d01,A,0.8,0.1,7,2,6,2,6,0.75,0.75,relcount,1
AABAAABA,lba_k01_d01,A,0.8,0.1,7,2,6,2,6,0.75,0.75,snr,0
AABAAABA,lba_k01_d01,A,0.8,0.1,7,2,6,2,6,0.75,0.75,gating_g04,0
AABAAABA,lba_k01_d01,A,0.8,0.1,7,2,6,2,6,0.75,0.75,blca_l10_k01_wi01_leak01_beta01,0
AABAAABA,lba_k01_d01,A,0.8,0.1,7,2,6,2,6,0.75,0.75,naive,1
AABAAABA,lba_k01_d01,A,0.8,0.1,7,2,6,2,6,0.75,0.75,abscount,0
AABAAABA,lba_k01_d01,A,0.8,0.1,7,2,6,2,6,0.75,0.75,likelihood_ration,1
AABAAABA,abscount,N,,,,2,6,2,6,0.75,0.75,information,0
AABAAABA,abscount,N,,,,2,6,2,6,0.75,0.75,snr,0
AABAAABA,abscount,N,,,,2,6,2,6,0.75,0.75,gating_g04,-1
AABAAABA,abscount,N,,,,2,6,2,6,0.75,0.75,blca_l10_k01_wi01_leak01_beta01,0
AABAAABA,abscount,N,,,,2,6,2,6,0.75,0.75,naive,0
AABAAABA,abscount,N,,,,2,6,2,6,0.75,0.75,lba_k01_d01,0
AABAAABA,abscount,N,,,,2,6,2,6,0.75,0.75,relcount,0
AABAAABA,abscount,N,,,,2,6,2,6,0.75,0.75,likelihood_ration,0
AABAAABA,snr,B,1.5,0.0,3,2,6,2,6,0.75,0.75,information,0
AABAAABA,snr,B,1.5,0.0,3,2,6,2,6,0.75,0.75,gating_g04,0
AABAAABA,snr,B,1.5,0.0,3,2,6,2,6,0.75,0.75,relcount,0
AABAAABA,snr,B,1.5,0.0,3,2,6,2,6,0.75,0.75,blca_l10_k01_wi01_leak01_beta01,1
AABAAABA,snr,B,1.5,0.0,3,2,6,2,6,0.75,0.75,naive,0
AABAAABA,snr,B,1.5,0.0,3,2,6,2,6,0.75,0.75,lba_k01_d01,0
AABAAABA,snr,B,1.5,0.0,3,2,6,2,6,0.75,0.75,abscount,0
AABAAABA,snr,B,1.5,0.0,3,2,6,2,6,0.75,0.75,likelihood_ration,0
AABAAABA,blca_l10_k01_wi01_leak01_beta01,B,1.98,-0.98,1,2,6,2,6,0.75,0.75,information,0
AABAAABA,blca_l10_k01_wi01_leak01_beta01,B,1.98,-0.98,1,2,6,2,6,0.75,0.75,snr,1
AABAAABA,blca_l10_k01_wi01_leak01_beta01,B,1.98,-0.98,1,2,6,2,6,0.75,0.75,relcount,0
AABAAABA,blca_l10_k01_wi01_leak01_beta01,B,1.98,-0.98,1,2,6,2,6,0.75,0.75,gating_g04,0
AABAAABA,blca_l10_k01_wi01_leak01_beta01,B,1.98,-0.98,1,2,6,2,6,0.75,0.75,naive,0
AABAAABA,blca_l10_k01_wi01_leak01_beta01,B,1.98,-0.98,1,2,6,2,6,0.75,0.75,lba_k01_d01,0
AABAAABA,blca_l10_k01_wi01_leak01_beta01,B,1.98,-0.98,1,2,6,2,6,0.75,0.75,abscount,0
AABAAABA,blca_l10_k01_wi01_leak01_beta01,B,1.98,-0.98,1,2,6,2,6,0.75,0.75,likelihood_ration,0
AABAAABA,gating_g04,N,,,,2,6,2,6,0.75,0.75,information,0
AABAAABA,gating_g04,N,,,,2,6,2,6,0.75,0.75,snr,0
AABAAABA,gating_g04,N,,,,2,6,2,6,0.75,0.75,relcount,0
AABAAABA,gating_g04,N,,,,2,6,2,6,0.75,0.75,blca_l10_k01_wi01_leak01_beta01,0
AABAAABA,gating_g04,N,,,,2,6,2,6,0.75,0.75,naive,0
AABAAABA,gating_g04,N,,,,2,6,2,6,0.75,0.75,lba_k01_d01,0
AABAAABA,gating_g04,N,,,,2,6,2,6,0.75,0.75,abscount,-1
AABAAABA,gating_g04,N,,,,2,6,2,6,0.75,0.75,likelihood_ration,0
AABAAABA,relcount,A,0.833333333333,0.166666666667,6,2,6,2,6,0.75,0.75,information,1
AABAAABA,relcount,A,0.833333333333,0.166666666667,6,2,6,2,6,0.75,0.75,snr,0
AABAAABA,relcount,A,0.833333333333,0.166666666667,6,2,6,2,6,0.75,0.75,gating_g04,0
AABAAABA,relcount,A,0.833333333333,0.166666666667,6,2,6,2,6,0.75,0.75,blca_l10_k01_wi01_leak01_beta01,0
AABAAABA,relcount,A,0.833333333333,0.166666666667,6,2,6,2,6,0.75,0.75,naive,1
AABAAABA,relcount,A,0.833333333333,0.166666666667,6,2,6,2,6,0.75,0.75,lba_k01_d01,1
AABAAABA,relcount,A,0.833333333333,0.166666666667,6,2,6,2,6,0.75,0.75,abscount,0
AABAAABA,relcount,A,0.833333333333,0.166666666667,6,2,6,2,6,0.75,0.75,likelihood_ration,1
AABAAABA,likelihood_ration,A,1.38021124171,0,5,2,6,2,6,0.75,0.75,information,1
AABAAABA,likelihood_ration,A,1.38021124171,0,5,2,6,2,6,0.75,0.75,relcount,1
AABAAABA,likelihood_ration,A,1.38021124171,0,5,2,6,2,6,0.75,0.75,snr,0
AABAAABA,likelihood_ration,A,1.38021124171,0,5,2,6,2,6,0.75,0.75,gating_g04,0
AABAAABA,likelihood_ration,A,1.38021124171,0,5,2,6,2,6,0.75,0.75,blca_l10_k01_wi01_leak01_beta01,0
AABAAABA,likelihood_ration,A,1.38021124171,0,5,2,6,2,6,0.75,0.75,naive,1
AABAAABA,likelihood_ration,A,1.38021124171,0,5,2,6,2,6,0.75,0.75,lba_k01_d01,1
AABAAABA,likelihood_ration,A,1.38021124171,0,5,2,6,2,6,0.75,0.75,abscount,0
AABAAABB,information,A,0.9375,0.1875,6,3,5,3,5,0.75,0.5,relcount,1
AABAAABB,information,A,0.9375,0.1875,6,3,5,3,5,0.75,0.5,snr,0
AABAAABB,information,A,0.9375,0.1875,6,3,5,3,5,0.75,0.5,gating_g04,0
AABAAABB,information,A,0.9375,0.1875,6,3,5,3,5,0.75,0.5,blca_l10_k01_wi01_leak01_beta01,0
AABAAABB,information,A,0.9375,0.1875,6,3,5,3,5,0.75,0.5,naive,1
AABAAABB,information,A,0.9375,0.1875,6,3,5,3,5,0.75,0.5,lba_k01_d01,1
AABAAABB,information,A,0.9375,0.1875,6,3,5,3,5,0.75,0.5,abscount,0
AABAAABB,information,A,0.9375,0.1875,6,3,5,3,5,0.75,0.5,likelihood_ration,1
AABAAABB,naive,A,0.75,0,1,3,5,3,5,0.75,0.5,information,1
AABAAABB,naive,A,0.75,0,1,3,5,3,5,0.75,0.5,snr,0
AABAAABB,naive,A,0.75,0,1,3,5,3,5,0.75,0.5,relcount,1
AABAAABB,naive,A,0.75,0,1,3,5,3,5,0.75,0.5,blca_l10_k01_wi01_leak01_beta01,0
AABAAABB,naive,A,0.75,0,1,3,5,3,5,0.75,0.5,gating_g04,0
AABAAABB,naive,A,0.75,0,1,3,5,3,5,0.75,0.5,lba_k01_d01,1
AABAAABB,naive,A,0.75,0,1,3,5,3,5,0.75,0.5,abscount,0
AABAAABB,naive,A,0.75,0,1,3,5,3,5,0.75,0.5,likelihood_ration,1
AABAAABB,lba_k01_d01,A,0.8,0.1,7,3,5,3,5,0.75,0.5,information,1
AABAAABB,lba_k01_d01,A,0.8,0.1,7,3,5,3,5,0.75,0.5,relcount,1
AABAAABB,lba_k01_d01,A,0.8,0.1,7,3,5,3,5,0.75,0.5,snr,0
AABAAABB,lba_k01_d01,A,0.8,0.1,7,3,5,3,5,0.75,0.5,gating_g04,0
AABAAABB,lba_k01_d01,A,0.8,0.1,7,3,5,3,5,0.75,0.5,blca_l10_k01_wi01_leak01_beta01,0
AABAAABB,lba_k01_d01,A,0.8,0.1,7,3,5,3,5,0.75,0.5,naive,1
AABAAABB,lba_k01_d01,A,0.8,0.1,7,3,5,3,5,0.75,0.5,abscount,0
AABAAABB,lba_k01_d01,A,0.8,0.1,7,3,5,3,5,0.75,0.5,likelihood_ration,1
AABAAABB,abscount,N,,,,3,5,3,5,0.75,0.5,information,0
AABAAABB,abscount,N,,,,3,5,3,5,0.75,0.5,snr,0
AABAAABB,abscount,N,,,,3,5,3,5,0.75,0.5,gating_g04,-1
AABAAABB,abscount,N,,,,3,5,3,5,0.75,0.5,blca_l10_k01_wi01_leak01_beta01,0
AABAAABB,abscount,N,,,,3,5,3,5,0.75,0.5,naive,0
AABAAABB,abscount,N,,,,3,5,3,5,0.75,0.5,lba_k01_d01,0
AABAAABB,abscount,N,,,,3,5,3,5,0.75,0.5,relcount,0
AABAAABB,abscount,N,,,,3,5,3,5,0.75,0.5,likelihood_ration,0
AABAAABB,snr,B,1.5,0.0,3,3,5,3,5,0.75,0.5,information,0
AABAAABB,snr,B,1.5,0.0,3,3,5,3,5,0.75,0.5,gating_g04,0
AABAAABB,snr,B,1.5,0.0,3,3,5,3,5,0.75,0.5,relcount,0
AABAAABB,snr,B,1.5,0.0,3,3,5,3,5,0.75,0.5,blca_l10_k01_wi01_leak01_beta01,1
AABAAABB,snr,B,1.5,0.0,3,3,5,3,5,0.75,0.5,naive,0
AABAAABB,snr,B,1.5,0.0,3,3,5,3,5,0.75,0.5,lba_k01_d01,0
AABAAABB,snr,B,1.5,0.0,3,3,5,3,5,0.75,0.5,abscount,0
AABAAABB,snr,B,1.5,0.0,3,3,5,3,5,0.75,0.5,likelihood_ration,0
AABAAABB,blca_l10_k01_wi01_leak01_beta01,B,1.98,-0.98,1,3,5,3,5,0.75,0.5,information,0
AABAAABB,blca_l10_k01_wi01_leak01_beta01,B,1.98,-0.98,1,3,5,3,5,0.75,0.5,snr,1
AABAAABB,blca_l10_k01_wi01_leak01_beta01,B,1.98,-0.98,1,3,5,3,5,0.75,0.5,relcount,0
AABAAABB,blca_l10_k01_wi01_leak01_beta01,B,1.98,-0.98,1,3,5,3,5,0.75,0.5,gating_g04,0
AABAAABB,blca_l10_k01_wi01_leak01_beta01,B,1.98,-0.98,1,3,5,3,5,0.75,0.5,naive,0
AABAAABB,blca_l10_k01_wi01_leak01_beta01,B,1.98,-0.98,1,3,5,3,5,0.75,0.5,lba_k01_d01,0
AABAAABB,blca_l10_k01_wi01_leak01_beta01,B,1.98,-0.98,1,3,5,3,5,0.75,0.5,abscount,0
AABAAABB,blca_l10_k01_wi01_leak01_beta01,B,1.98,-0.98,1,3,5,3,5,0.75,0.5,likelihood_ration,0
AABAAABB,gating_g04,N,,,,3,5,3,5,0.75,0.5,information,0
AABAAABB,gating_g04,N,,,,3,5,3,5,0.75,0.5,snr,0
AABAAABB,gating_g04,N,,,,3,5,3,5,0.75,0.5,relcount,0
AABAAABB,gating_g04,N,,,,3,5,3,5,0.75,0.5,blca_l10_k01_wi01_leak01_beta01,0
AABAAABB,gating_g04,N,,,,3,5,3,5,0.75,0.5,naive,0
AABAAABB,gating_g04,N,,,,3,5,3,5,0.75,0.5,lba_k01_d01,0
AABAAABB,gating_g04,N,,,,3,5,3,5,0.75,0.5,abscount,-1
AABAAABB,gating_g04,N,,,,3,5,3,5,0.75,0.5,likelihood_ration,0
AABAAABB,relcount,A,0.833333333333,0.166666666667,6,3,5,3,5,0.75,0.5,information,1
AABAAABB,relcount,A,0.833333333333,0.166666666667,6,3,5,3,5,0.75,0.5,snr,0
AABAAABB,relcount,A,0.833333333333,0.166666666667,6,3,5,3,5,0.75,0.5,gating_g04,0
AABAAABB,relcount,A,0.833333333333,0.166666666667,6,3,5,3,5,0.75,0.5,blca_l10_k01_wi01_leak01_beta01,0
AABAAABB,relcount,A,0.833333333333,0.166666666667,6,3,5,3,5,0.75,0.5,naive,1
AABAAABB,relcount,A,0.833333333333,0.166666666667,6,3,5,3,5,0.75,0.5,lba_k01_d01,1
AABAAABB,relcount,A,0.833333333333,0.166666666667,6,3,5,3,5,0.75,0.5,abscount,0
AABAAABB,relcount,A,0.833333333333,0.166666666667,6,3,5,3,5,0.75,0.5,likelihood_ration,1
AABAAABB,likelihood_ration,A,1.38021124171,0,5,3,5,3,5,0.75,0.5,information,1
AABAAABB,likelihood_ration,A,1.38021124171,0,5,3,5,3,5,0.75,0.5,relcount,1
AABAAABB,likelihood_ration,A,1.38021124171,0,5,3,5,3,5,0.75,0.5,snr,0
AABAAABB,likelihood_ration,A,1.38021124171,0,5,3,5,3,5,0.75,0.5,gating_g04,0
AABAAABB,likelihood_ration,A,1.38021124171,0,5,3,5,3,5,0.75,0.5,blca_l10_k01_wi01_leak01_beta01,0
AABAAABB,likelihood_ration,A,1.38021124171,0,5,3,5,3,5,0.75,0.5,naive,1
AABAAABB,likelihood_ration,A,1.38021124171,0,5,3,5,3,5,0.75,0.5,lba_k01_d01,1
AABAAABB,likelihood_ration,A,1.38021124171,0,5,3,5,3,5,0.75,0.5,abscount,0
AAABBBBA,information,N,,,,4,4,4,4,0.75,0.75,relcount,-1
AAABBBBA,information,N,,,,4,4,4,4,0.75,0.75,snr,0
AAABBBBA,information,N,,,,4,4,4,4,0.75,0.75,gating_g04,-1
AAABBBBA,information,N,,,,4,4,4,4,0.75,0.75,blca_l10_k01_wi01_leak01_beta01,0
AAABBBBA,information,N,,,,4,4,4,4,0.75,0.75,naive,0
AAABBBBA,information,N,,,,4,4,4,4,0.75,0.75,lba_k01_d01,0
AAABBBBA,information,N,,,,4,4,4,4,0.75,0.75,abscount,-1
AAABBBBA,information,N,,,,4,4,4,4,0.75,0.75,likelihood_ration,-1
AAABBBBA,naive,A,0.75,0,1,4,4,4,4,0.75,0.75,information,0
AAABBBBA,naive,A,0.75,0,1,4,4,4,4,0.75,0.75,snr,0
AAABBBBA,naive,A,0.75,0,1,4,4,4,4,0.75,0.75,relcount,0
AAABBBBA,naive,A,0.75,0,1,4,4,4,4,0.75,0.75,blca_l10_k01_wi01_leak01_beta01,0
AAABBBBA,naive,A,0.75,0,1,4,4,4,4,0.75,0.75,gating_g04,0
AAABBBBA,naive,A,0.75,0,1,4,4,4,4,0.75,0.75,lba_k01_d01,1
AAABBBBA,naive,A,0.75,0,1,4,4,4,4,0.75,0.75,abscount,0
AAABBBBA,naive,A,0.75,0,1,4,4,4,4,0.75,0.75,likelihood_ration,0
AAABBBBA,lba_k01_d01,A,0.8,0.1,7,4,4,4,4,0.75,0.75,information,0
AAABBBBA,lba_k01_d01,A,0.8,0.1,7,4,4,4,4,0.75,0.75,relcount,0
AAABBBBA,lba_k01_d01,A,0.8,0.1,7,4,4,4,4,0.75,0.75,snr,0
AAABBBBA,lba_k01_d01,A,0.8,0.1,7,4,4,4,4,0.75,0.75,gating_g04,0
AAABBBBA,lba_k01_d01,A,0.8,0.1,7,4,4,4,4,0.75,0.75,blca_l10_k01_wi01_leak01_beta01,0
AAABBBBA,lba_k01_d01,A,0.8,0.1,7,4,4,4,4,0.75,0.75,naive,1
AAABBBBA,lba_k01_d01,A,0.8,0.1,7,4,4,4,4,0.75,0.75,abscount,0
AAABBBBA,lba_k01_d01,A,0.8,0.1,7,4,4,4,4,0.75,0.75,likelihood_ration,0
AAABBBBA,abscount,N,,,,4,4,4,4,0.75,0.75,information,-1
AAABBBBA,abscount,N,,,,4,4,4,4,0.75,0.75,snr,0
AAABBBBA,abscount,N,,,,4,4,4,4,0.75,0.75,gating_g04,-1
AAABBBBA,abscount,N,,,,4,4,4,4,0.75,0.75,blca_l10_k01_wi01_leak01_beta01,0
AAABBBBA,abscount,N,,,,4,4,4,4,0.75,0.75,naive,0
AAABBBBA,abscount,N,,,,4,4,4,4,0.75,0.75,lba_k01_d01,0
AAABBBBA,abscount,N,,,,4,4,4,4,0.75,0.75,relcount,-1
AAABBBBA,abscount,N,,,,4,4,4,4,0.75,0.75,likelihood_ration,-1
AAABBBBA,snr,B,1.33333333333,0.0,4,4,4,4,4,0.75,0.75,information,0
AAABBBBA,snr,B,1.33333333333,0.0,4,4,4,4,4,0.75,0.75,gating_g04,0
AAABBBBA,snr,B,1.33333333333,0.0,4,4,4,4,4,0.75,0.75,relcount,0
AAABBBBA,snr,B,1.33333333333,0.0,4,4,4,4,4,0.75,0.75,blca_l10_k01_wi01_leak01_beta01,1
AAABBBBA,snr,B,1.33333333333,0.0,4,4,4,4,4,0.75,0.75,naive,0
AAABBBBA,snr,B,1.33333333333,0.0,4,4,4,4,4,0.75,0.75,lba_k01_d01,0
AAABBBBA,snr,B,1.33333333333,0.0,4,4,4,4,4,0.75,0.75,abscount,0
AAABBBBA,snr,B,1.33333333333,0.0,4,4,4,4,4,0.75,0.75,likelihood_ration,0
AAABBBBA,blca_l10_k01_wi01_leak01_beta01,B,1.98,-0.98,1,4,4,4,4,0.75,0.75,information,0
AAABBBBA,blca_l10_k01_wi01_leak01_beta01,B,1.98,-0.98,1,4,4,4,4,0.75,0.75,snr,1
AAABBBBA,blca_l10_k01_wi01_leak01_beta01,B,1.98,-0.98,1,4,4,4,4,0.75,0.75,relcount,0
AAABBBBA,blca_l10_k01_wi01_leak01_beta01,B,1.98,-0.98,1,4,4,4,4,0.75,0.75,gating_g04,0
AAABBBBA,blca_l10_k01_wi01_leak01_beta01,B,1.98,-0.98,1,4,4,4,4,0.75,0.75,naive,0
AAABBBBA,blca_l10_k01_wi01_leak01_beta01,B,1.98,-0.98,1,4,4,4,4,0.75,0.75,lba_k01_d01,0
AAABBBBA,blca_l10_k01_wi01_leak01_beta01,B,1.98,-0.98,1,4,4,4,4,0.75,0.75,abscount,0
AAABBBBA,blca_l10_k01_wi01_leak01_beta01,B,1.98,-0.98,1,4,4,4,4,0.75,0.75,likelihood_ration,0
AAABBBBA,gating_g04,N,,,,4,4,4,4,0.75,0.75,information,-1
AAABBBBA,gating_g04,N,,,,4,4,4,4,0.75,0.75,snr,0
AAABBBBA,gating_g04,N,,,,4,4,4,4,0.75,0.75,relcount,-1
AAABBBBA,gating_g04,N,,,,4,4,4,4,0.75,0.75,blca_l10_k01_wi01_leak01_beta01,0
AAABBBBA,gating_g04,N,,,,4,4,4,4,0.75,0.75,naive,0
AAABBBBA,gating_g04,N,,,,4,4,4,4,0.75,0.75,lba_k01_d01,0
AAABBBBA,gating_g04,N,,,,4,4,4,4,0.75,0.75,abscount,-1
AAABBBBA,gating_g04,N,,,,4,4,4,4,0.75,0.75,likelihood_ration,-1
AAABBBBA,relcount,N,,,,4,4,4,4,0.75,0.75,information,-1
AAABBBBA,relcount,N,,,,4,4,4,4,0.75,0.75,snr,0
AAABBBBA,relcount,N,,,,4,4,4,4,0.75,0.75,gating_g04,-1
AAABBBBA,relcount,N,,,,4,4,4,4,0.75,0.75,blca_l10_k01_wi01_leak01_beta01,0
AAABBBBA,relcount,N,,,,4,4,4,4,0.75,0.75,naive,0
AAABBBBA,relcount,N,,,,4,4,4,4,0.75,0.75,lba_k01_d01,0
AAABBBBA,relcount,N,,,,4,4,4,4,0.75,0.75,abscount,-1
AAABBBBA,relcount,N,,,,4,4,4,4,0.75,0.75,likelihood_ration,-1
AAABBBBA,likelihood_ration,N,,,,4,4,4,4,0.75,0.75,information,-1
AAABBBBA,likelihood_ration,N,,,,4,4,4,4,0.75,0.75,relcount,-1
AAABBBBA,likelihood_ration,N,,,,4,4,4,4,0.75,0.75,snr,0
AAABBBBA,likelihood_ration,N,,,,4,4,4,4,0.75,0.75,gating_g04,-1
AAABBBBA,likelihood_ration,N,,,,4,4,4,4,0.75,0.75,blca_l10_k01_wi01_leak01_beta01,0
AAABBBBA,likelihood_ration,N,,,,4,4,4,4,0.75,0.75,naive,0
AAABBBBA,likelihood_ration,N,,,,4,4,4,4,0.75,0.75,lba_k01_d01,0
AAABBBBA,likelihood_ration,N,,,,4,4,4,4,0.75,0.75,abscount,-1
AAABBBBB,information,N,,,,3,3,5,5,0.75,1.0,relcount,-1
AAABBBBB,information,N,,,,3,3,5,5,0.75,1.0,snr,0
AAABBBBB,information,N,,,,3,3,5,5,0.75,1.0,gating_g04,-1
AAABBBBB,information,N,,,,3,3,5,5,0.75,1.0,blca_l10_k01_wi01_leak01_beta01,0
AAABBBBB,information,N,,,,3,3,5,5,0.75,1.0,naive,0
AAABBBBB,information,N,,,,3,3,5,5,0.75,1.0,lba_k01_d01,0
AAABBBBB,information,N,,,,3,3,5,5,0.75,1.0,abscount,-1
AAABBBBB,information,N,,,,3,3,5,5,0.75,1.0,likelihood_ration,-1
AAABBBBB,naive,A,0.75,0,1,3,3,5,5,0.75,1.0,information,0
AAABBBBB,naive,A,0.75,0,1,3,3,5,5,0.75,1.0,snr,0
AAABBBBB,naive,A,0.75,0,1,3,3,5,5,0.75,1.0,relcount,0
AAABBBBB,naive,A,0.75,0,1,3,3,5,5,0.75,1.0,blca_l10_k01_wi01_leak01_beta01,0
AAABBBBB,naive,A,0.75,0,1,3,3,5,5,0.75,1.0,gating_g04,0
AAABBBBB,naive,A,0.75,0,1,3,3,5,5,0.75,1.0,lba_k01_d01,1
AAABBBBB,naive,A,0.75,0,1,3,3,5,5,0.75,1.0,abscount,0
AAABBBBB,naive,A,0.75,0,1,3,3,5,5,0.75,1.0,likelihood_ration,0
AAABBBBB,lba_k01_d01,A,0.8,0.1,7,3,3,5,5,0.75,1.0,information,0
AAABBBBB,lba_k01_d01,A,0.8,0.1,7,3,3,5,5,0.75,1.0,relcount,0
AAABBBBB,lba_k01_d01,A,0.8,0.1,7,3,3,5,5,0.75,1.0,snr,0
AAABBBBB,lba_k01_d01,A,0.8,0.1,7,3,3,5,5,0.75,1.0,gating_g04,0
AAABBBBB,lba_k01_d01,A,0.8,0.1,7,3,3,5,5,0.75,1.0,blca_l10_k01_wi01_leak01_beta01,0
AAABBBBB,lba_k01_d01,A,0.8,0.1,7,3,3,5,5,0.75,1.0,naive,1
AAABBBBB,lba_k01_d01,A,0.8,0.1,7,3,3,5,5,0.75,1.0,abscount,0
AAABBBBB,lba_k01_d01,A,0.8,0.1,7,3,3,5,5,0.75,1.0,likelihood_ration,0
AAABBBBB,abscount,N,,,,3,3,5,5,0.75,1.0,information,-1
AAABBBBB,abscount,N,,,,3,3,5,5,0.75,1.0,snr,0
AAABBBBB,abscount,N,,,,3,3,5,5,0.75,1.0,gating_g04,-1
AAABBBBB,abscount,N,,,,3,3,5,5,0.75,1.0,blca_l10_k01_wi01_leak01_beta01,0
AAABBBBB,abscount,N,,,,3,3,5,5,0.75,1.0,naive,0
AAABBBBB,abscount,N,,,,3,3,5,5,0.75,1.0,lba_k01_d01,0
AAABBBBB,abscount,N,,,,3,3,5,5,0.75,1.0,relcount,-1
AAABBBBB,abscount,N,,,,3,3,5,5,0.75,1.0,likelihood_ration,-1
AAABBBBB,snr,B,1.33333333333,0.0,4,3,3,5,5,0.75,1.0,information,0
AAABBBBB,snr,B,1.33333333333,0.0,4,3,3,5,5,0.75,1.0,gating_g04,0
AAABBBBB,snr,B,1.33333333333,0.0,4,3,3,5,5,0.75,1.0,relcount,0
AAABBBBB,snr,B,1.33333333333,0.0,4,3,3,5,5,0.75,1.0,blca_l10_k01_wi01_leak01_beta01,1
AAABBBBB,snr,B,1.33333333333,0.0,4,3,3,5,5,0.75,1.0,naive,0
AAABBBBB,snr,B,1.33333333333,0.0,4,3,3,5,5,0.75,1.0,lba_k01_d01,0
AAABBBBB,snr,B,1.33333333333,0.0,4,3,3,5,5,0.75,1.0,abscount,0
AAABBBBB,snr,B,1.33333333333,0.0,4,3,3,5,5,0.75,1.0,likelihood_ration,0
AAABBBBB,blca_l10_k01_wi01_leak01_beta01,B,1.98,-0.98,1,3,3,5,5,0.75,1.0,information,0
AAABBBBB,blca_l10_k01_wi01_leak01_beta01,B,1.98,-0.98,1,3,3,5,5,0.75,1.0,snr,1
AAABBBBB,blca_l10_k01_wi01_leak01_beta01,B,1.98,-0.98,1,3,3,5,5,0.75,1.0,relcount,0
AAABBBBB,blca_l10_k01_wi01_leak01_beta01,B,1.98,-0.98,1,3,3,5,5,0.75,1.0,gating_g04,0
AAABBBBB,blca_l10_k01_wi01_leak01_beta01,B,1.98,-0.98,1,3,3,5,5,0.75,1.0,naive,0
AAABBBBB,blca_l10_k01_wi01_leak01_beta01,B,1.98,-0.98,1,3,3,5,5,0.75,1.0,lba_k01_d01,0
AAABBBBB,blca_l10_k01_wi01_leak01_beta01,B,1.98,-0.98,1,3,3,5,5,0.75,1.0,abscount,0
AAABBBBB,blca_l10_k01_wi01_leak01_beta01,B,1.98,-0.98,1,3,3,5,5,0.75,1.0,likelihood_ration,0
AAABBBBB,gating_g04,N,,,,3,3,5,5,0.75,1.0,information,-1
AAABBBBB,gating_g04,N,,,,3,3,5,5,0.75,1.0,snr,0
AAABBBBB,gating_g04,N,,,,3,3,5,5,0.75,1.0,relcount,-1
AAABBBBB,gating_g04,N,,,,3,3,5,5,0.75,1.0,blca_l10_k01_wi01_leak01_beta01,0
AAABBBBB,gating_g04,N,,,,3,3,5,5,0.75,1.0,naive,0
AAABBBBB,gating_g04,N,,,,3,3,5,5,0.75,1.0,lba_k01_d01,0
AAABBBBB,gating_g04,N,,,,3,3,5,5,0.75,1.0,abscount,-1
AAABBBBB,gating_g04,N,,,,3,3,5,5,0.75,1.0,likelihood_ration,-1
AAABBBBB,relcount,N,,,,3,3,5,5,0.75,1.0,information,-1
AAABBBBB,relcount,N,,,,3,3,5,5,0.75,1.0,snr,0
AAABBBBB,relcount,N,,,,3,3,5,5,0.75,1.0,gating_g04,-1
AAABBBBB,relcount,N,,,,3,3,5,5,0.75,1.0,blca_l10_k01_wi01_leak01_beta01,0
AAABBBBB,relcount,N,,,,3,3,5,5,0.75,1.0,naive,0
AAABBBBB,relcount,N,,,,3,3,5,5,0.75,1.0,lba_k01_d01,0
AAABBBBB,relcount,N,,,,3,3,5,5,0.75,1.0,abscount,-1
AAABBBBB,relcount,N,,,,3,3,5,5,0.75,1.0,likelihood_ration,-1
AAABBBBB,likelihood_ration,N,,,,3,3,5,5,0.75,1.0,information,-1
AAABBBBB,likelihood_ration,N,,,,3,3,5,5,0.75,1.0,relcount,-1
AAABBBBB,likelihood_ration,N,,,,3,3,5,5,0.75,1.0,snr,0
AAABBBBB,likelihood_ration,N,,,,3,3,5,5,0.75,1.0,gating_g04,-1
AAABBBBB,likelihood_ration,N,,,,3,3,5,5,0.75,1.0,blca_l10_k01_wi01_leak01_beta01,0
AAABBBBB,likelihood_ration,N,,,,3,3,5,5,0.75,1.0,naive,0
AAABBBBB,likelihood_ration,N,,,,3,3,5,5,0.75,1.0,lba_k01_d01,0
AAABBBBB,likelihood_ration,N,,,,3,3,5,5,0.75,1.0,abscount,-1
ABBABABB,information,N,,,,3,3,5,5,0.5,0.75,relcount,-1
ABBABABB,information,N,,,,3,3,5,5,0.5,0.75,snr,0
ABBABABB,information,N,,,,3,3,5,5,0.5,0.75,gating_g04,-1
ABBABABB,information,N,,,,3,3,5,5,0.5,0.75,blca_l10_k01_wi01_leak01_beta01,0
ABBABABB,information,N,,,,3,3,5,5,0.5,0.75,naive,0
ABBABABB,information,N,,,,3,3,5,5,0.5,0.75,lba_k01_d01,0
ABBABABB,information,N,,,,3,3,5,5,0.5,0.75,abscount,-1
ABBABABB,information,N,,,,3,3,5,5,0.5,0.75,likelihood_ration,-1
ABBABABB,naive,B,0.75,0,2,3,3,5,5,0.5,0.75,information,0
ABBABABB,naive,B,0.75,0,2,3,3,5,5,0.5,0.75,snr,1
ABBABABB,naive,B,0.75,0,2,3,3,5,5,0.5,0.75,relcount,0
ABBABABB,naive,B,0.75,0,2,3,3,5,5,0.5,0.75,blca_l10_k01_wi01_leak01_beta01,1
ABBABABB,naive,B,0.75,0,2,3,3,5,5,0.5,0.75,gating_g04,0
ABBABABB,naive,B,0.75,0,2,3,3,5,5,0.5,0.75,lba_k01_d01,0
ABBABABB,naive,B,0.75,0,2,3,3,5,5,0.5,0.75,abscount,0
ABBABABB,naive,B,0.75,0,2,3,3,5,5,0.5,0.75,likelihood_ration,0
ABBABABB,lba_k01_d01,A,0.8,0.1,7,3,3,5,5,0.5,0.75,information,0
ABBABABB,lba_k01_d01,A,0.8,0.1,7,3,3,5,5,0.5,0.75,relcount,0
ABBABABB,lba_k01_d01,A,0.8,0.1,7,3,3,5,5,0.5,0.75,snr,0
ABBABABB,lba_k01_d01,A,0.8,0.1,7,3,3,5,5,0.5,0.75,gating_g04,0
ABBABABB,lba_k01_d01,A,0.8,0.1,7,3,3,5,5,0.5,0.75,blca_l10_k01_wi01_leak01_beta01,0
ABBABABB,lba_k01_d01,A,0.8,0.1,7,3,3,5,5,0.5,0.75,naive,0
ABBABABB,lba_k01_d01,A,0.8,0.1,7,3,3,5,5,0.5,0.75,abscount,0
ABBABABB,lba_k01_d01,A,0.8,0.1,7,3,3,5,5,0.5,0.75,likelihood_ration,0
ABBABABB,abscount,N,,,,3,3,5,5,0.5,0.75,information,-1
ABBABABB,abscount,N,,,,3,3,5,5,0.5,0.75,snr,0
ABBABABB,abscount,N,,,,3,3,5,5,0.5,0.75,gating_g04,-1
ABBABABB,abscount,N,,,,3,3,5,5,0.5,0.75,blca_l10_k01_wi01_leak01_beta01,0
ABBABABB,abscount,N,,,,3,3,5,5,0.5,0.75,naive,0
ABBABABB,abscount,N,,,,3,3,5,5,0.5,0.75,lba_k01_d01,0
ABBABABB,abscount,N,,,,3,3,5,5,0.5,0.75,relcount,-1
ABBABABB,abscount,N,,,,3,3,5,5,0.5,0.75,likelihood_ration,-1
ABBABABB,snr,B,2.0,0.0,2,3,3,5,5,0.5,0.75,information,0
ABBABABB,snr,B,2.0,0.0,2,3,3,5,5,0.5,0.75,gating_g04,0
ABBABABB,snr,B,2.0,0.0,2,3,3,5,5,0.5,0.75,relcount,0
ABBABABB,snr,B,2.0,0.0,2,3,3,5,5,0.5,0.75,blca_l10_k01_wi01_leak01_beta01,1
ABBABABB,snr,B,2.0,0.0,2,3,3,5,5,0.5,0.75,naive,1
ABBABABB,snr,B,2.0,0.0,2,3,3,5,5,0.5,0.75,lba_k01_d01,0
ABBABABB,snr,B,2.0,0.0,2,3,3,5,5,0.5,0.75,abscount,0
ABBABABB,snr,B,2.0,0.0,2,3,3,5,5,0.5,0.75,likelihood_ration,0
ABBABABB,blca_l10_k01_wi01_leak01_beta01,B,1.98,-0.98,1,3,3,5,5,0.5,0.75,information,0
ABBABABB,blca_l10_k01_wi01_leak01_beta01,B,1.98,-0.98,1,3,3,5,5,0.5,0.75,snr,1
ABBABABB,blca_l10_k01_wi01_leak01_beta01,B,1.98,-0.98,1,3,3,5,5,0.5,0.75,relcount,0
ABBABABB,blca_l10_k01_wi01_leak01_beta01,B,1.98,-0.98,1,3,3,5,5,0.5,0.75,gating_g04,0
ABBABABB,blca_l10_k01_wi01_leak01_beta01,B,1.98,-0.98,1,3,3,5,5,0.5,0.75,naive,1
ABBABABB,blca_l10_k01_wi01_leak01_beta01,B,1.98,-0.98,1,3,3,5,5,0.5,0.75,lba_k01_d01,0
ABBABABB,blca_l10_k01_wi01_leak01_beta01,B,1.98,-0.98,1,3,3,5,5,0.5,0.75,abscount,0
ABBABABB,blca_l10_k01_wi01_leak01_beta01,B,1.98,-0.98,1,3,3,5,5,0.5,0.75,likelihood_ration,0
ABBABABB,gating_g04,N,,,,3,3,5,5,0.5,0.75,information,-1
ABBABABB,gating_g04,N,,,,3,3,5,5,0.5,0.75,snr,0
ABBABABB,gating_g04,N,,,,3,3,5,5,0.5,0.75,relcount,-1
ABBABABB,gating_g04,N,,,,3,3,5,5,0.5,0.75,blca_l10_k01_wi01_leak01_beta01,0
ABBABABB,gating_g04,N,,,,3,3,5,5,0.5,0.75,naive,0
ABBABABB,gating_g04,N,,,,3,3,5,5,0.5,0.75,lba_k01_d01,0
ABBABABB,gating_g04,N,,,,3,3,5,5,0.5,0.75,abscount,-1
ABBABABB,gating_g04,N,,,,3,3,5,5,0.5,0.75,likelihood_ration,-1
ABBABABB,relcount,N,,,,3,3,5,5,0.5,0.75,information,-1
ABBABABB,relcount,N,,,,3,3,5,5,0.5,0.75,snr,0
ABBABABB,relcount,N,,,,3,3,5,5,0.5,0.75,gating_g04,-1
ABBABABB,relcount,N,,,,3,3,5,5,0.5,0.75,blca_l10_k01_wi01_leak01_beta01,0
ABBABABB,relcount,N,,,,3,3,5,5,0.5,0.75,naive,0
ABBABABB,relcount,N,,,,3,3,5,5,0.5,0.75,lba_k01_d01,0
ABBABABB,relcount,N,,,,3,3,5,5,0.5,0.75,abscount,-1
ABBABABB,relcount,N,,,,3,3,5,5,0.5,0.75,likelihood_ration,-1
ABBABABB,likelihood_ration,N,,,,3,3,5,5,0.5,0.75,information,-1
ABBABABB,likelihood_ration,N,,,,3,3,5,5,0.5,0.75,relcount,-1
ABBABABB,likelihood_ration,N,,,,3,3,5,5,0.5,0.75,snr,0
ABBABABB,likelihood_ration,N,,,,3,3,5,5,0.5,0.75,gating_g04,-1
ABBABABB,likelihood_ration,N,,,,3,3,5,5,0.5,0.75,blca_l10_k01_wi01_leak01_beta01,0
ABBABABB,likelihood_ration,N,,,,3,3,5,5,0.5,0.75,naive,0
ABBABABB,likelihood_ration,N,,,,3,3,5,5,0.5,0.75,lba_k01_d01,0
ABBABABB,likelihood_ration,N,,,,3,3,5,5,0.5,0.75,abscount,-1
ABBABABA,information,N,,,,2,4,4,4,0.5,0.5,relcount,-1
ABBABABA,information,N,,,,2,4,4,4,0.5,0.5,snr,0
ABBABABA,information,N,,,,2,4,4,4,0.5,0.5,gating_g04,-1
ABBABABA,information,N,,,,2,4,4,4,0.5,0.5,blca_l10_k01_wi01_leak01_beta01,0
ABBABABA,information,N,,,,2,4,4,4,0.5,0.5,naive,0
ABBABABA,information,N,,,,2,4,4,4,0.5,0.5,lba_k01_d01,0
ABBABABA,information,N,,,,2,4,4,4,0.5,0.5,abscount,-1
ABBABABA,information,N,,,,2,4,4,4,0.5,0.5,likelihood_ration,-1
ABBABABA,naive,B,0.75,0,2,2,4,4,4,0.5,0.5,information,0
ABBABABA,naive,B,0.75,0,2,2,4,4,4,0.5,0.5,snr,1
ABBABABA,naive,B,0.75,0,2,2,4,4,4,0.5,0.5,relcount,0
ABBABABA,naive,B,0.75,0,2,2,4,4,4,0.5,0.5,blca_l10_k01_wi01_leak01_beta01,1
ABBABABA,naive,B,0.75,0,2,2,4,4,4,0.5,0.5,gating_g04,0
ABBABABA,naive,B,0.75,0,2,2,4,4,4,0.5,0.5,lba_k01_d01,0
ABBABABA,naive,B,0.75,0,2,2,4,4,4,0.5,0.5,abscount,0
ABBABABA,naive,B,0.75,0,2,2,4,4,4,0.5,0.5,likelihood_ration,0
ABBABABA,lba_k01_d01,A,0.8,0.1,7,2,4,4,4,0.5,0.5,information,0
ABBABABA,lba_k01_d01,A,0.8,0.1,7,2,4,4,4,0.5,0.5,relcount,0
ABBABABA,lba_k01_d01,A,0.8,0.1,7,2,4,4,4,0.5,0.5,snr,0
ABBABABA,lba_k01_d01,A,0.8,0.1,7,2,4,4,4,0.5,0.5,gating_g04,0
ABBABABA,lba_k01_d01,A,0.8,0.1,7,2,4,4,4,0.5,0.5,blca_l10_k01_wi01_leak01_beta01,0
ABBABABA,lba_k01_d01,A,0.8,0.1,7,2,4,4,4,0.5,0.5,naive,0
ABBABABA,lba_k01_d01,A,0.8,0.1,7,2,4,4,4,0.5,0.5,abscount,0
ABBABABA,lba_k01_d01,A,0.8,0.1,7,2,4,4,4,0.5,0.5,likelihood_ration,0
ABBABABA,abscount,N,,,,2,4,4,4,0.5,0.5,information,-1
ABBABABA,abscount,N,,,,2,4,4,4,0.5,0.5,snr,0
ABBABABA,abscount,N,,,,2,4,4,4,0.5,0.5,gating_g04,-1
ABBABABA,abscount,N,,,,2,4,4,4,0.5,0.5,blca_l10_k01_wi01_leak01_beta01,0
ABBABABA,abscount,N,,,,2,4,4,4,0.5,0.5,naive,0
ABBABABA,abscount,N,,,,2,4,4,4,0.5,0.5,lba_k01_d01,0
ABBABABA,abscount,N,,,,2,4,4,4,0.5,0.5,relcount,-1
ABBABABA,abscount,N,,,,2,4,4,4,0.5,0.5,likelihood_ration,-1
ABBABABA,snr,B,2.0,0.0,2,2,4,4,4,0.5,0.5,information,0
ABBABABA,snr,B,2.0,0.0,2,2,4,4,4,0.5,0.5,gating_g04,0
ABBABABA,snr,B,2.0,0.0,2,2,4,4,4,0.5,0.5,relcount,0
ABBABABA,snr,B,2.0,0.0,2,2,4,4,4,0.5,0.5,blca_l10_k01_wi01_leak01_beta01,1
ABBABABA,snr,B,2.0,0.0,2,2,4,4,4,0.5,0.5,naive,1
ABBABABA,snr,B,2.0,0.0,2,2,4,4,4,0.5,0.5,lba_k01_d01,0
ABBABABA,snr,B,2.0,0.0,2,2,4,4,4,0.5,0.5,abscount,0
ABBABABA,snr,B,2.0,0.0,2,2,4,4,4,0.5,0.5,likelihood_ration,0
ABBABABA,blca_l10_k01_wi01_leak01_beta01,B,1.98,-0.98,1,2,4,4,4,0.5,0.5,information,0
ABBABABA,blca_l10_k01_wi01_leak01_beta01,B,1.98,-0.98,1,2,4,4,4,0.5,0.5,snr,1
ABBABABA,blca_l10_k01_wi01_leak01_beta01,B,1.98,-0.98,1,2,4,4,4,0.5,0.5,relcount,0
ABBABABA,blca_l10_k01_wi01_leak01_beta01,B,1.98,-0.98,1,2,4,4,4,0.5,0.5,gating_g04,0
ABBABABA,blca_l10_k01_wi01_leak01_beta01,B,1.98,-0.98,1,2,4,4,4,0.5,0.5,naive,1
ABBABABA,blca_l10_k01_wi01_leak01_beta01,B,1.98,-0.98,1,2,4,4,4,0.5,0.5,lba_k01_d01,0
ABBABABA,blca_l10_k01_wi01_leak01_beta01,B,1.98,-0.98,1,2,4,4,4,0.5,0.5,abscount,0
ABBABABA,blca_l10_k01_wi01_leak01_beta01,B,1.98,-0.98,1,2,4,4,4,0.5,0.5,likelihood_ration,0
ABBABABA,gating_g04,N,,,,2,4,4,4,0.5,0.5,information,-1
ABBABABA,gating_g04,N,,,,2,4,4,4,0.5,0.5,snr,0
ABBABABA,gating_g04,N,,,,2,4,4,4,0.5,0.5,relcount,-1
ABBABABA,gating_g04,N,,,,2,4,4,4,0.5,0.5,blca_l10_k01_wi01_leak01_beta01,0
ABBABABA,gating_g04,N,,,,2,4,4,4,0.5,0.5,naive,0
ABBABABA,gating_g04,N,,,,2,4,4,4,0.5,0.5,lba_k01_d01,0
ABBABABA,gating_g04,N,,,,2,4,4,4,0.5,0.5,abscount,-1
ABBABABA,gating_g04,N,,,,2,4,4,4,0.5,0.5,likelihood_ration,-1
ABBABABA,relcount,N,,,,2,4,4,4,0.5,0.5,information,-1
ABBABABA,relcount,N,,,,2,4,4,4,0.5,0.5,snr,0
ABBABABA,relcount,N,,,,2,4,4,4,0.5,0.5,gating_g04,-1
ABBABABA,relcount,N,,,,2,4,4,4,0.5,0.5,blca_l10_k01_wi01_leak01_beta01,0
ABBABABA,relcount,N,,,,2,4,4,4,0.5,0.5,naive,0
ABBABABA,relcount,N,,,,2,4,4,4,0.5,0.5,lba_k01_d01,0
ABBABABA,relcount,N,,,,2,4,4,4,0.5,0.5,abscount,-1
ABBABABA,relcount,N,,,,2,4,4,4,0.5,0.5,likelihood_ration,-1
ABBABABA,likelihood_ration,N,,,,2,4,4,4,0.5,0.5,information,-1
ABBABABA,likelihood_ration,N,,,,2,4,4,4,0.5,0.5,relcount,-1
ABBABABA,likelihood_ration,N,,,,2,4,4,4,0.5,0.5,snr,0
ABBABABA,likelihood_ration,N,,,,2,4,4,4,0.5,0.5,gating_g04,-1
ABBABABA,likelihood_ration,N,,,,2,4,4,4,0.5,0.5,blca_l10_k01_wi01_leak01_beta01,0
ABBABABA,likelihood_ration,N,,,,2,4,4,4,0.5,0.5,naive,0
ABBABABA,likelihood_ration,N,,,,2,4,4,4,0.5,0.5,lba_k01_d01,0
ABBABABA,likelihood_ration,N,,,,2,4,4,4,0.5,0.5,abscount,-1
ABAABAAB,information,N,,,,3,5,3,5,0.75,0.5,relcount,-1
ABAABAAB,information,N,,,,3,5,3,5,0.75,0.5,snr,0
ABAABAAB,information,N,,,,3,5,3,5,0.75,0.5,gating_g04,-1
ABAABAAB,information,N,,,,3,5,3,5,0.75,0.5,blca_l10_k01_wi01_leak01_beta01,0
ABAABAAB,information,N,,,,3,5,3,5,0.75,0.5,naive,0
ABAABAAB,information,N,,,,3,5,3,5,0.75,0.5,lba_k01_d01,0
ABAABAAB,information,N,,,,3,5,3,5,0.75,0.5,abscount,-1
ABAABAAB,information,N,,,,3,5,3,5,0.75,0.5,likelihood_ration,0
ABAABAAB,naive,A,0.75,0,3,3,5,3,5,0.75,0.5,information,0
ABAABAAB,naive,A,0.75,0,3,3,5,3,5,0.75,0.5,snr,0
ABAABAAB,naive,A,0.75,0,3,3,5,3,5,0.75,0.5,relcount,0
ABAABAAB,naive,A,0.75,0,3,3,5,3,5,0.75,0.5,blca_l10_k01_wi01_leak01_beta01,0
ABAABAAB,naive,A,0.75,0,3,3,5,3,5,0.75,0.5,gating_g04,0
ABAABAAB,naive,A,0.75,0,3,3,5,3,5,0.75,0.5,lba_k01_d01,1
ABAABAAB,naive,A,0.75,0,3,3,5,3,5,0.75,0.5,abscount,0
ABAABAAB,naive,A,0.75,0,3,3,5,3,5,0.75,0.5,likelihood_ration,1
ABAABAAB,lba_k01_d01,A,0.8,0.1,7,3,5,3,5,0.75,0.5,information,0
ABAABAAB,lba_k01_d01,A,0.8,0.1,7,3,5,3,5,0.75,0.5,relcount,0
ABAABAAB,lba_k01_d01,A,0.8,0.1,7,3,5,3,5,0.75,0.5,snr,0
ABAABAAB,lba_k01_d01,A,0.8,0.1,7,3,5,3,5,0.75,0.5,gating_g04,0
ABAABAAB,lba_k01_d01,A,0.8,0.1,7,3,5,3,5,0.75,0.5,blca_l10_k01_wi01_leak01_beta01,0
ABAABAAB,lba_k01_d01,A,0.8,0.1,7,3,5,3,5,0.75,0.5,naive,1
ABAABAAB,lba_k01_d01,A,0.8,0.1,7,3,5,3,5,0.75,0.5,abscount,0
ABAABAAB,lba_k01_d01,A,0.8,0.1,7,3,5,3,5,0.75,0.5,likelihood_ration,1
ABAABAAB,abscount,N,,,,3,5,3,5,0.75,0.5,information,-1
ABAABAAB,abscount,N,,,,3,5,3,5,0.75,0.5,snr,0
ABAABAAB,abscount,N,,,,3,5,3,5,0.75,0.5,gating_g04,-1
ABAABAAB,abscount,N,,,,3,5,3,5,0.75,0.5,blca_l10_k01_wi01_leak01_beta01,0
ABAABAAB,abscount,N,,,,3,5,3,5,0.75,0.5,naive,0
ABAABAAB,abscount,N,,,,3,5,3,5,0.75,0.5,lba_k01_d01,0
ABAABAAB,abscount,N,,,,3,5,3,5,0.75,0.5,relcount,-1
ABAABAAB,abscount,N,,,,3,5,3,5,0.75,0.5,likelihood_ration,0
ABAABAAB,snr,B,2.0,0.0,2,3,5,3,5,0.75,0.5,information,0
ABAABAAB,snr,B,2.0,0.0,2,3,5,3,5,0.75,0.5,gating_g04,0
ABAABAAB,snr,B,2.0,0.0,2,3,5,3,5,0.75,0.5,relcount,0
ABAABAAB,snr,B,2.0,0.0,2,3,5,3,5,0.75,0.5,blca_l10_k01_wi01_leak01_beta01,1
ABAABAAB,snr,B,2.0,0.0,2,3,5,3,5,0.75,0.5,naive,0
ABAABAAB,snr,B,2.0,0.0,2,3,5,3,5,0.75,0.5,lba_k01_d01,0
ABAABAAB,snr,B,2.0,0.0,2,3,5,3,5,0.75,0.5,abscount,0
ABAABAAB,snr,B,2.0,0.0,2,3,5,3,5,0.75,0.5,likelihood_ration,0
ABAABAAB,blca_l10_k01_wi01_leak01_beta01,B,1.98,-0.98,1,3,5,3,5,0.75,0.5,information,0
ABAABAAB,blca_l10_k01_wi01_leak01_beta01,B,1.98,-0.98,1,3,5,3,5,0.75,0.5,snr,1
ABAABAAB,blca_l10_k01_wi01_leak01_beta01,B,1.98,-0.98,1,3,5,3,5,0.75,0.5,relcount,0
ABAABAAB,blca_l10_k01_wi01_leak01_beta01,B,1.98,-0.98,1,3,5,3,5,0.75,0.5,gating_g04,0
ABAABAAB,blca_l10_k01_wi01_leak01_beta01,B,1.98,-0.98,1,3,5,3,5,0.75,0.5,naive,0
ABAABAAB,blca_l10_k01_wi01_leak01_beta01,B,1.98,-0.98,1,3,5,3,5,0.75,0.5,lba_k01_d01,0
ABAABAAB,blca_l10_k01_wi01_leak01_beta01,B,1.98,-0.98,1,3,5,3,5,0.75,0.5,abscount,0
ABAABAAB,blca_l10_k01_wi01_leak01_beta01,B,1.98,-0.98,1,3,5,3,5,0.75,0.5,likelihood_ration,0
ABAABAAB,gating_g04,N,,,,3,5,3,5,0.75,0.5,information,-1
ABAABAAB,gating_g04,N,,,,3,5,3,5,0.75,0.5,snr,0
ABAABAAB,gating_g04,N,,,,3,5,3,5,0.75,0.5,relcount,-1
ABAABAAB,gating_g04,N,,,,3,5,3,5,0.75,0.5,blca_l10_k01_wi01_leak01_beta01,0
ABAABAAB,gating_g04,N,,,,3,5,3,5,0.75,0.5,naive,0
ABAABAAB,gating_g04,N,,,,3,5,3,5,0.75,0.5,lba_k01_d01,0
ABAABAAB,gating_g04,N,,,,3,5,3,5,0.75,0.5,abscount,-1
ABAABAAB,gating_g04,N,,,,3,5,3,5,0.75,0.5,likelihood_ration,0
ABAABAAB,relcount,N,,,,3,5,3,5,0.75,0.5,information,-1
ABAABAAB,relcount,N,,,,3,5,3,5,0.75,0.5,snr,0
ABAABAAB,relcount,N,,,,3,5,3,5,0.75,0.5,gating_g04,-1
ABAABAAB,relcount,N,,,,3,5,3,5,0.75,0.5,blca_l10_k01_wi01_leak01_beta01,0
ABAABAAB,relcount,N,,,,3,5,3,5,0.75,0.5,naive,0
ABAABAAB,relcount,N,,,,3,5,3,5,0.75,0.5,lba_k01_d01,0
ABAABAAB,relcount,N,,,,3,5,3,5,0.75,0.5,abscount,-1
ABAABAAB,relcount,N,,,,3,5,3,5,0.75,0.5,likelihood_ration,0
ABAABAAB,likelihood_ration,A,1.65321251378,0,7,3,5,3,5,0.75,0.5,information,0
ABAABAAB,likelihood_ration,A,1.65321251378,0,7,3,5,3,5,0.75,0.5,relcount,0
ABAABAAB,likelihood_ration,A,1.65321251378,0,7,3,5,3,5,0.75,0.5,snr,0
ABAABAAB,likelihood_ration,A,1.65321251378,0,7,3,5,3,5,0.75,0.5,gating_g04,0
ABAABAAB,likelihood_ration,A,1.65321251378,0,7,3,5,3,5,0.75,0.5,blca_l10_k01_wi01_leak01_beta01,0
ABAABAAB,likelihood_ration,A,1.65321251378,0,7,3,5,3,5,0.75,0.5,naive,1
ABAABAAB,likelihood_ration,A,1.65321251378,0,7,3,5,3,5,0.75,0.5,lba_k01_d01,1
ABAABAAB,likelihood_ration,A,1.65321251378,0,7,3,5,3,5,0.75,0.5,abscount,0
ABAABAAA,information,A,1.125,0.375,8,4,6,2,6,0.75,0.75,relcount,0
ABAABAAA,information,A,1.125,0.375,8,4,6,2,6,0.75,0.75,snr,0
ABAABAAA,information,A,1.125,0.375,8,4,6,2,6,0.75,0.75,gating_g04,0
ABAABAAA,information,A,1.125,0.375,8,4,6,2,6,0.75,0.75,blca_l10_k01_wi01_leak01_beta01,0
ABAABAAA,information,A,1.125,0.375,8,4,6,2,6,0.75,0.75,naive,1
ABAABAAA,information,A,1.125,0.375,8,4,6,2,6,0.75,0.75,lba_k01_d01,1
ABAABAAA,information,A,1.125,0.375,8,4,6,2,6,0.75,0.75,abscount,0
ABAABAAA,information,A,1.125,0.375,8,4,6,2,6,0.75,0.75,likelihood_ration,1
ABAABAAA,naive,A,0.75,0,3,4,6,2,6,0.75,0.75,information,1
ABAABAAA,naive,A,0.75,0,3,4,6,2,6,0.75,0.75,snr,0
ABAABAAA,naive,A,0.75,0,3,4,6,2,6,0.75,0.75,relcount,0
ABAABAAA,naive,A,0.75,0,3,4,6,2,6,0.75,0.75,blca_l10_k01_wi01_leak01_beta01,0
ABAABAAA,naive,A,0.75,0,3,4,6,2,6,0.75,0.75,gating_g04,0
ABAABAAA,naive,A,0.75,0,3,4,6,2,6,0.75,0.75,lba_k01_d01,1
ABAABAAA,naive,A,0.75,0,3,4,6,2,6,0.75,0.75,abscount,0
ABAABAAA,naive,A,0.75,0,3,4,6,2,6,0.75,0.75,likelihood_ration,1
ABAABAAA,lba_k01_d01,A,0.8,0.1,7,4,6,2,6,0.75,0.75,information,1
ABAABAAA,lba_k01_d01,A,0.8,0.1,7,4,6,2,6,0.75,0.75,relcount,0
ABAABAAA,lba_k01_d01,A,0.8,0.1,7,4,6,2,6,0.75,0.75,snr,0
ABAABAAA,lba_k01_d01,A,0.8,0.1,7,4,6,2,6,0.75,0.75,gating_g04,0
ABAABAAA,lba_k01_d01,A,0.8,0.1,7,4,6,2,6,0.75,0.75,blca_l10_k01_wi01_leak01_beta01,0
ABAABAAA,lba_k01_d01,A,0.8,0.1,7,4,6,2,6,0.75,0.75,naive,1
ABAABAAA,lba_k01_d01,A,0.8,0.1,7,4,6,2,6,0.75,0.75,abscount,0
ABAABAAA,lba_k01_d01,A,0.8,0.1,7,4,6,2,6,0.75,0.75,likelihood_ration,1
ABAABAAA,abscount,N,,,,4,6,2,6,0.75,0.75,information,0
ABAABAAA,abscount,N,,,,4,6,2,6,0.75,0.75,snr,0
ABAABAAA,abscount,N,,,,4,6,2,6,0.75,0.75,gating_g04,-1
ABAABAAA,abscount,N,,,,4,6,2,6,0.75,0.75,blca_l10_k01_wi01_leak01_beta01,0
ABAABAAA,abscount,N,,,,4,6,2,6,0.75,0.75,naive,0
ABAABAAA,abscount,N,,,,4,6,2,6,0.75,0.75,lba_k01_d01,0
ABAABAAA,abscount,N,,,,4,6,2,6,0.75,0.75,relcount,-1
ABAABAAA,abscount,N,,,,4,6,2,6,0.75,0.75,likelihood_ration,0
ABAABAAA,snr,B,2.0,0.0,2,4,6,2,6,0.75,0.75,information,0
ABAABAAA,snr,B,2.0,0.0,2,4,6,2,6,0.75,0.75,gating_g04,0
ABAABAAA,snr,B,2.0,0.0,2,4,6,2,6,0.75,0.75,relcount,0
ABAABAAA,snr,B,2.0,0.0,2,4,6,2,6,0.75,0.75,blca_l10_k01_wi01_leak01_beta01,1
ABAABAAA,snr,B,2.0,0.0,2,4,6,2,6,0.75,0.75,naive,0
ABAABAAA,snr,B,2.0,0.0,2,4,6,2,6,0.75,0.75,lba_k01_d01,0
ABAABAAA,snr,B,2.0,0.0,2,4,6,2,6,0.75,0.75,abscount,0
ABAABAAA,snr,B,2.0,0.0,2,4,6,2,6,0.75,0.75,likelihood_ration,0
ABAABAAA,blca_l10_k01_wi01_leak01_beta01,B,1.98,-0.98,1,4,6,2,6,0.75,0.75,information,0
ABAABAAA,blca_l10_k01_wi01_leak01_beta01,B,1.98,-0.98,1,4,6,2,6,0.75,0.75,snr,1
ABAABAAA,blca_l10_k01_wi01_leak01_beta01,B,1.98,-0.98,1,4,6,2,6,0.75,0.75,relcount,0
ABAABAAA,blca_l10_k01_wi01_leak01_beta01,B,1.98,-0.98,1,4,6,2,6,0.75,0.75,gating_g04,0
ABAABAAA,blca_l10_k01_wi01_leak01_beta01,B,1.98,-0.98,1,4,6,2,6,0.75,0.75,naive,0
ABAABAAA,blca_l10_k01_wi01_leak01_beta01,B,1.98,-0.98,1,4,6,2,6,0.75,0.75,lba_k01_d01,0
ABAABAAA,blca_l10_k01_wi01_leak01_beta01,B,1.98,-0.98,1,4,6,2,6,0.75,0.75,abscount,0
ABAABAAA,blca_l10_k01_wi01_leak01_beta01,B,1.98,-0.98,1,4,6,2,6,0.75,0.75,likelihood_ration,0
ABAABAAA,gating_g04,N,,,,4,6,2,6,0.75,0.75,information,0
ABAABAAA,gating_g04,N,,,,4,6,2,6,0.75,0.75,snr,0
ABAABAAA,gating_g04,N,,,,4,6,2,6,0.75,0.75,relcount,-1
ABAABAAA,gating_g04,N,,,,4,6,2,6,0.75,0.75,blca_l10_k01_wi01_leak01_beta01,0
ABAABAAA,gating_g04,N,,,,4,6,2,6,0.75,0.75,naive,0
ABAABAAA,gating_g04,N,,,,4,6,2,6,0.75,0.75,lba_k01_d01,0
ABAABAAA,gating_g04,N,,,,4,6,2,6,0.75,0.75,abscount,-1
ABAABAAA,gating_g04,N,,,,4,6,2,6,0.75,0.75,likelihood_ration,0
ABAABAAA,relcount,N,,,,4,6,2,6,0.75,0.75,information,0
ABAABAAA,relcount,N,,,,4,6,2,6,0.75,0.75,snr,0
ABAABAAA,relcount,N,,,,4,6,2,6,0.75,0.75,gating_g04,-1
ABAABAAA,relcount,N,,,,4,6,2,6,0.75,0.75,blca_l10_k01_wi01_leak01_beta01,0
ABAABAAA,relcount,N,,,,4,6,2,6,0.75,0.75,naive,0
ABAABAAA,relcount,N,,,,4,6,2,6,0.75,0.75,lba_k01_d01,0
ABAABAAA,relcount,N,,,,4,6,2,6,0.75,0.75,abscount,-1
ABAABAAA,relcount,N,,,,4,6,2,6,0.75,0.75,likelihood_ration,0
ABAABAAA,likelihood_ration,A,1.65321251378,0,7,4,6,2,6,0.75,0.75,information,1
ABAABAAA,likelihood_ration,A,1.65321251378,0,7,4,6,2,6,0.75,0.75,relcount,0
ABAABAAA,likelihood_ration,A,1.65321251378,0,7,4,6,2,6,0.75,0.75,snr,0
ABAABAAA,likelihood_ration,A,1.65321251378,0,7,4,6,2,6,0.75,0.75,gating_g04,0
ABAABAAA,likelihood_ration,A,1.65321251378,0,7,4,6,2,6,0.75,0.75,blca_l10_k01_wi01_leak01_beta01,0
ABAABAAA,likelihood_ration,A,1.65321251378,0,7,4,6,2,6,0.75,0.75,naive,1
ABAABAAA,likelihood_ration,A,1.65321251378,0,7,4,6,2,6,0.75,0.75,lba_k01_d01,1
ABAABAAA,likelihood_ration,A,1.65321251378,0,7,4,6,2,6,0.75,0.75,abscount,0
ABBAAABB,information,N,,,,4,4,4,4,0.5,0.5,relcount,-1
ABBAAABB,information,N,,,,4,4,4,4,0.5,0.5,snr,0
ABBAAABB,information,N,,,,4,4,4,4,0.5,0.5,gating_g04,-1
ABBAAABB,information,N,,,,4,4,4,4,0.5,0.5,blca_l10_k01_wi01_leak01_beta01,0
ABBAAABB,information,N,,,,4,4,4,4,0.5,0.5,naive,0
ABBAAABB,information,N,,,,4,4,4,4,0.5,0.5,lba_k01_d01,0
ABBAAABB,information,N,,,,4,4,4,4,0.5,0.5,abscount,-1
ABBAAABB,information,N,,,,4,4,4,4,0.5,0.5,likelihood_ration,-1
ABBAAABB,naive,B,0.75,0,2,4,4,4,4,0.5,0.5,information,0
ABBAAABB,naive,B,0.75,0,2,4,4,4,4,0.5,0.5,snr,1
ABBAAABB,naive,B,0.75,0,2,4,4,4,4,0.5,0.5,relcount,0
ABBAAABB,naive,B,0.75,0,2,4,4,4,4,0.5,0.5,blca_l10_k01_wi01_leak01_beta01,1
ABBAAABB,naive,B,0.75,0,2,4,4,4,4,0.5,0.5,gating_g04,0
ABBAAABB,naive,B,0.75,0,2,4,4,4,4,0.5,0.5,lba_k01_d01,0
ABBAAABB,naive,B,0.75,0,2,4,4,4,4,0.5,0.5,abscount,0
ABBAAABB,naive,B,0.75,0,2,4,4,4,4,0.5,0.5,likelihood_ration,0
ABBAAABB,lba_k01_d01,A,0.8,0.1,7,4,4,4,4,0.5,0.5,information,0
ABBAAABB,lba_k01_d01,A,0.8,0.1,7,4,4,4,4,0.5,0.5,relcount,0
ABBAAABB,lba_k01_d01,A,0.8,0.1,7,4,4,4,4,0.5,0.5,snr,0
ABBAAABB,lba_k01_d01,A,0.8,0.1,7,4,4,4,4,0.5,0.5,gating_g04,0
ABBAAABB,lba_k01_d01,A,0.8,0.1,7,4,4,4,4,0.5,0.5,blca_l10_k01_wi01_leak01_beta01,0
ABBAAABB,lba_k01_d01,A,0.8,0.1,7,4,4,4,4,0.5,0.5,naive,0
ABBAAABB,lba_k01_d01,A,0.8,0.1,7,4,4,4,4,0.5,0.5,abscount,0
ABBAAABB,lba_k01_d01,A,0.8,0.1,7,4,4,4,4,0.5,0.5,likelihood_ration,0
ABBAAABB,abscount,N,,,,4,4,4,4,0.5,0.5,information,-1
ABBAAABB,abscount,N,,,,4,4,4,4,0.5,0.5,snr,0
ABBAAABB,abscount,N,,,,4,4,4,4,0.5,0.5,gating_g04,-1
ABBAAABB,abscount,N,,,,4,4,4,4,0.5,0.5,blca_l10_k01_wi01_leak01_beta01,0
ABBAAABB,abscount,N,,,,4,4,4,4,0.5,0.5,naive,0
ABBAAABB,abscount,N,,,,4,4,4,4,0.5,0.5,lba_k01_d01,0
ABBAAABB,abscount,N,,,,4,4,4,4,0.5,0.5,relcount,-1
ABBAAABB,abscount,N,,,,4,4,4,4,0.5,0.5,likelihood_ration,-1
ABBAAABB,snr,B,2.0,0.0,2,4,4,4,4,0.5,0.5,information,0
ABBAAABB,snr,B,2.0,0.0,2,4,4,4,4,0.5,0.5,gating_g04,0
ABBAAABB,snr,B,2.0,0.0,2,4,4,4,4,0.5,0.5,relcount,0
ABBAAABB,snr,B,2.0,0.0,2,4,4,4,4,0.5,0.5,blca_l10_k01_wi01_leak01_beta01,1
ABBAAABB,snr,B,2.0,0.0,2,4,4,4,4,0.5,0.5,naive,1
ABBAAABB,snr,B,2.0,0.0,2,4,4,4,4,0.5,0.5,lba_k01_d01,0
ABBAAABB,snr,B,2.0,0.0,2,4,4,4,4,0.5,0.5,abscount,0
ABBAAABB,snr,B,2.0,0.0,2,4,4,4,4,0.5,0.5,likelihood_ration,0
ABBAAABB,blca_l10_k01_wi01_leak01_beta01,B,1.98,-0.98,1,4,4,4,4,0.5,0.5,information,0
ABBAAABB,blca_l10_k01_wi01_leak01_beta01,B,1.98,-0.98,1,4,4,4,4,0.5,0.5,snr,1
ABBAAABB,blca_l10_k01_wi01_leak01_beta01,B,1.98,-0.98,1,4,4,4,4,0.5,0.5,relcount,0
ABBAAABB,blca_l10_k01_wi01_leak01_beta01,B,1.98,-0.98,1,4,4,4,4,0.5,0.5,gating_g04,0
ABBAAABB,blca_l10_k01_wi01_leak01_beta01,B,1.98,-0.98,1,4,4,4,4,0.5,0.5,naive,1
ABBAAABB,blca_l10_k01_wi01_leak01_beta01,B,1.98,-0.98,1,4,4,4,4,0.5,0.5,lba_k01_d01,0
ABBAAABB,blca_l10_k01_wi01_leak01_beta01,B,1.98,-0.98,1,4,4,4,4,0.5,0.5,abscount,0
ABBAAABB,blca_l10_k01_wi01_leak01_beta01,B,1.98,-0.98,1,4,4,4,4,0.5,0.5,likelihood_ration,0
ABBAAABB,gating_g04,N,,,,4,4,4,4,0.5,0.5,information,-1
ABBAAABB,gating_g04,N,,,,4,4,4,4,0.5,0.5,snr,0
ABBAAABB,gating_g04,N,,,,4,4,4,4,0.5,0.5,relcount,-1
ABBAAABB,gating_g04,N,,,,4,4,4,4,0.5,0.5,blca_l10_k01_wi01_leak01_beta01,0
ABBAAABB,gating_g04,N,,,,4,4,4,4,0.5,0.5,naive,0
ABBAAABB,gating_g04,N,,,,4,4,4,4,0.5,0.5,lba_k01_d01,0
ABBAAABB,gating_g04,N,,,,4,4,4,4,0.5,0.5,abscount,-1
ABBAAABB,gating_g04,N,,,,4,4,4,4,0.5,0.5,likelihood_ration,-1
ABBAAABB,relcount,N,,,,4,4,4,4,0.5,0.5,information,-1
ABBAAABB,relcount,N,,,,4,4,4,4,0.5,0.5,snr,0
ABBAAABB,relcount,N,,,,4,4,4,4,0.5,0.5,gating_g04,-1
ABBAAABB,relcount,N,,,,4,4,4,4,0.5,0.5,blca_l10_k01_wi01_leak01_beta01,0
ABBAAABB,relcount,N,,,,4,4,4,4,0.5,0.5,naive,0
ABBAAABB,relcount,N,,,,4,4,4,4,0.5,0.5,lba_k01_d01,0
ABBAAABB,relcount,N,,,,4,4,4,4,0.5,0.5,abscount,-1
ABBAAABB,relcount,N,,,,4,4,4,4,0.5,0.5,likelihood_ration,-1
ABBAAABB,likelihood_ration,N,,,,4,4,4,4,0.5,0.5,information,-1
ABBAAABB,likelihood_ration,N,,,,4,4,4,4,0.5,0.5,relcount,-1
ABBAAABB,likelihood_ration,N,,,,4,4,4,4,0.5,0.5,snr,0
ABBAAABB,likelihood_ration,N,,,,4,4,4,4,0.5,0.5,gating_g04,-1
ABBAAABB,likelihood_ration,N,,,,4,4,4,4,0.5,0.5,blca_l10_k01_wi01_leak01_beta01,0
ABBAAABB,likelihood_ration,N,,,,4,4,4,4,0.5,0.5,naive,0
ABBAAABB,likelihood_ration,N,,,,4,4,4,4,0.5,0.5,lba_k01_d01,0
ABBAAABB,likelihood_ration,N,,,,4,4,4,4,0.5,0.5,abscount,-1
ABBABBBA,information,N,,,,3,3,5,5,0.5,0.75,relcount,-1
ABBABBBA,information,N,,,,3,3,5,5,0.5,0.75,snr,0
ABBABBBA,information,N,,,,3,3,5,5,0.5,0.75,gating_g04,-1
ABBABBBA,information,N,,,,3,3,5,5,0.5,0.75,blca_l10_k01_wi01_leak01_beta01,0
ABBABBBA,information,N,,,,3,3,5,5,0.5,0.75,naive,0
ABBABBBA,information,N,,,,3,3,5,5,0.5,0.75,lba_k01_d01,0
ABBABBBA,information,N,,,,3,3,5,5,0.5,0.75,abscount,-1
ABBABBBA,information,N,,,,3,3,5,5,0.5,0.75,likelihood_ration,0
ABBABBBA,naive,B,0.75,0,2,3,3,5,5,0.5,0.75,information,0
ABBABBBA,naive,B,0.75,0,2,3,3,5,5,0.5,0.75,snr,1
ABBABBBA,naive,B,0.75,0,2,3,3,5,5,0.5,0.75,relcount,0
ABBABBBA,naive,B,0.75,0,2,3,3,5,5,0.5,0.75,blca_l10_k01_wi01_leak01_beta01,1
ABBABBBA,naive,B,0.75,0,2,3,3,5,5,0.5,0.75,gating_g04,0
ABBABBBA,naive,B,0.75,0,2,3,3,5,5,0.5,0.75,lba_k01_d01,0
ABBABBBA,naive,B,0.75,0,2,3,3,5,5,0.5,0.75,abscount,0
ABBABBBA,naive,B,0.75,0,2,3,3,5,5,0.5,0.75,likelihood_ration,1
ABBABBBA,lba_k01_d01,A,0.8,0.1,7,3,3,5,5,0.5,0.75,information,0
ABBABBBA,lba_k01_d01,A,0.8,0.1,7,3,3,5,5,0.5,0.75,relcount,0
ABBABBBA,lba_k01_d01,A,0.8,0.1,7,3,3,5,5,0.5,0.75,snr,0
ABBABBBA,lba_k01_d01,A,0.8,0.1,7,3,3,5,5,0.5,0.75,gating_g04,0
ABBABBBA,lba_k01_d01,A,0.8,0.1,7,3,3,5,5,0.5,0.75,blca_l10_k01_wi01_leak01_beta01,0
ABBABBBA,lba_k01_d01,A,0.8,0.1,7,3,3,5,5,0.5,0.75,naive,0
ABBABBBA,lba_k01_d01,A,0.8,0.1,7,3,3,5,5,0.5,0.75,abscount,0
ABBABBBA,lba_k01_d01,A,0.8,0.1,7,3,3,5,5,0.5,0.75,likelihood_ration,0
ABBABBBA,abscount,N,,,,3,3,5,5,0.5,0.75,information,-1
ABBABBBA,abscount,N,,,,3,3,5,5,0.5,0.75,snr,0
ABBABBBA,abscount,N,,,,3,3,5,5,0.5,0.75,gating_g04,-1
ABBABBBA,abscount,N,,,,3,3,5,5,0.5,0.75,blca_l10_k01_wi01_leak01_beta01,0
ABBABBBA,abscount,N,,,,3,3,5,5,0.5,0.75,naive,0
ABBABBBA,abscount,N,,,,3,3,5,5,0.5,0.75,lba_k01_d01,0
ABBABBBA,abscount,N,,,,3,3,5,5,0.5,0.75,relcount,-1
ABBABBBA,abscount,N,,,,3,3,5,5,0.5,0.75,likelihood_ration,0
ABBABBBA,snr,B,2.0,0.0,2,3,3,5,5,0.5,0.75,information,0
ABBABBBA,snr,B,2.0,0.0,2,3,3,5,5,0.5,0.75,gating_g04,0
ABBABBBA,snr,B,2.0,0.0,2,3,3,5,5,0.5,0.75,relcount,0
ABBABBBA,snr,B,2.0,0.0,2,3,3,5,5,0.5,0.75,blca_l10_k01_wi01_leak01_beta01,1
ABBABBBA,snr,B,2.0,0.0,2,3,3,5,5,0.5,0.75,naive,1
ABBABBBA,snr,B,2.0,0.0,2,3,3,5,5,0.5,0.75,lba_k01_d01,0
ABBABBBA,snr,B,2.0,0.0,2,3,3,5,5,0.5,0.75,abscount,0
ABBABBBA,snr,B,2.0,0.0,2,3,3,5,5,0.5,0.75,likelihood_ration,1
ABBABBBA,blca_l10_k01_wi01_leak01_beta01,B,1.98,-0.98,1,3,3,5,5,0.5,0.75,information,0
ABBABBBA,blca_l10_k01_wi01_leak01_beta01,B,1.98,-0.98,1,3,3,5,5,0.5,0.75,snr,1
ABBABBBA,blca_l10_k01_wi01_leak01_beta01,B,1.98,-0.98,1,3,3,5,5,0.5,0.75,relcount,0
ABBABBBA,blca_l10_k01_wi01_leak01_beta01,B,1.98,-0.98,1,3,3,5,5,0.5,0.75,gating_g04,0
ABBABBBA,blca_l10_k01_wi01_leak01_beta01,B,1.98,-0.98,1,3,3,5,5,0.5,0.75,naive,1
ABBABBBA,blca_l10_k01_wi01_leak01_beta01,B,1.98,-0.98,1,3,3,5,5,0.5,0.75,lba_k01_d01,0
ABBABBBA,blca_l10_k01_wi01_leak01_beta01,B,1.98,-0.98,1,3,3,5,5,0.5,0.75,abscount,0
ABBABBBA,blca_l10_k01_wi01_leak01_beta01,B,1.98,-0.98,1,3,3,5,5,0.5,0.75,likelihood_ration,1
ABBABBBA,gating_g04,N,,,,3,3,5,5,0.5,0.75,information,-1
ABBABBBA,gating_g04,N,,,,3,3,5,5,0.5,0.75,snr,0
ABBABBBA,gating_g04,N,,,,3,3,5,5,0.5,0.75,relcount,-1
ABBABBBA,gating_g04,N,,,,3,3,5,5,0.5,0.75,blca_l10_k01_wi01_leak01_beta01,0
ABBABBBA,gating_g04,N,,,,3,3,5,5,0.5,0.75,naive,0
ABBABBBA,gating_g04,N,,,,3,3,5,5,0.5,0.75,lba_k01_d01,0
ABBABBBA,gating_g04,N,,,,3,3,5,5,0.5,0.75,abscount,-1
ABBABBBA,gating_g04,N,,,,3,3,5,5,0.5,0.75,likelihood_ration,0
ABBABBBA,relcount,N,,,,3,3,5,5,0.5,0.75,information,-1
ABBABBBA,relcount,N,,,,3,3,5,5,0.5,0.75,snr,0
ABBABBBA,relcount,N,,,,3,3,5,5,0.5,0.75,gating_g04,-1
ABBABBBA,relcount,N,,,,3,3,5,5,0.5,0.75,blca_l10_k01_wi01_leak01_beta01,0
ABBABBBA,relcount,N,,,,3,3,5,5,0.5,0.75,naive,0
ABBABBBA,relcount,N,,,,3,3,5,5,0.5,0.75,lba_k01_d01,0
ABBABBBA,relcount,N,,,,3,3,5,5,0.5,0.75,abscount,-1
ABBABBBA,relcount,N,,,,3,3,5,5,0.5,0.75,likelihood_ration,0
ABBABBBA,likelihood_ration,B,-1.39794000867,0,8,3,3,5,5,0.5,0.75,information,0
ABBABBBA,likelihood_ration,B,-1.39794000867,0,8,3,3,5,5,0.5,0.75,relcount,0
ABBABBBA,likelihood_ration,B,-1.39794000867,0,8,3,3,5,5,0.5,0.75,snr,1
ABBABBBA,likelihood_ration,B,-1.39794000867,0,8,3,3,5,5,0.5,0.75,gating_g04,0
ABBABBBA,likelihood_ration,B,-1.39794000867,0,8,3,3,5,5,0.5,0.75,blca_l10_k01_wi01_leak01_beta01,1
ABBABBBA,likelihood_ration,B,-1.39794000867,0,8,3,3,5,5,0.5,0.75,naive,1
ABBABBBA,likelihood_ration,B,-1.39794000867,0,8,3,3,5,5,0.5,0.75,lba_k01_d01,0
ABBABBBA,likelihood_ration,B,-1.39794000867,0,8,3,3,5,5,0.5,0.75,abscount,0
ABBABBBB,information,B,1.125,0.375,8,4,2,6,6,0.5,1.0,relcount,0
ABBABBBB,information,B,1.125,0.375,8,4,2,6,6,0.5,1.0,snr,1
ABBABBBB,information,B,1.125,0.375,8,4,2,6,6,0.5,1.0,gating_g04,0
ABBABBBB,information,B,1.125,0.375,8,4,2,6,6,0.5,1.0,blca_l10_k01_wi01_leak01_beta01,1
ABBABBBB,information,B,1.125,0.375,8,4,2,6,6,0.5,1.0,naive,1
ABBABBBB,information,B,1.125,0.375,8,4,2,6,6,0.5,1.0,lba_k01_d01,0
ABBABBBB,information,B,1.125,0.375,8,4,2,6,6,0.5,1.0,abscount,0
ABBABBBB,information,B,1.125,0.375,8,4,2,6,6,0.5,1.0,likelihood_ration,1
ABBABBBB,naive,B,0.75,0,2,4,2,6,6,0.5,1.0,information,1
ABBABBBB,naive,B,0.75,0,2,4,2,6,6,0.5,1.0,snr,1
ABBABBBB,naive,B,0.75,0,2,4,2,6,6,0.5,1.0,relcount,0
ABBABBBB,naive,B,0.75,0,2,4,2,6,6,0.5,1.0,blca_l10_k01_wi01_leak01_beta01,1
ABBABBBB,naive,B,0.75,0,2,4,2,6,6,0.5,1.0,gating_g04,0
ABBABBBB,naive,B,0.75,0,2,4,2,6,6,0.5,1.0,lba_k01_d01,0
ABBABBBB,naive,B,0.75,0,2,4,2,6,6,0.5,1.0,abscount,0
ABBABBBB,naive,B,0.75,0,2,4,2,6,6,0.5,1.0,likelihood_ration,1
ABBABBBB,lba_k01_d01,A,0.8,0.1,7,4,2,6,6,0.5,1.0,information,0
ABBABBBB,lba_k01_d01,A,0.8,0.1,7,4,2,6,6,0.5,1.0,relcount,0
ABBABBBB,lba_k01_d01,A,0.8,0.1,7,4,2,6,6,0.5,1.0,snr,0
ABBABBBB,lba_k01_d01,A,0.8,0.1,7,4,2,6,6,0.5,1.0,gating_g04,0
ABBABBBB,lba_k01_d01,A,0.8,0.1,7,4,2,6,6,0.5,1.0,blca_l10_k01_wi01_leak01_beta01,0
ABBABBBB,lba_k01_d01,A,0.8,0.1,7,4,2,6,6,0.5,1.0,naive,0
ABBABBBB,lba_k01_d01,A,0.8,0.1,7,4,2,6,6,0.5,1.0,abscount,0
ABBABBBB,lba_k01_d01,A,0.8,0.1,7,4,2,6,6,0.5,1.0,likelihood_ration,0
ABBABBBB,abscount,N,,,,4,2,6,6,0.5,1.0,information,0
ABBABBBB,abscount,N,,,,4,2,6,6,0.5,1.0,snr,0
ABBABBBB,abscount,N,,,,4,2,6,6,0.5,1.0,gating_g04,-1
ABBABBBB,abscount,N,,,,4,2,6,6,0.5,1.0,blca_l10_k01_wi01_leak01_beta01,0
ABBABBBB,abscount,N,,,,4,2,6,6,0.5,1.0,naive,0
ABBABBBB,abscount,N,,,,4,2,6,6,0.5,1.0,lba_k01_d01,0
ABBABBBB,abscount,N,,,,4,2,6,6,0.5,1.0,relcount,-1
ABBABBBB,abscount,N,,,,4,2,6,6,0.5,1.0,likelihood_ration,0
ABBABBBB,snr,B,2.0,0.0,2,4,2,6,6,0.5,1.0,information,1
ABBABBBB,snr,B,2.0,0.0,2,4,2,6,6,0.5,1.0,gating_g04,0
ABBABBBB,snr,B,2.0,0.0,2,4,2,6,6,0.5,1.0,relcount,0
ABBABBBB,snr,B,2.0,0.0,2,4,2,6,6,0.5,1.0,blca_l10_k01_wi01_leak01_beta01,1
ABBABBBB,snr,B,2.0,0.0,2,4,2,6,6,0.5,1.0,naive,1
ABBABBBB,snr,B,2.0,0.0,2,4,2,6,6,0.5,1.0,lba_k01_d01,0
ABBABBBB,snr,B,2.0,0.0,2,4,2,6,6,0.5,1.0,abscount,0
ABBABBBB,snr,B,2.0,0.0,2,4,2,6,6,0.5,1.0,likelihood_ration,1
ABBABBBB,blca_l10_k01_wi01_leak01_beta01,B,1.98,-0.98,1,4,2,6,6,0.5,1.0,information,1
ABBABBBB,blca_l10_k01_wi01_leak01_beta01,B,1.98,-0.98,1,4,2,6,6,0.5,1.0,snr,1
ABBABBBB,blca_l10_k01_wi01_leak01_beta01,B,1.98,-0.98,1,4,2,6,6,0.5,1.0,relcount,0
ABBABBBB,blca_l10_k01_wi01_leak01_beta01,B,1.98,-0.98,1,4,2,6,6,0.5,1.0,gating_g04,0
ABBABBBB,blca_l10_k01_wi01_leak01_beta01,B,1.98,-0.98,1,4,2,6,6,0.5,1.0,naive,1
ABBABBBB,blca_l10_k01_wi01_leak01_beta01,B,1.98,-0.98,1,4,2,6,6,0.5,1.0,lba_k01_d01,0
ABBABBBB,blca_l10_k01_wi01_leak01_beta01,B,1.98,-0.98,1,4,2,6,6,0.5,1.0,abscount,0
ABBABBBB,blca_l10_k01_wi01_leak01_beta01,B,1.98,-0.98,1,4,2,6,6,0.5,1.0,likelihood_ration,1
ABBABBBB,gating_g04,N,,,,4,2,6,6,0.5,1.0,information,0
ABBABBBB,gating_g04,N,,,,4,2,6,6,0.5,1.0,snr,0
ABBABBBB,gating_g04,N,,,,4,2,6,6,0.5,1.0,relcount,-1
ABBABBBB,gating_g04,N,,,,4,2,6,6,0.5,1.0,blca_l10_k01_wi01_leak01_beta01,0
ABBABBBB,gating_g04,N,,,,4,2,6,6,0.5,1.0,naive,0
ABBABBBB,gating_g04,N,,,,4,2,6,6,0.5,1.0,lba_k01_d01,0
ABBABBBB,gating_g04,N,,,,4,2,6,6,0.5,1.0,abscount,-1
ABBABBBB,gating_g04,N,,,,4,2,6,6,0.5,1.0,likelihood_ration,0
ABBABBBB,relcount,N,,,,4,2,6,6,0.5,1.0,information,0
ABBABBBB,relcount,N,,,,4,2,6,6,0.5,1.0,snr,0
ABBABBBB,relcount,N,,,,4,2,6,6,0.5,1.0,gating_g04,-1
ABBABBBB,relcount,N,,,,4,2,6,6,0.5,1.0,blca_l10_k01_wi01_leak01_beta01,0
ABBABBBB,relcount,N,,,,4,2,6,6,0.5,1.0,naive,0
ABBABBBB,relcount,N,,,,4,2,6,6,0.5,1.0,lba_k01_d01,0
ABBABBBB,relcount,N,,,,4,2,6,6,0.5,1.0,abscount,-1
ABBABBBB,relcount,N,,,,4,2,6,6,0.5,1.0,likelihood_ration,0
ABBABBBB,likelihood_ration,B,-1.65321251378,0,8,4,2,6,6,0.5,1.0,information,1
ABBABBBB,likelihood_ration,B,-1.65321251378,0,8,4,2,6,6,0.5,1.0,relcount,0
ABBABBBB,likelihood_ration,B,-1.65321251378,0,8,4,2,6,6,0.5,1.0,snr,1
ABBABBBB,likelihood_ration,B,-1.65321251378,0,8,4,2,6,6,0.5,1.0,gating_g04,0
ABBABBBB,likelihood_ration,B,-1.65321251378,0,8,4,2,6,6,0.5,1.0,blca_l10_k01_wi01_leak01_beta01,1
ABBABBBB,likelihood_ration,B,-1.65321251378,0,8,4,2,6,6,0.5,1.0,naive,1
ABBABBBB,likelihood_ration,B,-1.65321251378,0,8,4,2,6,6,0.5,1.0,lba_k01_d01,0
ABBABBBB,likelihood_ration,B,-1.65321251378,0,8,4,2,6,6,0.5,1.0,abscount,0
ABBAAABA,information,N,,,,3,5,3,5,0.5,0.75,relcount,-1
ABBAAABA,information,N,,,,3,5,3,5,0.5,0.75,snr,0
ABBAAABA,information,N,,,,3,5,3,5,0.5,0.75,gating_g04,-1
ABBAAABA,information,N,,,,3,5,3,5,0.5,0.75,blca_l10_k01_wi01_leak01_beta01,0
ABBAAABA,information,N,,,,3,5,3,5,0.5,0.75,naive,0
ABBAAABA,information,N,,,,3,5,3,5,0.5,0.75,lba_k01_d01,0
ABBAAABA,information,N,,,,3,5,3,5,0.5,0.75,abscount,-1
ABBAAABA,information,N,,,,3,5,3,5,0.5,0.75,likelihood_ration,-1
ABBAAABA,naive,B,0.75,0,2,3,5,3,5,0.5,0.75,information,0
ABBAAABA,naive,B,0.75,0,2,3,5,3,5,0.5,0.75,snr,1
ABBAAABA,naive,B,0.75,0,2,3,5,3,5,0.5,0.75,relcount,0
ABBAAABA,naive,B,0.75,0,2,3,5,3,5,0.5,0.75,blca_l10_k01_wi01_leak01_beta01,1
ABBAAABA,naive,B,0.75,0,2,3,5,3,5,0.5,0.75,gating_g04,0
ABBAAABA,naive,B,0.75,0,2,3,5,3,5,0.5,0.75,lba_k01_d01,0
ABBAAABA,naive,B,0.75,0,2,3,5,3,5,0.5,0.75,abscount,0
ABBAAABA,naive,B,0.75,0,2,3,5,3,5,0.5,0.75,likelihood_ration,0
ABBAAABA,lba_k01_d01,A,0.8,0.1,7,3,5,3,5,0.5,0.75,information,0
ABBAAABA,lba_k01_d01,A,0.8,0.1,7,3,5,3,5,0.5,0.75,relcount,0
ABBAAABA,lba_k01_d01,A,0.8,0.1,7,3,5,3,5,0.5,0.75,snr,0
ABBAAABA,lba_k01_d01,A,0.8,0.1,7,3,5,3,5,0.5,0.75,gating_g04,0
ABBAAABA,lba_k01_d01,A,0.8,0.1,7,3,5,3,5,0.5,0.75,blca_l10_k01_wi01_leak01_beta01,0
ABBAAABA,lba_k01_d01,A,0.8,0.1,7,3,5,3,5,0.5,0.75,naive,0
ABBAAABA,lba_k01_d01,A,0.8,0.1,7,3,5,3,5,0.5,0.75,abscount,0
ABBAAABA,lba_k01_d01,A,0.8,0.1,7,3,5,3,5,0.5,0.75,likelihood_ration,0
ABBAAABA,abscount,N,,,,3,5,3,5,0.5,0.75,information,-1
ABBAAABA,abscount,N,,,,3,5,3,5,0.5,0.75,snr,0
ABBAAABA,abscount,N,,,,3,5,3,5,0.5,0.75,gating_g04,-1
ABBAAABA,abscount,N,,,,3,5,3,5,0.5,0.75,blca_l10_k01_wi01_leak01_beta01,0
ABBAAABA,abscount,N,,,,3,5,3,5,0.5,0.75,naive,0
ABBAAABA,abscount,N,,,,3,5,3,5,0.5,0.75,lba_k01_d01,0
ABBAAABA,abscount,N,,,,3,5,3,5,0.5,0.75,relcount,-1
ABBAAABA,abscount,N,,,,3,5,3,5,0.5,0.75,likelihood_ration,-1
ABBAAABA,snr,B,2.0,0.0,2,3,5,3,5,0.5,0.75,information,0
ABBAAABA,snr,B,2.0,0.0,2,3,5,3,5,0.5,0.75,gating_g04,0
ABBAAABA,snr,B,2.0,0.0,2,3,5,3,5,0.5,0.75,relcount,0
ABBAAABA,snr,B,2.0,0.0,2,3,5,3,5,0.5,0.75,blca_l10_k01_wi01_leak01_beta01,1
ABBAAABA,snr,B,2.0,0.0,2,3,5,3,5,0.5,0.75,naive,1
ABBAAABA,snr,B,2.0,0.0,2,3,5,3,5,0.5,0.75,lba_k01_d01,0
ABBAAABA,snr,B,2.0,0.0,2,3,5,3,5,0.5,0.75,abscount,0
ABBAAABA,snr,B,2.0,0.0,2,3,5,3,5,0.5,0.75,likelihood_ration,0
ABBAAABA,blca_l10_k01_wi01_leak01_beta01,B,1.98,-0.98,1,3,5,3,5,0.5,0.75,information,0
ABBAAABA,blca_l10_k01_wi01_leak01_beta01,B,1.98,-0.98,1,3,5,3,5,0.5,0.75,snr,1
ABBAAABA,blca_l10_k01_wi01_leak01_beta01,B,1.98,-0.98,1,3,5,3,5,0.5,0.75,relcount,0
ABBAAABA,blca_l10_k01_wi01_leak01_beta01,B,1.98,-0.98,1,3,5,3,5,0.5,0.75,gating_g04,0
ABBAAABA,blca_l10_k01_wi01_leak01_beta01,B,1.98,-0.98,1,3,5,3,5,0.5,0.75,naive,1
ABBAAABA,blca_l10_k01_wi01_leak01_beta01,B,1.98,-0.98,1,3,5,3,5,0.5,0.75,lba_k01_d01,0
ABBAAABA,blca_l10_k01_wi01_leak01_beta01,B,1.98,-0.98,1,3,5,3,5,0.5,0.75,abscount,0
ABBAAABA,blca_l10_k01_wi01_leak01_beta01,B,1.98,-0.98,1,3,5,3,5,0.5,0.75,likelihood_ration,0
ABBAAABA,gating_g04,N,,,,3,5,3,5,0.5,0.75,information,-1
ABBAAABA,gating_g04,N,,,,3,5,3,5,0.5,0.75,snr,0
ABBAAABA,gating_g04,N,,,,3,5,3,5,0.5,0.75,relcount,-1
ABBAAABA,gating_g04,N,,,,3,5,3,5,0.5,0.75,blca_l10_k01_wi01_leak01_beta01,0
ABBAAABA,gating_g04,N,,,,3,5,3,5,0.5,0.75,naive,0
ABBAAABA,gating_g04,N,,,,3,5,3,5,0.5,0.75,lba_k01_d01,0
ABBAAABA,gating_g04,N,,,,3,5,3,5,0.5,0.75,abscount,-1
ABBAAABA,gating_g04,N,,,,3,5,3,5,0.5,0.75,likelihood_ration,-1
ABBAAABA,relcount,N,,,,3,5,3,5,0.5,0.75,information,-1
ABBAAABA,relcount,N,,,,3,5,3,5,0.5,0.75,snr,0
ABBAAABA,relcount,N,,,,3,5,3,5,0.5,0.75,gating_g04,-1
ABBAAABA,relcount,N,,,,3,5,3,5,0.5,0.75,blca_l10_k01_wi01_leak01_beta01,0
ABBAAABA,relcount,N,,,,3,5,3,5,0.5,0.75,naive,0
ABBAAABA,relcount,N,,,,3,5,3,5,0.5,0.75,lba_k01_d01,0
ABBAAABA,relcount,N,,,,3,5,3,5,0.5,0.75,abscount,-1
ABBAAABA,relcount,N,,,,3,5,3,5,0.5,0.75,likelihood_ration,-1
ABBAAABA,likelihood_ration,N,,,,3,5,3,5,0.5,0.75,information,-1
ABBAAABA,likelihood_ration,N,,,,3,5,3,5,0.5,0.75,relcount,-1
ABBAAABA,likelihood_ration,N,,,,3,5,3,5,0.5,0.75,snr,0
ABBAAABA,likelihood_ration,N,,,,3,5,3,5,0.5,0.75,gating_g04,-1
ABBAAABA,likelihood_ration,N,,,,3,5,3,5,0.5,0.75,blca_l10_k01_wi01_leak01_beta01,0
ABBAAABA,likelihood_ration,N,,,,3,5,3,5,0.5,0.75,naive,0
ABBAAABA,likelihood_ration,N,,,,3,5,3,5,0.5,0.75,lba_k01_d01,0
ABBAAABA,likelihood_ration,N,,,,3,5,3,5,0.5,0.75,abscount,-1
AABBBAAB,information,N,,,,4,4,4,4,0.5,0.5,relcount,-1
AABBBAAB,information,N,,,,4,4,4,4,0.5,0.5,snr,0
AABBBAAB,information,N,,,,4,4,4,4,0.5,0.5,gating_g04,-1
AABBBAAB,information,N,,,,4,4,4,4,0.5,0.5,blca_l10_k01_wi01_leak01_beta01,0
AABBBAAB,information,N,,,,4,4,4,4,0.5,0.5,naive,0
AABBBAAB,information,N,,,,4,4,4,4,0.5,0.5,lba_k01_d01,0
AABBBAAB,information,N,,,,4,4,4,4,0.5,0.5,abscount,-1
AABBBAAB,information,N,,,,4,4,4,4,0.5,0.5,likelihood_ration,-1
AABBBAAB,naive,A,0.75,0,1,4,4,4,4,0.5,0.5,information,0
AABBBAAB,naive,A,0.75,0,1,4,4,4,4,0.5,0.5,snr,0
AABBBAAB,naive,A,0.75,0,1,4,4,4,4,0.5,0.5,relcount,0
AABBBAAB,naive,A,0.75,0,1,4,4,4,4,0.5,0.5,blca_l10_k01_wi01_leak01_beta01,0
AABBBAAB,naive,A,0.75,0,1,4,4,4,4,0.5,0.5,gating_g04,0
AABBBAAB,naive,A,0.75,0,1,4,4,4,4,0.5,0.5,lba_k01_d01,1
AABBBAAB,naive,A,0.75,0,1,4,4,4,4,0.5,0.5,abscount,0
AABBBAAB,naive,A,0.75,0,1,4,4,4,4,0.5,0.5,likelihood_ration,0
AABBBAAB,lba_k01_d01,A,0.8,0.1,7,4,4,4,4,0.5,0.5,information,0
AABBBAAB,lba_k01_d01,A,0.8,0.1,7,4,4,4,4,0.5,0.5,relcount,0
AABBBAAB,lba_k01_d01,A,0.8,0.1,7,4,4,4,4,0.5,0.5,snr,0
AABBBAAB,lba_k01_d01,A,0.8,0.1,7,4,4,4,4,0.5,0.5,gating_g04,0
AABBBAAB,lba_k01_d01,A,0.8,0.1,7,4,4,4,4,0.5,0.5,blca_l10_k01_wi01_leak01_beta01,0
AABBBAAB,lba_k01_d01,A,0.8,0.1,7,4,4,4,4,0.5,0.5,naive,1
AABBBAAB,lba_k01_d01,A,0.8,0.1,7,4,4,4,4,0.5,0.5,abscount,0
AABBBAAB,lba_k01_d01,A,0.8,0.1,7,4,4,4,4,0.5,0.5,likelihood_ration,0
AABBBAAB,abscount,N,,,,4,4,4,4,0.5,0.5,information,-1
AABBBAAB,abscount,N,,,,4,4,4,4,0.5,0.5,snr,0
AABBBAAB,abscount,N,,,,4,4,4,4,0.5,0.5,gating_g04,-1
AABBBAAB,abscount,N,,,,4,4,4,4,0.5,0.5,blca_l10_k01_wi01_leak01_beta01,0
AABBBAAB,abscount,N,,,,4,4,4,4,0.5,0.5,naive,0
AABBBAAB,abscount,N,,,,4,4,4,4,0.5,0.5,lba_k01_d01,0
AABBBAAB,abscount,N,,,,4,4,4,4,0.5,0.5,relcount,-1
AABBBAAB,abscount,N,,,,4,4,4,4,0.5,0.5,likelihood_ration,-1
AABBBAAB,snr,B,1.5,0.0,3,4,4,4,4,0.5,0.5,information,0
AABBBAAB,snr,B,1.5,0.0,3,4,4,4,4,0.5,0.5,gating_g04,0
AABBBAAB,snr,B,1.5,0.0,3,4,4,4,4,0.5,0.5,relcount,0
AABBBAAB,snr,B,1.5,0.0,3,4,4,4,4,0.5,0.5,blca_l10_k01_wi01_leak01_beta01,1
AABBBAAB,snr,B,1.5,0.0,3,4,4,4,4,0.5,0.5,naive,0
AABBBAAB,snr,B,1.5,0.0,3,4,4,4,4,0.5,0.5,lba_k01_d01,0
AABBBAAB,snr,B,1.5,0.0,3,4,4,4,4,0.5,0.5,abscount,0
AABBBAAB,snr,B,1.5,0.0,3,4,4,4,4,0.5,0.5,likelihood_ration,0
AABBBAAB,blca_l10_k01_wi01_leak01_beta01,B,1.98,-0.98,1,4,4,4,4,0.5,0.5,information,0
AABBBAAB,blca_l10_k01_wi01_leak01_beta01,B,1.98,-0.98,1,4,4,4,4,0.5,0.5,snr,1
AABBBAAB,blca_l10_k01_wi01_leak01_beta01,B,1.98,-0.98,1,4,4,4,4,0.5,0.5,relcount,0
AABBBAAB,blca_l10_k01_wi01_leak01_beta01,B,1.98,-0.98,1,4,4,4,4,0.5,0.5,gating_g04,0
AABBBAAB,blca_l10_k01_wi01_leak01_beta01,B,1.98,-0.98,1,4,4,4,4,0.5,0.5,naive,0
AABBBAAB,blca_l10_k01_wi01_leak01_beta01,B,1.98,-0.98,1,4,4,4,4,0.5,0.5,lba_k01_d01,0
AABBBAAB,blca_l10_k01_wi01_leak01_beta01,B,1.98,-0.98,1,4,4,4,4,0.5,0.5,abscount,0
AABBBAAB,blca_l10_k01_wi01_leak01_beta01,B,1.98,-0.98,1,4,4,4,4,0.5,0.5,likelihood_ration,0
AABBBAAB,gating_g04,N,,,,4,4,4,4,0.5,0.5,information,-1
AABBBAAB,gating_g04,N,,,,4,4,4,4,0.5,0.5,snr,0
AABBBAAB,gating_g04,N,,,,4,4,4,4,0.5,0.5,relcount,-1
AABBBAAB,gating_g04,N,,,,4,4,4,4,0.5,0.5,blca_l10_k01_wi01_leak01_beta01,0
AABBBAAB,gating_g04,N,,,,4,4,4,4,0.5,0.5,naive,0
AABBBAAB,gating_g04,N,,,,4,4,4,4,0.5,0.5,lba_k01_d01,0
AABBBAAB,gating_g04,N,,,,4,4,4,4,0.5,0.5,abscount,-1
AABBBAAB,gating_g04,N,,,,4,4,4,4,0.5,0.5,likelihood_ration,-1
AABBBAAB,relcount,N,,,,4,4,4,4,0.5,0.5,information,-1
AABBBAAB,relcount,N,,,,4,4,4,4,0.5,0.5,snr,0
AABBBAAB,relcount,N,,,,4,4,4,4,0.5,0.5,gating_g04,-1
AABBBAAB,relcount,N,,,,4,4,4,4,0.5,0.5,blca_l10_k01_wi01_leak01_beta01,0
AABBBAAB,relcount,N,,,,4,4,4,4,0.5,0.5,naive,0
AABBBAAB,relcount,N,,,,4,4,4,4,0.5,0.5,lba_k01_d01,0
AABBBAAB,relcount,N,,,,4,4,4,4,0.5,0.5,abscount,-1
AABBBAAB,relcount,N,,,,4,4,4,4,0.5,0.5,likelihood_ration,-1
AABBBAAB,likelihood_ration,N,,,,4,4,4,4,0.5,0.5,information,-1
AABBBAAB,likelihood_ration,N,,,,4,4,4,4,0.5,0.5,relcount,-1
AABBBAAB,likelihood_ration,N,,,,4,4,4,4,0.5,0.5,snr,0
AABBBAAB,likelihood_ration,N,,,,4,4,4,4,0.5,0.5,gating_g04,-1
AABBBAAB,likelihood_ration,N,,,,4,4,4,4,0.5,0.5,blca_l10_k01_wi01_leak01_beta01,0
AABBBAAB,likelihood_ration,N,,,,4,4,4,4,0.5,0.5,naive,0
AABBBAAB,likelihood_ration,N,,,,4,4,4,4,0.5,0.5,lba_k01_d01,0
AABBBAAB,likelihood_ration,N,,,,4,4,4,4,0.5,0.5,abscount,-1
AABBBAAA,information,N,,,,3,5,3,5,0.5,0.75,relcount,-1
AABBBAAA,information,N,,,,3,5,3,5,0.5,0.75,snr,0
AABBBAAA,information,N,,,,3,5,3,5,0.5,0.75,gating_g04,-1
AABBBAAA,information,N,,,,3,5,3,5,0.5,0.75,blca_l10_k01_wi01_leak01_beta01,0
AABBBAAA,information,N,,,,3,5,3,5,0.5,0.75,naive,0
AABBBAAA,information,N,,,,3,5,3,5,0.5,0.75,lba_k01_d01,0
AABBBAAA,information,N,,,,3,5,3,5,0.5,0.75,abscount,-1
AABBBAAA,information,N,,,,3,5,3,5,0.5,0.75,likelihood_ration,-1
AABBBAAA,naive,A,0.75,0,1,3,5,3,5,0.5,0.75,information,0
AABBBAAA,naive,A,0.75,0,1,3,5,3,5,0.5,0.75,snr,0
AABBBAAA,naive,A,0.75,0,1,3,5,3,5,0.5,0.75,relcount,0
AABBBAAA,naive,A,0.75,0,1,3,5,3,5,0.5,0.75,blca_l10_k01_wi01_leak01_beta01,0
AABBBAAA,naive,A,0.75,0,1,3,5,3,5,0.5,0.75,gating_g04,0
AABBBAAA,naive,A,0.75,0,1,3,5,3,5,0.5,0.75,lba_k01_d01,1
AABBBAAA,naive,A,0.75,0,1,3,5,3,5,0.5,0.75,abscount,0
AABBBAAA,naive,A,0.75,0,1,3,5,3,5,0.5,0.75,likelihood_ration,0
AABBBAAA,lba_k01_d01,A,0.8,0.1,7,3,5,3,5,0.5,0.75,information,0
AABBBAAA,lba_k01_d01,A,0.8,0.1,7,3,5,3,5,0.5,0.75,relcount,0
AABBBAAA,lba_k01_d01,A,0.8,0.1,7,3,5,3,5,0.5,0.75,snr,0
AABBBAAA,lba_k01_d01,A,0.8,0.1,7,3,5,3,5,0.5,0.75,gating_g04,0
AABBBAAA,lba_k01_d01,A,0.8,0.1,7,3,5,3,5,0.5,0.75,blca_l10_k01_wi01_leak01_beta01,0
AABBBAAA,lba_k01_d01,A,0.8,0.1,7,3,5,3,5,0.5,0.75,naive,1
AABBBAAA,lba_k01_d01,A,0.8,0.1,7,3,5,3,5,0.5,0.75,abscount,0
AABBBAAA,lba_k01_d01,A,0.8,0.1,7,3,5,3,5,0.5,0.75,likelihood_ration,0
AABBBAAA,abscount,N,,,,3,5,3,5,0.5,0.75,information,-1
AABBBAAA,abscount,N,,,,3,5,3,5,0.5,0.75,snr,0
AABBBAAA,abscount,N,,,,3,5,3,5,0.5,0.75,gating_g04,-1
AABBBAAA,abscount,N,,,,3,5,3,5,0.5,0.75,blca_l10_k01_wi01_leak01_beta01,0
AABBBAAA,abscount,N,,,,3,5,3,5,0.5,0.75,naive,0
AABBBAAA,abscount,N,,,,3,5,3,5,0.5,0.75,lba_k01_d01,0
AABBBAAA,abscount,N,,,,3,5,3,5,0.5,0.75,relcount,-1
AABBBAAA,abscount,N,,,,3,5,3,5,0.5,0.75,likelihood_ration,-1
AABBBAAA,snr,B,1.5,0.0,3,3,5,3,5,0.5,0.75,information,0
AABBBAAA,snr,B,1.5,0.0,3,3,5,3,5,0.5,0.75,gating_g04,0
AABBBAAA,snr,B,1.5,0.0,3,3,5,3,5,0.5,0.75,relcount,0
AABBBAAA,snr,B,1.5,0.0,3,3,5,3,5,0.5,0.75,blca_l10_k01_wi01_leak01_beta01,1
AABBBAAA,snr,B,1.5,0.0,3,3,5,3,5,0.5,0.75,naive,0
AABBBAAA,snr,B,1.5,0.0,3,3,5,3,5,0.5,0.75,lba_k01_d01,0
AABBBAAA,snr,B,1.5,0.0,3,3,5,3,5,0.5,0.75,abscount,0
AABBBAAA,snr,B,1.5,0.0,3,3,5,3,5,0.5,0.75,likelihood_ration,0
AABBBAAA,blca_l10_k01_wi01_leak01_beta01,B,1.98,-0.98,1,3,5,3,5,0.5,0.75,information,0
AABBBAAA,blca_l10_k01_wi01_leak01_beta01,B,1.98,-0.98,1,3,5,3,5,0.5,0.75,snr,1
AABBBAAA,blca_l10_k01_wi01_leak01_beta01,B,1.98,-0.98,1,3,5,3,5,0.5,0.75,relcount,0
AABBBAAA,blca_l10_k01_wi01_leak01_beta01,B,1.98,-0.98,1,3,5,3,5,0.5,0.75,gating_g04,0
AABBBAAA,blca_l10_k01_wi01_leak01_beta01,B,1.98,-0.98,1,3,5,3,5,0.5,0.75,naive,0
AABBBAAA,blca_l10_k01_wi01_leak01_beta01,B,1.98,-0.98,1,3,5,3,5,0.5,0.75,lba_k01_d01,0
AABBBAAA,blca_l10_k01_wi01_leak01_beta01,B,1.98,-0.98,1,3,5,3,5,0.5,0.75,abscount,0
AABBBAAA,blca_l10_k01_wi01_leak01_beta01,B,1.98,-0.98,1,3,5,3,5,0.5,0.75,likelihood_ration,0
AABBBAAA,gating_g04,N,,,,3,5,3,5,0.5,0.75,information,-1
AABBBAAA,gating_g04,N,,,,3,5,3,5,0.5,0.75,snr,0
AABBBAAA,gating_g04,N,,,,3,5,3,5,0.5,0.75,relcount,-1
AABBBAAA,gating_g04,N,,,,3,5,3,5,0.5,0.75,blca_l10_k01_wi01_leak01_beta01,0
AABBBAAA,gating_g04,N,,,,3,5,3,5,0.5,0.75,naive,0
AABBBAAA,gating_g04,N,,,,3,5,3,5,0.5,0.75,lba_k01_d01,0
AABBBAAA,gating_g04,N,,,,3,5,3,5,0.5,0.75,abscount,-1
AABBBAAA,gating_g04,N,,,,3,5,3,5,0.5,0.75,likelihood_ration,-1
AABBBAAA,relcount,N,,,,3,5,3,5,0.5,0.75,information,-1
AABBBAAA,relcount,N,,,,3,5,3,5,0.5,0.75,snr,0
AABBBAAA,relcount,N,,,,3,5,3,5,0.5,0.75,gating_g04,-1
AABBBAAA,relcount,N,,,,3,5,3,5,0.5,0.75,blca_l10_k01_wi01_leak01_beta01,0
AABBBAAA,relcount,N,,,,3,5,3,5,0.5,0.75,naive,0
AABBBAAA,relcount,N,,,,3,5,3,5,0.5,0.75,lba_k01_d01,0
AABBBAAA,relcount,N,,,,3,5,3,5,0.5,0.75,abscount,-1
AABBBAAA,relcount,N,,,,3,5,3,5,0.5,0.75,likelihood_ration,-1
AABBBAAA,likelihood_ration,N,,,,3,5,3,5,0.5,0.75,information,-1
AABBBAAA,likelihood_ration,N,,,,3,5,3,5,0.5,0.75,relcount,-1
AABBBAAA,likelihood_ration,N,,,,3,5,3,5,0.5,0.75,snr,0
AABBBAAA,likelihood_ration,N,,,,3,5,3,5,0.5,0.75,gating_g04,-1
AABBBAAA,likelihood_ration,N,,,,3,5,3,5,0.5,0.75,blca_l10_k01_wi01_leak01_beta01,0
AABBBAAA,likelihood_ration,N,,,,3,5,3,5,0.5,0.75,naive,0
AABBBAAA,likelihood_ration,N,,,,3,5,3,5,0.5,0.75,lba_k01_d01,0
AABBBAAA,likelihood_ration,N,,,,3,5,3,5,0.5,0.75,abscount,-1
ABAAABAA,information,A,1.125,0.375,8,2,6,2,6,0.75,0.75,relcount,0
ABAAABAA,information,A,1.125,0.375,8,2,6,2,6,0.75,0.75,snr,0
ABAAABAA,information,A,1.125,0.375,8,2,6,2,6,0.75,0.75,gating_g04,0
ABAAABAA,information,A,1.125,0.375,8,2,6,2,6,0.75,0.75,blca_l10_k01_wi01_leak01_beta01,0
ABAAABAA,information,A,1.125,0.375,8,2,6,2,6,0.75,0.75,naive,1
ABAAABAA,information,A,1.125,0.375,8,2,6,2,6,0.75,0.75,lba_k01_d01,1
ABAAABAA,information,A,1.125,0.375,8,2,6,2,6,0.75,0.75,abscount,0
ABAAABAA,information,A,1.125,0.375,8,2,6,2,6,0.75,0.75,likelihood_ration,1
ABAAABAA,naive,A,0.75,0,3,2,6,2,6,0.75,0.75,information,1
ABAAABAA,naive,A,0.75,0,3,2,6,2,6,0.75,0.75,snr,0
ABAAABAA,naive,A,0.75,0,3,2,6,2,6,0.75,0.75,relcount,0
ABAAABAA,naive,A,0.75,0,3,2,6,2,6,0.75,0.75,blca_l10_k01_wi01_leak01_beta01,0
ABAAABAA,naive,A,0.75,0,3,2,6,2,6,0.75,0.75,gating_g04,0
ABAAABAA,naive,A,0.75,0,3,2,6,2,6,0.75,0.75,lba_k01_d01,1
ABAAABAA,naive,A,0.75,0,3,2,6,2,6,0.75,0.75,abscount,0
ABAAABAA,naive,A,0.75,0,3,2,6,2,6,0.75,0.75,likelihood_ration,1
ABAAABAA,lba_k01_d01,A,0.8,0.1,7,2,6,2,6,0.75,0.75,information,1
ABAAABAA,lba_k01_d01,A,0.8,0.1,7,2,6,2,6,0.75,0.75,relcount,0
ABAAABAA,lba_k01_d01,A,0.8,0.1,7,2,6,2,6,0.75,0.75,snr,0
ABAAABAA,lba_k01_d01,A,0.8,0.1,7,2,6,2,6,0.75,0.75,gating_g04,0
ABAAABAA,lba_k01_d01,A,0.8,0.1,7,2,6,2,6,0.75,0.75,blca_l10_k01_wi01_leak01_beta01,0
ABAAABAA,lba_k01_d01,A,0.8,0.1,7,2,6,2,6,0.75,0.75,naive,1
ABAAABAA,lba_k01_d01,A,0.8,0.1,7,2,6,2,6,0.75,0.75,abscount,0
ABAAABAA,lba_k01_d01,A,0.8,0.1,7,2,6,2,6,0.75,0.75,likelihood_ration,1
ABAAABAA,abscount,N,,,,2,6,2,6,0.75,0.75,information,0
ABAAABAA,abscount,N,,,,2,6,2,6,0.75,0.75,snr,0
ABAAABAA,abscount,N,,,,2,6,2,6,0.75,0.75,gating_g04,-1
ABAAABAA,abscount,N,,,,2,6,2,6,0.75,0.75,blca_l10_k01_wi01_leak01_beta01,0
ABAAABAA,abscount,N,,,,2,6,2,6,0.75,0.75,naive,0
ABAAABAA,abscount,N,,,,2,6,2,6,0.75,0.75,lba_k01_d01,0
ABAAABAA,abscount,N,,,,2,6,2,6,0.75,0.75,relcount,-1
ABAAABAA,abscount,N,,,,2,6,2,6,0.75,0.75,likelihood_ration,0
ABAAABAA,snr,B,2.0,0.0,2,2,6,2,6,0.75,0.75,information,0
ABAAABAA,snr,B,2.0,0.0,2,2,6,2,6,0.75,0.75,gating_g04,0
ABAAABAA,snr,B,2.0,0.0,2,2,6,2,6,0.75,0.75,relcount,0
ABAAABAA,snr,B,2.0,0.0,2,2,6,2,6,0.75,0.75,blca_l10_k01_wi01_leak01_beta01,1
ABAAABAA,snr,B,2.0,0.0,2,2,6,2,6,0.75,0.75,naive,0
ABAAABAA,snr,B,2.0,0.0,2,2,6,2,6,0.75,0.75,lba_k01_d01,0
ABAAABAA,snr,B,2.0,0.0,2,2,6,2,6,0.75,0.75,abscount,0
ABAAABAA,snr,B,2.0,0.0,2,2,6,2,6,0.75,0.75,likelihood_ration,0
ABAAABAA,blca_l10_k01_wi01_leak01_beta01,B,1.98,-0.98,1,2,6,2,6,0.75,0.75,information,0
ABAAABAA,blca_l10_k01_wi01_leak01_beta01,B,1.98,-0.98,1,2,6,2,6,0.75,0.75,snr,1
ABAAABAA,blca_l10_k01_wi01_leak01_beta01,B,1.98,-0.98,1,2,6,2,6,0.75,0.75,relcount,0
ABAAABAA,blca_l10_k01_wi01_leak01_beta01,B,1.98,-0.98,1,2,6,2,6,0.75,0.75,gating_g04,0
ABAAABAA,blca_l10_k01_wi01_leak01_beta01,B,1.98,-0.98,1,2,6,2,6,0.75,0.75,naive,0
ABAAABAA,blca_l10_k01_wi01_leak01_beta01,B,1.98,-0.98,1,2,6,2,6,0.75,0.75,lba_k01_d01,0
ABAAABAA,blca_l10_k01_wi01_leak01_beta01,B,1.98,-0.98,1,2,6,2,6,0.75,0.75,abscount,0
ABAAABAA,blca_l10_k01_wi01_leak01_beta01,B,1.98,-0.98,1,2,6,2,6,0.75,0.75,likelihood_ration,0
ABAAABAA,gating_g04,N,,,,2,6,2,6,0.75,0.75,information,0
ABAAABAA,gating_g04,N,,,,2,6,2,6,0.75,0.75,snr,0
ABAAABAA,gating_g04,N,,,,2,6,2,6,0.75,0.75,relcount,-1
ABAAABAA,gating_g04,N,,,,2,6,2,6,0.75,0.75,blca_l10_k01_wi01_leak01_beta01,0
ABAAABAA,gating_g04,N,,,,2,6,2,6,0.75,0.75,naive,0
ABAAABAA,gating_g04,N,,,,2,6,2,6,0.75,0.75,lba_k01_d01,0
ABAAABAA,gating_g04,N,,,,2,6,2,6,0.75,0.75,abscount,-1
ABAAABAA,gating_g04,N,,,,2,6,2,6,0.75,0.75,likelihood_ration,0
ABAAABAA,relcount,N,,,,2,6,2,6,0.75,0.75,information,0
ABAAABAA,relcount,N,,,,2,6,2,6,0.75,0.75,snr,0
ABAAABAA,relcount,N,,,,2,6,2,6,0.75,0.75,gating_g04,-1
ABAAABAA,relcount,N,,,,2,6,2,6,0.75,0.75,blca_l10_k01_wi01_leak01_beta01,0
ABAAABAA,relcount,N,,,,2,6,2,6,0.75,0.75,naive,0
ABAAABAA,relcount,N,,,,2,6,2,6,0.75,0.75,lba_k01_d01,0
ABAAABAA,relcount,N,,,,2,6,2,6,0.75,0.75,abscount,-1
ABAAABAA,relcount,N,,,,2,6,2,6,0.75,0.75,likelihood_ration,0
ABAAABAA,likelihood_ration,A,1.38021124171,0,5,2,6,2,6,0.75,0.75,information,1
ABAAABAA,likelihood_ration,A,1.38021124171,0,5,2,6,2,6,0.75,0.75,relcount,0
ABAAABAA,likelihood_ration,A,1.38021124171,0,5,2,6,2,6,0.75,0.75,snr,0
ABAAABAA,likelihood_ration,A,1.38021124171,0,5,2,6,2,6,0.75,0.75,gating_g04,0
ABAAABAA,likelihood_ration,A,1.38021124171,0,5,2,6,2,6,0.75,0.75,blca_l10_k01_wi01_leak01_beta01,0
ABAAABAA,likelihood_ration,A,1.38021124171,0,5,2,6,2,6,0.75,0.75,naive,1
ABAAABAA,likelihood_ration,A,1.38021124171,0,5,2,6,2,6,0.75,0.75,lba_k01_d01,1
ABAAABAA,likelihood_ration,A,1.38021124171,0,5,2,6,2,6,0.75,0.75,abscount,0
ABAAABAB,information,N,,,,1,5,3,5,0.75,0.5,relcount,-1
ABAAABAB,information,N,,,,1,5,3,5,0.75,0.5,snr,0
ABAAABAB,information,N,,,,1,5,3,5,0.75,0.5,gating_g04,-1
ABAAABAB,information,N,,,,1,5,3,5,0.75,0.5,blca_l10_k01_wi01_leak01_beta01,0
ABAAABAB,information,N,,,,1,5,3,5,0.75,0.5,naive,0
ABAAABAB,information,N,,,,1,5,3,5,0.75,0.5,lba_k01_d01,0
ABAAABAB,information,N,,,,1,5,3,5,0.75,0.5,abscount,-1
ABAAABAB,information,N,,,,1,5,3,5,0.75,0.5,likelihood_ration,0
ABAAABAB,naive,A,0.75,0,3,1,5,3,5,0.75,0.5,information,0
ABAAABAB,naive,A,0.75,0,3,1,5,3,5,0.75,0.5,snr,0
ABAAABAB,naive,A,0.75,0,3,1,5,3,5,0.75,0.5,relcount,0
ABAAABAB,naive,A,0.75,0,3,1,5,3,5,0.75,0.5,blca_l10_k01_wi01_leak01_beta01,0
ABAAABAB,naive,A,0.75,0,3,1,5,3,5,0.75,0.5,gating_g04,0
ABAAABAB,naive,A,0.75,0,3,1,5,3,5,0.75,0.5,lba_k01_d01,1
ABAAABAB,naive,A,0.75,0,3,1,5,3,5,0.75,0.5,abscount,0
ABAAABAB,naive,A,0.75,0,3,1,5,3,5,0.75,0.5,likelihood_ration,1
ABAAABAB,lba_k01_d01,A,0.8,0.1,7,1,5,3,5,0.75,0.5,information,0
ABAAABAB,lba_k01_d01,A,0.8,0.1,7,1,5,3,5,0.75,0.5,relcount,0
ABAAABAB,lba_k01_d01,A,0.8,0.1,7,1,5,3,5,0.75,0.5,snr,0
ABAAABAB,lba_k01_d01,A,0.8,0.1,7,1,5,3,5,0.75,0.5,gating_g04,0
ABAAABAB,lba_k01_d01,A,0.8,0.1,7,1,5,3,5,0.75,0.5,blca_l10_k01_wi01_leak01_beta01,0
ABAAABAB,lba_k01_d01,A,0.8,0.1,7,1,5,3,5,0.75,0.5,naive,1
ABAAABAB,lba_k01_d01,A,0.8,0.1,7,1,5,3,5,0.75,0.5,abscount,0
ABAAABAB,lba_k01_d01,A,0.8,0.1,7,1,5,3,5,0.75,0.5,likelihood_ration,1
ABAAABAB,abscount,N,,,,1,5,3,5,0.75,0.5,information,-1
ABAAABAB,abscount,N,,,,1,5,3,5,0.75,0.5,snr,0
ABAAABAB,abscount,N,,,,1,5,3,5,0.75,0.5,gating_g04,-1
ABAAABAB,abscount,N,,,,1,5,3,5,0.75,0.5,blca_l10_k01_wi01_leak01_beta01,0
ABAAABAB,abscount,N,,,,1,5,3,5,0.75,0.5,naive,0
ABAAABAB,abscount,N,,,,1,5,3,5,0.75,0.5,lba_k01_d01,0
ABAAABAB,abscount,N,,,,1,5,3,5,0.75,0.5,relcount,-1
ABAAABAB,abscount,N,,,,1,5,3,5,0.75,0.5,likelihood_ration,0
ABAAABAB,snr,B,2.0,0.0,2,1,5,3,5,0.75,0.5,information,0
ABAAABAB,snr,B,2.0,0.0,2,1,5,3,5,0.75,0.5,gating_g04,0
ABAAABAB,snr,B,2.0,0.0,2,1,5,3,5,0.75,0.5,relcount,0
ABAAABAB,snr,B,2.0,0.0,2,1,5,3,5,0.75,0.5,blca_l10_k01_wi01_leak01_beta01,1
ABAAABAB,snr,B,2.0,0.0,2,1,5,3,5,0.75,0.5,naive,0
ABAAABAB,snr,B,2.0,0.0,2,1,5,3,5,0.75,0.5,lba_k01_d01,0
ABAAABAB,snr,B,2.0,0.0,2,1,5,3,5,0.75,0.5,abscount,0
ABAAABAB,snr,B,2.0,0.0,2,1,5,3,5,0.75,0.5,likelihood_ration,0
ABAAABAB,blca_l10_k01_wi01_leak01_beta01,B,1.98,-0.98,1,1,5,3,5,0.75,0.5,information,0
ABAAABAB,blca_l10_k01_wi01_leak01_beta01,B,1.98,-0.98,1,1,5,3,5,0.75,0.5,snr,1
ABAAABAB,blca_l10_k01_wi01_leak01_beta01,B,1.98,-0.98,1,1,5,3,5,0.75,0.5,relcount,0
ABAAABAB,blca_l10_k01_wi01_leak01_beta01,B,1.98,-0.98,1,1,5,3,5,0.75,0.5,gating_g04,0
ABAAABAB,blca_l10_k01_wi01_leak01_beta01,B,1.98,-0.98,1,1,5,3,5,0.75,0.5,naive,0
ABAAABAB,blca_l10_k01_wi01_leak01_beta01,B,1.98,-0.98,1,1,5,3,5,0.75,0.5,lba_k01_d01,0
ABAAABAB,blca_l10_k01_wi01_leak01_beta01,B,1.98,-0.98,1,1,5,3,5,0.75,0.5,abscount,0
ABAAABAB,blca_l10_k01_wi01_leak01_beta01,B,1.98,-0.98,1,1,5,3,5,0.75,0.5,likelihood_ration,0
ABAAABAB,gating_g04,N,,,,1,5,3,5,0.75,0.5,information,-1
ABAAABAB,gating_g04,N,,,,1,5,3,5,0.75,0.5,snr,0
ABAAABAB,gating_g04,N,,,,1,5,3,5,0.75,0.5,relcount,-1
ABAAABAB,gating_g04,N,,,,1,5,3,5,0.75,0.5,blca_l10_k01_wi01_leak01_beta01,0
ABAAABAB,gating_g04,N,,,,1,5,3,5,0.75,0.5,naive,0
ABAAABAB,gating_g04,N,,,,1,5,3,5,0.75,0.5,lba_k01_d01,0
ABAAABAB,gating_g04,N,,,,1,5,3,5,0.75,0.5,abscount,-1
ABAAABAB,gating_g04,N,,,,1,5,3,5,0.75,0.5,likelihood_ration,0
ABAAABAB,relcount,N,,,,1,5,3,5,0.75,0.5,information,-1
ABAAABAB,relcount,N,,,,1,5,3,5,0.75,0.5,snr,0
ABAAABAB,relcount,N,,,,1,5,3,5,0.75,0.5,gating_g04,-1
ABAAABAB,relcount,N,,,,1,5,3,5,0.75,0.5,blca_l10_k01_wi01_leak01_beta01,0
ABAAABAB,relcount,N,,,,1,5,3,5,0.75,0.5,naive,0
ABAAABAB,relcount,N,,,,1,5,3,5,0.75,0.5,lba_k01_d01,0
ABAAABAB,relcount,N,,,,1,5,3,5,0.75,0.5,abscount,-1
ABAAABAB,relcount,N,,,,1,5,3,5,0.75,0.5,likelihood_ration,0
ABAAABAB,likelihood_ration,A,1.38021124171,0,5,1,5,3,5,0.75,0.5,information,0
ABAAABAB,likelihood_ration,A,1.38021124171,0,5,1,5,3,5,0.75,0.5,relcount,0
ABAAABAB,likelihood_ration,A,1.38021124171,0,5,1,5,3,5,0.75,0.5,snr,0
ABAAABAB,likelihood_ration,A,1.38021124171,0,5,1,5,3,5,0.75,0.5,gating_g04,0
ABAAABAB,likelihood_ration,A,1.38021124171,0,5,1,5,3,5,0.75,0.5,blca_l10_k01_wi01_leak01_beta01,0
ABAAABAB,likelihood_ration,A,1.38021124171,0,5,1,5,3,5,0.75,0.5,naive,1
ABAAABAB,likelihood_ration,A,1.38021124171,0,5,1,5,3,5,0.75,0.5,lba_k01_d01,1
ABAAABAB,likelihood_ration,A,1.38021124171,0,5,1,5,3,5,0.75,0.5,abscount,0
AABBBBAA,information,N,,,,4,4,4,4,0.5,0.5,relcount,-1
AABBBBAA,information,N,,,,4,4,4,4,0.5,0.5,snr,0
AABBBBAA,information,N,,,,4,4,4,4,0.5,0.5,gating_g04,-1
AABBBBAA,information,N,,,,4,4,4,4,0.5,0.5,blca_l10_k01_wi01_leak01_beta01,0
AABBBBAA,information,N,,,,4,4,4,4,0.5,0.5,naive,0
AABBBBAA,information,N,,,,4,4,4,4,0.5,0.5,lba_k01_d01,0
AABBBBAA,information,N,,,,4,4,4,4,0.5,0.5,abscount,-1
AABBBBAA,information,N,,,,4,4,4,4,0.5,0.5,likelihood_ration,-1
AABBBBAA,naive,A,0.75,0,1,4,4,4,4,0.5,0.5,information,0
AABBBBAA,naive,A,0.75,0,1,4,4,4,4,0.5,0.5,snr,0
AABBBBAA,naive,A,0.75,0,1,4,4,4,4,0.5,0.5,relcount,0
AABBBBAA,naive,A,0.75,0,1,4,4,4,4,0.5,0.5,blca_l10_k01_wi01_leak01_beta01,0
AABBBBAA,naive,A,0.75,0,1,4,4,4,4,0.5,0.5,gating_g04,0
AABBBBAA,naive,A,0.75,0,1,4,4,4,4,0.5,0.5,lba_k01_d01,1
AABBBBAA,naive,A,0.75,0,1,4,4,4,4,0.5,0.5,abscount,0
AABBBBAA,naive,A,0.75,0,1,4,4,4,4,0.5,0.5,likelihood_ration,0
AABBBBAA,lba_k01_d01,A,0.8,0.1,7,4,4,4,4,0.5,0.5,information,0
AABBBBAA,lba_k01_d01,A,0.8,0.1,7,4,4,4,4,0.5,0.5,relcount,0
AABBBBAA,lba_k01_d01,A,0.8,0.1,7,4,4,4,4,0.5,0.5,snr,0
AABBBBAA,lba_k01_d01,A,0.8,0.1,7,4,4,4,4,0.5,0.5,gating_g04,0
AABBBBAA,lba_k01_d01,A,0.8,0.1,7,4,4,4,4,0.5,0.5,blca_l10_k01_wi01_leak01_beta01,0
AABBBBAA,lba_k01_d01,A,0.8,0.1,7,4,4,4,4,0.5,0.5,naive,1
AABBBBAA,lba_k01_d01,A,0.8,0.1,7,4,4,4,4,0.5,0.5,abscount,0
AABBBBAA,lba_k01_d01,A,0.8,0.1,7,4,4,4,4,0.5,0.5,likelihood_ration,0
AABBBBAA,abscount,N,,,,4,4,4,4,0.5,0.5,information,-1
AABBBBAA,abscount,N,,,,4,4,4,4,0.5,0.5,snr,0
AABBBBAA,abscount,N,,,,4,4,4,4,0.5,0.5,gating_g04,-1
AABBBBAA,abscount,N,,,,4,4,4,4,0.5,0.5,blca_l10_k01_wi01_leak01_beta01,0
AABBBBAA,abscount,N,,,,4,4,4,4,0.5,0.5,naive,0
AABBBBAA,abscount,N,,,,4,4,4,4,0.5,0.5,lba_k01_d01,0
AABBBBAA,abscount,N,,,,4,4,4,4,0.5,0.5,relcount,-1
AABBBBAA,abscount,N,,,,4,4,4,4,0.5,0.5,likelihood_ration,-1
AABBBBAA,snr,B,1.5,0.0,3,4,4,4,4,0.5,0.5,information,0
AABBBBAA,snr,B,1.5,0.0,3,4,4,4,4,0.5,0.5,gating_g04,0
AABBBBAA,snr,B,1.5,0.0,3,4,4,4,4,0.5,0.5,relcount,0
AABBBBAA,snr,B,1.5,0.0,3,4,4,4,4,0.5,0.5,blca_l10_k01_wi01_leak01_beta01,1
AABBBBAA,snr,B,1.5,0.0,3,4,4,4,4,0.5,0.5,naive,0
AABBBBAA,snr,B,1.5,0.0,3,4,4,4,4,0.5,0.5,lba_k01_d01,0
AABBBBAA,snr,B,1.5,0.0,3,4,4,4,4,0.5,0.5,abscount,0
AABBBBAA,snr,B,1.5,0.0,3,4,4,4,4,0.5,0.5,likelihood_ration,0
AABBBBAA,blca_l10_k01_wi01_leak01_beta01,B,1.98,-0.98,1,4,4,4,4,0.5,0.5,information,0
AABBBBAA,blca_l10_k01_wi01_leak01_beta01,B,1.98,-0.98,1,4,4,4,4,0.5,0.5,snr,1
AABBBBAA,blca_l10_k01_wi01_leak01_beta01,B,1.98,-0.98,1,4,4,4,4,0.5,0.5,relcount,0
AABBBBAA,blca_l10_k01_wi01_leak01_beta01,B,1.98,-0.98,1,4,4,4,4,0.5,0.5,gating_g04,0
AABBBBAA,blca_l10_k01_wi01_leak01_beta01,B,1.98,-0.98,1,4,4,4,4,0.5,0.5,naive,0
AABBBBAA,blca_l10_k01_wi01_leak01_beta01,B,1.98,-0.98,1,4,4,4,4,0.5,0.5,lba_k01_d01,0
AABBBBAA,blca_l10_k01_wi01_leak01_beta01,B,1.98,-0.98,1,4,4,4,4,0.5,0.5,abscount,0
AABBBBAA,blca_l10_k01_wi01_leak01_beta01,B,1.98,-0.98,1,4,4,4,4,0.5,0.5,likelihood_ration,0
AABBBBAA,gating_g04,N,,,,4,4,4,4,0.5,0.5,information,-1
AABBBBAA,gating_g04,N,,,,4,4,4,4,0.5,0.5,snr,0
AABBBBAA,gating_g04,N,,,,4,4,4,4,0.5,0.5,relcount,-1
AABBBBAA,gating_g04,N,,,,4,4,4,4,0.5,0.5,blca_l10_k01_wi01_leak01_beta01,0
AABBBBAA,gating_g04,N,,,,4,4,4,4,0.5,0.5,naive,0
AABBBBAA,gating_g04,N,,,,4,4,4,4,0.5,0.5,lba_k01_d01,0
AABBBBAA,gating_g04,N,,,,4,4,4,4,0.5,0.5,abscount,-1
AABBBBAA,gating_g04,N,,,,4,4,4,4,0.5,0.5,likelihood_ration,-1
AABBBBAA,relcount,N,,,,4,4,4,4,0.5,0.5,information,-1
AABBBBAA,relcount,N,,,,4,4,4,4,0.5,0.5,snr,0
AABBBBAA,relcount,N,,,,4,4,4,4,0.5,0.5,gating_g04,-1
AABBBBAA,relcount,N,,,,4,4,4,4,0.5,0.5,blca_l10_k01_wi01_leak01_beta01,0
AABBBBAA,relcount,N,,,,4,4,4,4,0.5,0.5,naive,0
AABBBBAA,relcount,N,,,,4,4,4,4,0.5,0.5,lba_k01_d01,0
AABBBBAA,relcount,N,,,,4,4,4,4,0.5,0.5,abscount,-1
AABBBBAA,relcount,N,,,,4,4,4,4,0.5,0.5,likelihood_ration,-1
AABBBBAA,likelihood_ration,N,,,,4,4,4,4,0.5,0.5,information,-1
AABBBBAA,likelihood_ration,N,,,,4,4,4,4,0.5,0.5,relcount,-1
AABBBBAA,likelihood_ration,N,,,,4,4,4,4,0.5,0.5,snr,0
AABBBBAA,likelihood_ration,N,,,,4,4,4,4,0.5,0.5,gating_g04,-1
AABBBBAA,likelihood_ration,N,,,,4,4,4,4,0.5,0.5,blca_l10_k01_wi01_leak01_beta01,0
AABBBBAA,likelihood_ration,N,,,,4,4,4,4,0.5,0.5,naive,0
AABBBBAA,likelihood_ration,N,,,,4,4,4,4,0.5,0.5,lba_k01_d01,0
AABBBBAA,likelihood_ration,N,,,,4,4,4,4,0.5,0.5,abscount,-1
ABBBBABA,information,N,,,,3,3,5,5,0.75,0.5,relcount,-1
ABBBBABA,information,N,,,,3,3,5,5,0.75,0.5,snr,0
ABBBBABA,information,N,,,,3,3,5,5,0.75,0.5,gating_g04,-1
ABBBBABA,information,N,,,,3,3,5,5,0.75,0.5,blca_l10_k01_wi01_leak01_beta01,0
ABBBBABA,information,N,,,,3,3,5,5,0.75,0.5,naive,0
ABBBBABA,information,N,,,,3,3,5,5,0.75,0.5,lba_k01_d01,0
ABBBBABA,information,N,,,,3,3,5,5,0.75,0.5,abscount,-1
ABBBBABA,information,N,,,,3,3,5,5,0.75,0.5,likelihood_ration,0
ABBBBABA,naive,B,0.75,0,2,3,3,5,5,0.75,0.5,information,0
ABBBBABA,naive,B,0.75,0,2,3,3,5,5,0.75,0.5,snr,1
ABBBBABA,naive,B,0.75,0,2,3,3,5,5,0.75,0.5,relcount,0
ABBBBABA,naive,B,0.75,0,2,3,3,5,5,0.75,0.5,blca_l10_k01_wi01_leak01_beta01,1
ABBBBABA,naive,B,0.75,0,2,3,3,5,5,0.75,0.5,gating_g04,0
ABBBBABA,naive,B,0.75,0,2,3,3,5,5,0.75,0.5,lba_k01_d01,0
ABBBBABA,naive,B,0.75,0,2,3,3,5,5,0.75,0.5,abscount,0
ABBBBABA,naive,B,0.75,0,2,3,3,5,5,0.75,0.5,likelihood_ration,1
ABBBBABA,lba_k01_d01,A,0.8,0.1,7,3,3,5,5,0.75,0.5,information,0
ABBBBABA,lba_k01_d01,A,0.8,0.1,7,3,3,5,5,0.75,0.5,relcount,0
ABBBBABA,lba_k01_d01,A,0.8,0.1,7,3,3,5,5,0.75,0.5,snr,0
ABBBBABA,lba_k01_d01,A,0.8,0.1,7,3,3,5,5,0.75,0.5,gating_g04,0
ABBBBABA,lba_k01_d01,A,0.8,0.1,7,3,3,5,5,0.75,0.5,blca_l10_k01_wi01_leak01_beta01,0
ABBBBABA,lba_k01_d01,A,0.8,0.1,7,3,3,5,5,0.75,0.5,naive,0
ABBBBABA,lba_k01_d01,A,0.8,0.1,7,3,3,5,5,0.75,0.5,abscount,0
ABBBBABA,lba_k01_d01,A,0.8,0.1,7,3,3,5,5,0.75,0.5,likelihood_ration,0
ABBBBABA,abscount,N,,,,3,3,5,5,0.75,0.5,information,-1
ABBBBABA,abscount,N,,,,3,3,5,5,0.75,0.5,snr,0
ABBBBABA,abscount,N,,,,3,3,5,5,0.75,0.5,gating_g04,-1
ABBBBABA,abscount,N,,,,3,3,5,5,0.75,0.5,blca_l10_k01_wi01_leak01_beta01,0
ABBBBABA,abscount,N,,,,3,3,5,5,0.75,0.5,naive,0
ABBBBABA,abscount,N,,,,3,3,5,5,0.75,0.5,lba_k01_d01,0
ABBBBABA,abscount,N,,,,3,3,5,5,0.75,0.5,relcount,-1
ABBBBABA,abscount,N,,,,3,3,5,5,0.75,0.5,likelihood_ration,0
ABBBBABA,snr,B,2.0,0.0,2,3,3,5,5,0.75,0.5,information,0
ABBBBABA,snr,B,2.0,0.0,2,3,3,5,5,0.75,0.5,gating_g04,0
ABBBBABA,snr,B,2.0,0.0,2,3,3,5,5,0.75,0.5,relcount,0
ABBBBABA,snr,B,2.0,0.0,2,3,3,5,5,0.75,0.5,blca_l10_k01_wi01_leak01_beta01,1
ABBBBABA,snr,B,2.0,0.0,2,3,3,5,5,0.75,0.5,naive,1
ABBBBABA,snr,B,2.0,0.0,2,3,3,5,5,0.75,0.5,lba_k01_d01,0
ABBBBABA,snr,B,2.0,0.0,2,3,3,5,5,0.75,0.5,abscount,0
ABBBBABA,snr,B,2.0,0.0,2,3,3,5,5,0.75,0.5,likelihood_ration,1
ABBBBABA,blca_l10_k01_wi01_leak01_beta01,B,1.98,-0.98,1,3,3,5,5,0.75,0.5,information,0
ABBBBABA,blca_l10_k01_wi01_leak01_beta01,B,1.98,-0.98,1,3,3,5,5,0.75,0.5,snr,1
ABBBBABA,blca_l10_k01_wi01_leak01_beta01,B,1.98,-0.98,1,3,3,5,5,0.75,0.5,relcount,0
ABBBBABA,blca_l10_k01_wi01_leak01_beta01,B,1.98,-0.98,1,3,3,5,5,0.75,0.5,gating_g04,0
ABBBBABA,blca_l10_k01_wi01_leak01_beta01,B,1.98,-0.98,1,3,3,5,5,0.75,0.5,naive,1
ABBBBABA,blca_l10_k01_wi01_leak01_beta01,B,1.98,-0.98,1,3,3,5,5,0.75,0.5,lba_k01_d01,0
ABBBBABA,blca_l10_k01_wi01_leak01_beta01,B,1.98,-0.98,1,3,3,5,5,0.75,0.5,abscount,0
ABBBBABA,blca_l10_k01_wi01_leak01_beta01,B,1.98,-0.98,1,3,3,5,5,0.75,0.5,likelihood_ration,1
ABBBBABA,gating_g04,N,,,,3,3,5,5,0.75,0.5,information,-1
ABBBBABA,gating_g04,N,,,,3,3,5,5,0.75,0.5,snr,0
ABBBBABA,gating_g04,N,,,,3,3,5,5,0.75,0.5,relcount,-1
ABBBBABA,gating_g04,N,,,,3,3,5,5,0.75,0.5,blca_l10_k01_wi01_leak01_beta01,0
ABBBBABA,gating_g04,N,,,,3,3,5,5,0.75,0.5,naive,0
ABBBBABA,gating_g04,N,,,,3,3,5,5,0.75,0.5,lba_k01_d01,0
ABBBBABA,gating_g04,N,,,,3,3,5,5,0.75,0.5,abscount,-1
ABBBBABA,gating_g04,N,,,,3,3,5,5,0.75,0.5,likelihood_ration,0
ABBBBABA,relcount,N,,,,3,3,5,5,0.75,0.5,information,-1
ABBBBABA,relcount,N,,,,3,3,5,5,0.75,0.5,snr,0
ABBBBABA,relcount,N,,,,3,3,5,5,0.75,0.5,gating_g04,-1
ABBBBABA,relcount,N,,,,3,3,5,5,0.75,0.5,blca_l10_k01_wi01_leak01_beta01,0
ABBBBABA,relcount,N,,,,3,3,5,5,0.75,0.5,naive,0
ABBBBABA,relcount,N,,,,3,3,5,5,0.75,0.5,lba_k01_d01,0
ABBBBABA,relcount,N,,,,3,3,5,5,0.75,0.5,abscount,-1
ABBBBABA,relcount,N,,,,3,3,5,5,0.75,0.5,likelihood_ration,0
ABBBBABA,likelihood_ration,B,-1.38021124171,0,5,3,3,5,5,0.75,0.5,information,0
ABBBBABA,likelihood_ration,B,-1.38021124171,0,5,3,3,5,5,0.75,0.5,relcount,0
ABBBBABA,likelihood_ration,B,-1.38021124171,0,5,3,3,5,5,0.75,0.5,snr,1
ABBBBABA,likelihood_ration,B,-1.38021124171,0,5,3,3,5,5,0.75,0.5,gating_g04,0
ABBBBABA,likelihood_ration,B,-1.38021124171,0,5,3,3,5,5,0.75,0.5,blca_l10_k01_wi01_leak01_beta01,1
ABBBBABA,likelihood_ration,B,-1.38021124171,0,5,3,3,5,5,0.75,0.5,naive,1
ABBBBABA,likelihood_ration,B,-1.38021124171,0,5,3,3,5,5,0.75,0.5,lba_k01_d01,0
ABBBBABA,likelihood_ration,B,-1.38021124171,0,5,3,3,5,5,0.75,0.5,abscount,0
ABBBBABB,information,B,1.125,0.375,8,4,2,6,6,0.75,0.75,relcount,0
ABBBBABB,information,B,1.125,0.375,8,4,2,6,6,0.75,0.75,snr,1
ABBBBABB,information,B,1.125,0.375,8,4,2,6,6,0.75,0.75,gating_g04,0
ABBBBABB,information,B,1.125,0.375,8,4,2,6,6,0.75,0.75,blca_l10_k01_wi01_leak01_beta01,1
ABBBBABB,information,B,1.125,0.375,8,4,2,6,6,0.75,0.75,naive,1
ABBBBABB,information,B,1.125,0.375,8,4,2,6,6,0.75,0.75,lba_k01_d01,0
ABBBBABB,information,B,1.125,0.375,8,4,2,6,6,0.75,0.75,abscount,0
ABBBBABB,information,B,1.125,0.375,8,4,2,6,6,0.75,0.75,likelihood_ration,1
ABBBBABB,naive,B,0.75,0,2,4,2,6,6,0.75,0.75,information,1
ABBBBABB,naive,B,0.75,0,2,4,2,6,6,0.75,0.75,snr,1
ABBBBABB,naive,B,0.75,0,2,4,2,6,6,0.75,0.75,relcount,0
ABBBBABB,naive,B,0.75,0,2,4,2,6,6,0.75,0.75,blca_l10_k01_wi01_leak01_beta01,1
ABBBBABB,naive,B,0.75,0,2,4,2,6,6,0.75,0.75,gating_g04,0
ABBBBABB,naive,B,0.75,0,2,4,2,6,6,0.75,0.75,lba_k01_d01,0
ABBBBABB,naive,B,0.75,0,2,4,2,6,6,0.75,0.75,abscount,0
ABBBBABB,naive,B,0.75,0,2,4,2,6,6,0.75,0.75,likelihood_ration,1
ABBBBABB,lba_k01_d01,A,0.8,0.1,7,4,2,6,6,0.75,0.75,information,0
ABBBBABB,lba_k01_d01,A,0.8,0.1,7,4,2,6,6,0.75,0.75,relcount,0
ABBBBABB,lba_k01_d01,A,0.8,0.1,7,4,2,6,6,0.75,0.75,snr,0
ABBBBABB,lba_k01_d01,A,0.8,0.1,7,4,2,6,6,0.75,0.75,gating_g04,0
ABBBBABB,lba_k01_d01,A,0.8,0.1,7,4,2,6,6,0.75,0.75,blca_l10_k01_wi01_leak01_beta01,0
ABBBBABB,lba_k01_d01,A,0.8,0.1,7,4,2,6,6,0.75,0.75,naive,0
ABBBBABB,lba_k01_d01,A,0.8,0.1,7,4,2,6,6,0.75,0.75,abscount,0
ABBBBABB,lba_k01_d01,A,0.8,0.1,7,4,2,6,6,0.75,0.75,likelihood_ration,0
ABBBBABB,abscount,N,,,,4,2,6,6,0.75,0.75,information,0
ABBBBABB,abscount,N,,,,4,2,6,6,0.75,0.75,snr,0
ABBBBABB,abscount,N,,,,4,2,6,6,0.75,0.75,gating_g04,-1
ABBBBABB,abscount,N,,,,4,2,6,6,0.75,0.75,blca_l10_k01_wi01_leak01_beta01,0
ABBBBABB,abscount,N,,,,4,2,6,6,0.75,0.75,naive,0
ABBBBABB,abscount,N,,,,4,2,6,6,0.75,0.75,lba_k01_d01,0
ABBBBABB,abscount,N,,,,4,2,6,6,0.75,0.75,relcount,-1
ABBBBABB,abscount,N,,,,4,2,6,6,0.75,0.75,likelihood_ration,0
ABBBBABB,snr,B,2.0,0.0,2,4,2,6,6,0.75,0.75,information,1
ABBBBABB,snr,B,2.0,0.0,2,4,2,6,6,0.75,0.75,gating_g04,0
ABBBBABB,snr,B,2.0,0.0,2,4,2,6,6,0.75,0.75,relcount,0
ABBBBABB,snr,B,2.0,0.0,2,4,2,6,6,0.75,0.75,blca_l10_k01_wi01_leak01_beta01,1
ABBBBABB,snr,B,2.0,0.0,2,4,2,6,6,0.75,0.75,naive,1
ABBBBABB,snr,B,2.0,0.0,2,4,2,6,6,0.75,0.75,lba_k01_d01,0
ABBBBABB,snr,B,2.0,0.0,2,4,2,6,6,0.75,0.75,abscount,0
ABBBBABB,snr,B,2.0,0.0,2,4,2,6,6,0.75,0.75,likelihood_ration,1
ABBBBABB,blca_l10_k01_wi01_leak01_beta01,B,1.98,-0.98,1,4,2,6,6,0.75,0.75,information,1
ABBBBABB,blca_l10_k01_wi01_leak01_beta01,B,1.98,-0.98,1,4,2,6,6,0.75,0.75,snr,1
ABBBBABB,blca_l10_k01_wi01_leak01_beta01,B,1.98,-0.98,1,4,2,6,6,0.75,0.75,relcount,0
ABBBBABB,blca_l10_k01_wi01_leak01_beta01,B,1.98,-0.98,1,4,2,6,6,0.75,0.75,gating_g04,0
ABBBBABB,blca_l10_k01_wi01_leak01_beta01,B,1.98,-0.98,1,4,2,6,6,0.75,0.75,naive,1
ABBBBABB,blca_l10_k01_wi01_leak01_beta01,B,1.98,-0.98,1,4,2,6,6,0.75,0.75,lba_k01_d01,0
ABBBBABB,blca_l10_k01_wi01_leak01_beta01,B,1.98,-0.98,1,4,2,6,6,0.75,0.75,abscount,0
ABBBBABB,blca_l10_k01_wi01_leak01_beta01,B,1.98,-0.98,1,4,2,6,6,0.75,0.75,likelihood_ration,1
ABBBBABB,gating_g04,N,,,,4,2,6,6,0.75,0.75,information,0
ABBBBABB,gating_g04,N,,,,4,2,6,6,0.75,0.75,snr,0
ABBBBABB,gating_g04,N,,,,4,2,6,6,0.75,0.75,relcount,-1
ABBBBABB,gating_g04,N,,,,4,2,6,6,0.75,0.75,blca_l10_k01_wi01_leak01_beta01,0
ABBBBABB,gating_g04,N,,,,4,2,6,6,0.75,0.75,naive,0
ABBBBABB,gating_g04,N,,,,4,2,6,6,0.75,0.75,lba_k01_d01,0
ABBBBABB,gating_g04,N,,,,4,2,6,6,0.75,0.75,abscount,-1
ABBBBABB,gating_g04,N,,,,4,2,6,6,0.75,0.75,likelihood_ration,0
ABBBBABB,relcount,N,,,,4,2,6,6,0.75,0.75,information,0
ABBBBABB,relcount,N,,,,4,2,6,6,0.75,0.75,snr,0
ABBBBABB,relcount,N,,,,4,2,6,6,0.75,0.75,gating_g04,-1
ABBBBABB,relcount,N,,,,4,2,6,6,0.75,0.75,blca_l10_k01_wi01_leak01_beta01,0
ABBBBABB,relcount,N,,,,4,2,6,6,0.75,0.75,naive,0
ABBBBABB,relcount,N,,,,4,2,6,6,0.75,0.75,lba_k01_d01,0
ABBBBABB,relcount,N,,,,4,2,6,6,0.75,0.75,abscount,-1
ABBBBABB,relcount,N,,,,4,2,6,6,0.75,0.75,likelihood_ration,0
ABBBBABB,likelihood_ration,B,-1.38021124171,0,5,4,2,6,6,0.75,0.75,information,1
ABBBBABB,likelihood_ration,B,-1.38021124171,0,5,4,2,6,6,0.75,0.75,relcount,0
ABBBBABB,likelihood_ration,B,-1.38021124171,0,5,4,2,6,6,0.75,0.75,snr,1
ABBBBABB,likelihood_ration,B,-1.38021124171,0,5,4,2,6,6,0.75,0.75,gating_g04,0
ABBBBABB,likelihood_ration,B,-1.38021124171,0,5,4,2,6,6,0.75,0.75,blca_l10_k01_wi01_leak01_beta01,1
ABBBBABB,likelihood_ration,B,-1.38021124171,0,5,4,2,6,6,0.75,0.75,naive,1
ABBBBABB,likelihood_ration,B,-1.38021124171,0,5,4,2,6,6,0.75,0.75,lba_k01_d01,0
ABBBBABB,likelihood_ration,B,-1.38021124171,0,5,4,2,6,6,0.75,0.75,abscount,0
AABBBBAB,information,N,,,,3,3,5,5,0.5,0.75,relcount,-1
AABBBBAB,information,N,,,,3,3,5,5,0.5,0.75,snr,0
AABBBBAB,information,N,,,,3,3,5,5,0.5,0.75,gating_g04,-1
AABBBBAB,information,N,,,,3,3,5,5,0.5,0.75,blca_l10_k01_wi01_leak01_beta01,0
AABBBBAB,information,N,,,,3,3,5,5,0.5,0.75,naive,0
AABBBBAB,information,N,,,,3,3,5,5,0.5,0.75,lba_k01_d01,0
AABBBBAB,information,N,,,,3,3,5,5,0.5,0.75,abscount,-1
AABBBBAB,information,N,,,,3,3,5,5,0.5,0.75,likelihood_ration,-1
AABBBBAB,naive,A,0.75,0,1,3,3,5,5,0.5,0.75,information,0
AABBBBAB,naive,A,0.75,0,1,3,3,5,5,0.5,0.75,snr,0
AABBBBAB,naive,A,0.75,0,1,3,3,5,5,0.5,0.75,relcount,0
AABBBBAB,naive,A,0.75,0,1,3,3,5,5,0.5,0.75,blca_l10_k01_wi01_leak01_beta01,0
AABBBBAB,naive,A,0.75,0,1,3,3,5,5,0.5,0.75,gating_g04,0
AABBBBAB,naive,A,0.75,0,1,3,3,5,5,0.5,0.75,lba_k01_d01,1
AABBBBAB,naive,A,0.75,0,1,3,3,5,5,0.5,0.75,abscount,0
AABBBBAB,naive,A,0.75,0,1,3,3,5,5,0.5,0.75,likelihood_ration,0
AABBBBAB,lba_k01_d01,A,0.8,0.1,7,3,3,5,5,0.5,0.75,information,0
AABBBBAB,lba_k01_d01,A,0.8,0.1,7,3,3,5,5,0.5,0.75,relcount,0
AABBBBAB,lba_k01_d01,A,0.8,0.1,7,3,3,5,5,0.5,0.75,snr,0
AABBBBAB,lba_k01_d01,A,0.8,0.1,7,3,3,5,5,0.5,0.75,gating_g04,0
AABBBBAB,lba_k01_d01,A,0.8,0.1,7,3,3,5,5,0.5,0.75,blca_l10_k01_wi01_leak01_beta01,0
AABBBBAB,lba_k01_d01,A,0.8,0.1,7,3,3,5,5,0.5,0.75,naive,1
AABBBBAB,lba_k01_d01,A,0.8,0.1,7,3,3,5,5,0.5,0.75,abscount,0
AABBBBAB,lba_k01_d01,A,0.8,0.1,7,3,3,5,5,0.5,0.75,likelihood_ration,0
AABBBBAB,abscount,N,,,,3,3,5,5,0.5,0.75,information,-1
AABBBBAB,abscount,N,,,,3,3,5,5,0.5,0.75,snr,0
AABBBBAB,abscount,N,,,,3,3,5,5,0.5,0.75,gating_g04,-1
AABBBBAB,abscount,N,,,,3,3,5,5,0.5,0.75,blca_l10_k01_wi01_leak01_beta01,0
AABBBBAB,abscount,N,,,,3,3,5,5,0.5,0.75,naive,0
AABBBBAB,abscount,N,,,,3,3,5,5,0.5,0.75,lba_k01_d01,0
AABBBBAB,abscount,N,,,,3,3,5,5,0.5,0.75,relcount,-1
AABBBBAB,abscount,N,,,,3,3,5,5,0.5,0.75,likelihood_ration,-1
AABBBBAB,snr,B,1.5,0.0,3,3,3,5,5,0.5,0.75,information,0
AABBBBAB,snr,B,1.5,0.0,3,3,3,5,5,0.5,0.75,gating_g04,0
AABBBBAB,snr,B,1.5,0.0,3,3,3,5,5,0.5,0.75,relcount,0
AABBBBAB,snr,B,1.5,0.0,3,3,3,5,5,0.5,0.75,blca_l10_k01_wi01_leak01_beta01,1
AABBBBAB,snr,B,1.5,0.0,3,3,3,5,5,0.5,0.75,naive,0
AABBBBAB,snr,B,1.5,0.0,3,3,3,5,5,0.5,0.75,lba_k01_d01,0
AABBBBAB,snr,B,1.5,0.0,3,3,3,5,5,0.5,0.75,abscount,0
AABBBBAB,snr,B,1.5,0.0,3,3,3,5,5,0.5,0.75,likelihood_ration,0
AABBBBAB,blca_l10_k01_wi01_leak01_beta01,B,1.98,-0.98,1,3,3,5,5,0.5,0.75,information,0
AABBBBAB,blca_l10_k01_wi01_leak01_beta01,B,1.98,-0.98,1,3,3,5,5,0.5,0.75,snr,1
AABBBBAB,blca_l10_k01_wi01_leak01_beta01,B,1.98,-0.98,1,3,3,5,5,0.5,0.75,relcount,0
AABBBBAB,blca_l10_k01_wi01_leak01_beta01,B,1.98,-0.98,1,3,3,5,5,0.5,0.75,gating_g04,0
AABBBBAB,blca_l10_k01_wi01_leak01_beta01,B,1.98,-0.98,1,3,3,5,5,0.5,0.75,naive,0
AABBBBAB,blca_l10_k01_wi01_leak01_beta01,B,1.98,-0.98,1,3,3,5,5,0.5,0.75,lba_k01_d01,0
AABBBBAB,blca_l10_k01_wi01_leak01_beta01,B,1.98,-0.98,1,3,3,5,5,0.5,0.75,abscount,0
AABBBBAB,blca_l10_k01_wi01_leak01_beta01,B,1.98,-0.98,1,3,3,5,5,0.5,0.75,likelihood_ration,0
AABBBBAB,gating_g04,N,,,,3,3,5,5,0.5,0.75,information,-1
AABBBBAB,gating_g04,N,,,,3,3,5,5,0.5,0.75,snr,0
AABBBBAB,gating_g04,N,,,,3,3,5,5,0.5,0.75,relcount,-1
AABBBBAB,gating_g04,N,,,,3,3,5,5,0.5,0.75,blca_l10_k01_wi01_leak01_beta01,0
AABBBBAB,gating_g04,N,,,,3,3,5,5,0.5,0.75,naive,0
AABBBBAB,gating_g04,N,,,,3,3,5,5,0.5,0.75,lba_k01_d01,0
AABBBBAB,gating_g04,N,,,,3,3,5,5,0.5,0.75,abscount,-1
AABBBBAB,gating_g04,N,,,,3,3,5,5,0.5,0.75,likelihood_ration,-1
AABBBBAB,relcount,N,,,,3,3,5,5,0.5,0.75,information,-1
AABBBBAB,relcount,N,,,,3,3,5,5,0.5,0.75,snr,0
AABBBBAB,relcount,N,,,,3,3,5,5,0.5,0.75,gating_g04,-1
AABBBBAB,relcount,N,,,,3,3,5,5,0.5,0.75,blca_l10_k01_wi01_leak01_beta01,0
AABBBBAB,relcount,N,,,,3,3,5,5,0.5,0.75,naive,0
AABBBBAB,relcount,N,,,,3,3,5,5,0.5,0.75,lba_k01_d01,0
AABBBBAB,relcount,N,,,,3,3,5,5,0.5,0.75,abscount,-1
AABBBBAB,relcount,N,,,,3,3,5,5,0.5,0.75,likelihood_ration,-1
AABBBBAB,likelihood_ration,N,,,,3,3,5,5,0.5,0.75,information,-1
AABBBBAB,likelihood_ration,N,,,,3,3,5,5,0.5,0.75,relcount,-1
AABBBBAB,likelihood_ration,N,,,,3,3,5,5,0.5,0.75,snr,0
AABBBBAB,likelihood_ration,N,,,,3,3,5,5,0.5,0.75,gating_g04,-1
AABBBBAB,likelihood_ration,N,,,,3,3,5,5,0.5,0.75,blca_l10_k01_wi01_leak01_beta01,0
AABBBBAB,likelihood_ration,N,,,,3,3,5,5,0.5,0.75,naive,0
AABBBBAB,likelihood_ration,N,,,,3,3,5,5,0.5,0.75,lba_k01_d01,0
AABBBBAB,likelihood_ration,N,,,,3,3,5,5,0.5,0.75,abscount,-1
ABABBAAA,information,N,,,,3,5,3,5,0.5,0.75,relcount,-1
ABABBAAA,information,N,,,,3,5,3,5,0.5,0.75,snr,0
ABABBAAA,information,N,,,,3,5,3,5,0.5,0.75,gating_g04,-1
ABABBAAA,information,N,,,,3,5,3,5,0.5,0.75,blca_l10_k01_wi01_leak01_beta01,0
ABABBAAA,information,N,,,,3,5,3,5,0.5,0.75,naive,0
ABABBAAA,information,N,,,,3,5,3,5,0.5,0.75,lba_k01_d01,0
ABABBAAA,information,N,,,,3,5,3,5,0.5,0.75,abscount,-1
ABABBAAA,information,N,,,,3,5,3,5,0.5,0.75,likelihood_ration,-1
ABABBAAA,naive,B,0.75,0,4,3,5,3,5,0.5,0.75,information,0
ABABBAAA,naive,B,0.75,0,4,3,5,3,5,0.5,0.75,snr,1
ABABBAAA,naive,B,0.75,0,4,3,5,3,5,0.5,0.75,relcount,0
ABABBAAA,naive,B,0.75,0,4,3,5,3,5,0.5,0.75,blca_l10_k01_wi01_leak01_beta01,1
ABABBAAA,naive,B,0.75,0,4,3,5,3,5,0.5,0.75,gating_g04,0
ABABBAAA,naive,B,0.75,0,4,3,5,3,5,0.5,0.75,lba_k01_d01,0
ABABBAAA,naive,B,0.75,0,4,3,5,3,5,0.5,0.75,abscount,0
ABABBAAA,naive,B,0.75,0,4,3,5,3,5,0.5,0.75,likelihood_ration,0
ABABBAAA,lba_k01_d01,A,0.8,0.1,7,3,5,3,5,0.5,0.75,information,0
ABABBAAA,lba_k01_d01,A,0.8,0.1,7,3,5,3,5,0.5,0.75,relcount,0
ABABBAAA,lba_k01_d01,A,0.8,0.1,7,3,5,3,5,0.5,0.75,snr,0
ABABBAAA,lba_k01_d01,A,0.8,0.1,7,3,5,3,5,0.5,0.75,gating_g04,0
ABABBAAA,lba_k01_d01,A,0.8,0.1,7,3,5,3,5,0.5,0.75,blca_l10_k01_wi01_leak01_beta01,0
ABABBAAA,lba_k01_d01,A,0.8,0.1,7,3,5,3,5,0.5,0.75,naive,0
ABABBAAA,lba_k01_d01,A,0.8,0.1,7,3,5,3,5,0.5,0.75,abscount,0
ABABBAAA,lba_k01_d01,A,0.8,0.1,7,3,5,3,5,0.5,0.75,likelihood_ration,0
ABABBAAA,abscount,N,,,,3,5,3,5,0.5,0.75,information,-1
ABABBAAA,abscount,N,,,,3,5,3,5,0.5,0.75,snr,0
ABABBAAA,abscount,N,,,,3,5,3,5,0.5,0.75,gating_g04,-1
ABABBAAA,abscount,N,,,,3,5,3,5,0.5,0.75,blca_l10_k01_wi01_leak01_beta01,0
ABABBAAA,abscount,N,,,,3,5,3,5,0.5,0.75,naive,0
ABABBAAA,abscount,N,,,,3,5,3,5,0.5,0.75,lba_k01_d01,0
ABABBAAA,abscount,N,,,,3,5,3,5,0.5,0.75,relcount,-1
ABABBAAA,abscount,N,,,,3,5,3,5,0.5,0.75,likelihood_ration,-1
ABABBAAA,snr,B,2.0,0.0,2,3,5,3,5,0.5,0.75,information,0
ABABBAAA,snr,B,2.0,0.0,2,3,5,3,5,0.5,0.75,gating_g04,0
ABABBAAA,snr,B,2.0,0.0,2,3,5,3,5,0.5,0.75,relcount,0
ABABBAAA,snr,B,2.0,0.0,2,3,5,3,5,0.5,0.75,blca_l10_k01_wi01_leak01_beta01,1
ABABBAAA,snr,B,2.0,0.0,2,3,5,3,5,0.5,0.75,naive,1
ABABBAAA,snr,B,2.0,0.0,2,3,5,3,5,0.5,0.75,lba_k01_d01,0
ABABBAAA,snr,B,2.0,0.0,2,3,5,3,5,0.5,0.75,abscount,0
ABABBAAA,snr,B,2.0,0.0,2,3,5,3,5,0.5,0.75,likelihood_ration,0
ABABBAAA,blca_l10_k01_wi01_leak01_beta01,B,1.98,-0.98,1,3,5,3,5,0.5,0.75,information,0
ABABBAAA,blca_l10_k01_wi01_leak01_beta01,B,1.98,-0.98,1,3,5,3,5,0.5,0.75,snr,1
ABABBAAA,blca_l10_k01_wi01_leak01_beta01,B,1.98,-0.98,1,3,5,3,5,0.5,0.75,relcount,0
ABABBAAA,blca_l10_k01_wi01_leak01_beta01,B,1.98,-0.98,1,3,5,3,5,0.5,0.75,gating_g04,0
ABABBAAA,blca_l10_k01_wi01_leak01_beta01,B,1.98,-0.98,1,3,5,3,5,0.5,0.75,naive,1
ABABBAAA,blca_l10_k01_wi01_leak01_beta01,B,1.98,-0.98,1,3,5,3,5,0.5,0.75,lba_k01_d01,0
ABABBAAA,blca_l10_k01_wi01_leak01_beta01,B,1.98,-0.98,1,3,5,3,5,0.5,0.75,abscount,0
ABABBAAA,blca_l10_k01_wi01_leak01_beta01,B,1.98,-0.98,1,3,5,3,5,0.5,0.75,likelihood_ration,0
ABABBAAA,gating_g04,N,,,,3,5,3,5,0.5,0.75,information,-1
ABABBAAA,gating_g04,N,,,,3,5,3,5,0.5,0.75,snr,0
ABABBAAA,gating_g04,N,,,,3,5,3,5,0.5,0.75,relcount,-1
ABABBAAA,gating_g04,N,,,,3,5,3,5,0.5,0.75,blca_l10_k01_wi01_leak01_beta01,0
ABABBAAA,gating_g04,N,,,,3,5,3,5,0.5,0.75,naive,0
ABABBAAA,gating_g04,N,,,,3,5,3,5,0.5,0.75,lba_k01_d01,0
ABABBAAA,gating_g04,N,,,,3,5,3,5,0.5,0.75,abscount,-1
ABABBAAA,gating_g04,N,,,,3,5,3,5,0.5,0.75,likelihood_ration,-1
ABABBAAA,relcount,N,,,,3,5,3,5,0.5,0.75,information,-1
ABABBAAA,relcount,N,,,,3,5,3,5,0.5,0.75,snr,0
ABABBAAA,relcount,N,,,,3,5,3,5,0.5,0.75,gating_g04,-1
ABABBAAA,relcount,N,,,,3,5,3,5,0.5,0.75,blca_l10_k01_wi01_leak01_beta01,0
ABABBAAA,relcount,N,,,,3,5,3,5,0.5,0.75,naive,0
ABABBAAA,relcount,N,,,,3,5,3,5,0.5,0.75,lba_k01_d01,0
ABABBAAA,relcount,N,,,,3,5,3,5,0.5,0.75,abscount,-1
ABABBAAA,relcount,N,,,,3,5,3,5,0.5,0.75,likelihood_ration,-1
ABABBAAA,likelihood_ration,N,,,,3,5,3,5,0.5,0.75,information,-1
ABABBAAA,likelihood_ration,N,,,,3,5,3,5,0.5,0.75,relcount,-1
ABABBAAA,likelihood_ration,N,,,,3,5,3,5,0.5,0.75,snr,0
ABABBAAA,likelihood_ration,N,,,,3,5,3,5,0.5,0.75,gating_g04,-1
ABABBAAA,likelihood_ration,N,,,,3,5,3,5,0.5,0.75,blca_l10_k01_wi01_leak01_beta01,0
ABABBAAA,likelihood_ration,N,,,,3,5,3,5,0.5,0.75,naive,0
ABABBAAA,likelihood_ration,N,,,,3,5,3,5,0.5,0.75,lba_k01_d01,0
ABABBAAA,likelihood_ration,N,,,,3,5,3,5,0.5,0.75,abscount,-1
ABBBBBBA,information,B,0.9375,0.1875,6,4,2,6,6,0.75,0.75,relcount,1
ABBBBBBA,information,B,0.9375,0.1875,6,4,2,6,6,0.75,0.75,snr,1
ABBBBBBA,information,B,0.9375,0.1875,6,4,2,6,6,0.75,0.75,gating_g04,0
ABBBBBBA,information,B,0.9375,0.1875,6,4,2,6,6,0.75,0.75,blca_l10_k01_wi01_leak01_beta01,1
ABBBBBBA,information,B,0.9375,0.1875,6,4,2,6,6,0.75,0.75,naive,1
ABBBBBBA,information,B,0.9375,0.1875,6,4,2,6,6,0.75,0.75,lba_k01_d01,0
ABBBBBBA,information,B,0.9375,0.1875,6,4,2,6,6,0.75,0.75,abscount,0
ABBBBBBA,information,B,0.9375,0.1875,6,4,2,6,6,0.75,0.75,likelihood_ration,1
ABBBBBBA,naive,B,0.75,0,2,4,2,6,6,0.75,0.75,information,1
ABBBBBBA,naive,B,0.75,0,2,4,2,6,6,0.75,0.75,snr,1
ABBBBBBA,naive,B,0.75,0,2,4,2,6,6,0.75,0.75,relcount,1
ABBBBBBA,naive,B,0.75,0,2,4,2,6,6,0.75,0.75,blca_l10_k01_wi01_leak01_beta01,1
ABBBBBBA,naive,B,0.75,0,2,4,2,6,6,0.75,0.75,gating_g04,0
ABBBBBBA,naive,B,0.75,0,2,4,2,6,6,0.75,0.75,lba_k01_d01,0
ABBBBBBA,naive,B,0.75,0,2,4,2,6,6,0.75,0.75,abscount,0
ABBBBBBA,naive,B,0.75,0,2,4,2,6,6,0.75,0.75,likelihood_ration,1
ABBBBBBA,lba_k01_d01,A,0.8,0.1,7,4,2,6,6,0.75,0.75,information,0
ABBBBBBA,lba_k01_d01,A,0.8,0.1,7,4,2,6,6,0.75,0.75,relcount,0
ABBBBBBA,lba_k01_d01,A,0.8,0.1,7,4,2,6,6,0.75,0.75,snr,0
ABBBBBBA,lba_k01_d01,A,0.8,0.1,7,4,2,6,6,0.75,0.75,gating_g04,0
ABBBBBBA,lba_k01_d01,A,0.8,0.1,7,4,2,6,6,0.75,0.75,blca_l10_k01_wi01_leak01_beta01,0
ABBBBBBA,lba_k01_d01,A,0.8,0.1,7,4,2,6,6,0.75,0.75,naive,0
ABBBBBBA,lba_k01_d01,A,0.8,0.1,7,4,2,6,6,0.75,0.75,abscount,0
ABBBBBBA,lba_k01_d01,A,0.8,0.1,7,4,2,6,6,0.75,0.75,likelihood_ration,0
ABBBBBBA,abscount,N,,,,4,2,6,6,0.75,0.75,information,0
ABBBBBBA,abscount,N,,,,4,2,6,6,0.75,0.75,snr,0
ABBBBBBA,abscount,N,,,,4,2,6,6,0.75,0.75,gating_g04,-1
ABBBBBBA,abscount,N,,,,4,2,6,6,0.75,0.75,blca_l10_k01_wi01_leak01_beta01,0
ABBBBBBA,abscount,N,,,,4,2,6,6,0.75,0.75,naive,0
ABBBBBBA,abscount,N,,,,4,2,6,6,0.75,0.75,lba_k01_d01,0
ABBBBBBA,abscount,N,,,,4,2,6,6,0.75,0.75,relcount,0
ABBBBBBA,abscount,N,,,,4,2,6,6,0.75,0.75,likelihood_ration,0
ABBBBBBA,snr,B,2.0,0.0,2,4,2,6,6,0.75,0.75,information,1
ABBBBBBA,snr,B,2.0,0.0,2,4,2,6,6,0.75,0.75,gating_g04,0
ABBBBBBA,snr,B,2.0,0.0,2,4,2,6,6,0.75,0.75,relcount,1
ABBBBBBA,snr,B,2.0,0.0,2,4,2,6,6,0.75,0.75,blca_l10_k01_wi01_leak01_beta01,1
ABBBBBBA,snr,B,2.0,0.0,2,4,2,6,6,0.75,0.75,naive,1
ABBBBBBA,snr,B,2.0,0.0,2,4,2,6,6,0.75,0.75,lba_k01_d01,0
ABBBBBBA,snr,B,2.0,0.0,2,4,2,6,6,0.75,0.75,abscount,0
ABBBBBBA,snr,B,2.0,0.0,2,4,2,6,6,0.75,0.75,likelihood_ration,1
ABBBBBBA,blca_l10_k01_wi01_leak01_beta01,B,1.98,-0.98,1,4,2,6,6,0.75,0.75,information,1
ABBBBBBA,blca_l10_k01_wi01_leak01_beta01,B,1.98,-0.98,1,4,2,6,6,0.75,0.75,snr,1
ABBBBBBA,blca_l10_k01_wi01_leak01_beta01,B,1.98,-0.98,1,4,2,6,6,0.75,0.75,relcount,1
ABBBBBBA,blca_l10_k01_wi01_leak01_beta01,B,1.98,-0.98,1,4,2,6,6,0.75,0.75,gating_g04,0
ABBBBBBA,blca_l10_k01_wi01_leak01_beta01,B,1.98,-0.98,1,4,2,6,6,0.75,0.75,naive,1
ABBBBBBA,blca_l10_k01_wi01_leak01_beta01,B,1.98,-0.98,1,4,2,6,6,0.75,0.75,lba_k01_d01,0
ABBBBBBA,blca_l10_k01_wi01_leak01_beta01,B,1.98,-0.98,1,4,2,6,6,0.75,0.75,abscount,0
ABBBBBBA,blca_l10_k01_wi01_leak01_beta01,B,1.98,-0.98,1,4,2,6,6,0.75,0.75,likelihood_ration,1
ABBBBBBA,gating_g04,N,,,,4,2,6,6,0.75,0.75,information,0
ABBBBBBA,gating_g04,N,,,,4,2,6,6,0.75,0.75,snr,0
ABBBBBBA,gating_g04,N,,,,4,2,6,6,0.75,0.75,relcount,0
ABBBBBBA,gating_g04,N,,,,4,2,6,6,0.75,0.75,blca_l10_k01_wi01_leak01_beta01,0
ABBBBBBA,gating_g04,N,,,,4,2,6,6,0.75,0.75,naive,0
ABBBBBBA,gating_g04,N,,,,4,2,6,6,0.75,0.75,lba_k01_d01,0
ABBBBBBA,gating_g04,N,,,,4,2,6,6,0.75,0.75,abscount,-1
ABBBBBBA,gating_g04,N,,,,4,2,6,6,0.75,0.75,likelihood_ration,0
ABBBBBBA,relcount,B,0.833333333333,0.166666666667,6,4,2,6,6,0.75,0.75,information,1
ABBBBBBA,relcount,B,0.833333333333,0.166666666667,6,4,2,6,6,0.75,0.75,snr,1
ABBBBBBA,relcount,B,0.833333333333,0.166666666667,6,4,2,6,6,0.75,0.75,gating_g04,0
ABBBBBBA,relcount,B,0.833333333333,0.166666666667,6,4,2,6,6,0.75,0.75,blca_l10_k01_wi01_leak01_beta01,1
ABBBBBBA,relcount,B,0.833333333333,0.166666666667,6,4,2,6,6,0.75,0.75,naive,1
ABBBBBBA,relcount,B,0.833333333333,0.166666666667,6,4,2,6,6,0.75,0.75,lba_k01_d01,0
ABBBBBBA,relcount,B,0.833333333333,0.166666666667,6,4,2,6,6,0.75,0.75,abscount,0
ABBBBBBA,relcount,B,0.833333333333,0.166666666667,6,4,2,6,6,0.75,0.75,likelihood_ration,1
ABBBBBBA,likelihood_ration,B,-1.38021124171,0,5,4,2,6,6,0.75,0.75,information,1
ABBBBBBA,likelihood_ration,B,-1.38021124171,0,5,4,2,6,6,0.75,0.75,relcount,1
ABBBBBBA,likelihood_ration,B,-1.38021124171,0,5,4,2,6,6,0.75,0.75,snr,1
ABBBBBBA,likelihood_ration,B,-1.38021124171,0,5,4,2,6,6,0.75,0.75,gating_g04,0
ABBBBBBA,likelihood_ration,B,-1.38021124171,0,5,4,2,6,6,0.75,0.75,blca_l10_k01_wi01_leak01_beta01,1
ABBBBBBA,likelihood_ration,B,-1.38021124171,0,5,4,2,6,6,0.75,0.75,naive,1
ABBBBBBA,likelihood_ration,B,-1.38021124171,0,5,4,2,6,6,0.75,0.75,lba_k01_d01,0
ABBBBBBA,likelihood_ration,B,-1.38021124171,0,5,4,2,6,6,0.75,0.75,abscount,0
AAAAABAB,information,A,0.75,0.0,4,2,6,2,6,1.0,0.5,relcount,1
AAAAABAB,information,A,0.75,0.0,4,2,6,2,6,1.0,0.5,snr,0
AAAAABAB,information,A,0.75,0.0,4,2,6,2,6,1.0,0.5,gating_g04,0
AAAAABAB,information,A,0.75,0.0,4,2,6,2,6,1.0,0.5,blca_l10_k01_wi01_leak01_beta01,0
AAAAABAB,information,A,0.75,0.0,4,2,6,2,6,1.0,0.5,naive,1
AAAAABAB,information,A,0.75,0.0,4,2,6,2,6,1.0,0.5,lba_k01_d01,1
AAAAABAB,information,A,0.75,0.0,4,2,6,2,6,1.0,0.5,abscount,0
AAAAABAB,information,A,0.75,0.0,4,2,6,2,6,1.0,0.5,likelihood_ration,1
AAAAABAB,naive,A,0.75,0,1,2,6,2,6,1.0,0.5,information,1
AAAAABAB,naive,A,0.75,0,1,2,6,2,6,1.0,0.5,snr,0
AAAAABAB,naive,A,0.75,0,1,2,6,2,6,1.0,0.5,relcount,1
AAAAABAB,naive,A,0.75,0,1,2,6,2,6,1.0,0.5,blca_l10_k01_wi01_leak01_beta01,0
AAAAABAB,naive,A,0.75,0,1,2,6,2,6,1.0,0.5,gating_g04,0
AAAAABAB,naive,A,0.75,0,1,2,6,2,6,1.0,0.5,lba_k01_d01,1
AAAAABAB,naive,A,0.75,0,1,2,6,2,6,1.0,0.5,abscount,0
AAAAABAB,naive,A,0.75,0,1,2,6,2,6,1.0,0.5,likelihood_ration,1
AAAAABAB,lba_k01_d01,A,0.8,0.1,7,2,6,2,6,1.0,0.5,information,1
AAAAABAB,lba_k01_d01,A,0.8,0.1,7,2,6,2,6,1.0,0.5,relcount,1
AAAAABAB,lba_k01_d01,A,0.8,0.1,7,2,6,2,6,1.0,0.5,snr,0
AAAAABAB,lba_k01_d01,A,0.8,0.1,7,2,6,2,6,1.0,0.5,gating_g04,0
AAAAABAB,lba_k01_d01,A,0.8,0.1,7,2,6,2,6,1.0,0.5,blca_l10_k01_wi01_leak01_beta01,0
AAAAABAB,lba_k01_d01,A,0.8,0.1,7,2,6,2,6,1.0,0.5,naive,1
AAAAABAB,lba_k01_d01,A,0.8,0.1,7,2,6,2,6,1.0,0.5,abscount,0
AAAAABAB,lba_k01_d01,A,0.8,0.1,7,2,6,2,6,1.0,0.5,likelihood_ration,1
AAAAABAB,abscount,N,,,,2,6,2,6,1.0,0.5,information,0
AAAAABAB,abscount,N,,,,2,6,2,6,1.0,0.5,snr,0
AAAAABAB,abscount,N,,,,2,6,2,6,1.0,0.5,gating_g04,-1
AAAAABAB,abscount,N,,,,2,6,2,6,1.0,0.5,blca_l10_k01_wi01_leak01_beta01,0
AAAAABAB,abscount,N,,,,2,6,2,6,1.0,0.5,naive,0
AAAAABAB,abscount,N,,,,2,6,2,6,1.0,0.5,lba_k01_d01,0
AAAAABAB,abscount,N,,,,2,6,2,6,1.0,0.5,relcount,0
AAAAABAB,abscount,N,,,,2,6,2,6,1.0,0.5,likelihood_ration,0
AAAAABAB,snr,B,1.2,0.0,6,2,6,2,6,1.0,0.5,information,0
AAAAABAB,snr,B,1.2,0.0,6,2,6,2,6,1.0,0.5,gating_g04,0
AAAAABAB,snr,B,1.2,0.0,6,2,6,2,6,1.0,0.5,relcount,0
AAAAABAB,snr,B,1.2,0.0,6,2,6,2,6,1.0,0.5,blca_l10_k01_wi01_leak01_beta01,1
AAAAABAB,snr,B,1.2,0.0,6,2,6,2,6,1.0,0.5,naive,0
AAAAABAB,snr,B,1.2,0.0,6,2,6,2,6,1.0,0.5,lba_k01_d01,0
AAAAABAB,snr,B,1.2,0.0,6,2,6,2,6,1.0,0.5,abscount,0
AAAAABAB,snr,B,1.2,0.0,6,2,6,2,6,1.0,0.5,likelihood_ration,0
AAAAABAB,blca_l10_k01_wi01_leak01_beta01,B,1.98,-0.98,1,2,6,2,6,1.0,0.5,information,0
AAAAABAB,blca_l10_k01_wi01_leak01_beta01,B,1.98,-0.98,1,2,6,2,6,1.0,0.5,snr,1
AAAAABAB,blca_l10_k01_wi01_leak01_beta01,B,1.98,-0.98,1,2,6,2,6,1.0,0.5,relcount,0
AAAAABAB,blca_l10_k01_wi01_leak01_beta01,B,1.98,-0.98,1,2,6,2,6,1.0,0.5,gating_g04,0
AAAAABAB,blca_l10_k01_wi01_leak01_beta01,B,1.98,-0.98,1,2,6,2,6,1.0,0.5,naive,0
AAAAABAB,blca_l10_k01_wi01_leak01_beta01,B,1.98,-0.98,1,2,6,2,6,1.0,0.5,lba_k01_d01,0
AAAAABAB,blca_l10_k01_wi01_leak01_beta01,B,1.98,-0.98,1,2,6,2,6,1.0,0.5,abscount,0
AAAAABAB,blca_l10_k01_wi01_leak01_beta01,B,1.98,-0.98,1,2,6,2,6,1.0,0.5,likelihood_ration,0
AAAAABAB,gating_g04,N,,,,2,6,2,6,1.0,0.5,information,0
AAAAABAB,gating_g04,N,,,,2,6,2,6,1.0,0.5,snr,0
AAAAABAB,gating_g04,N,,,,2,6,2,6,1.0,0.5,relcount,0
AAAAABAB,gating_g04,N,,,,2,6,2,6,1.0,0.5,blca_l10_k01_wi01_leak01_beta01,0
AAAAABAB,gating_g04,N,,,,2,6,2,6,1.0,0.5,naive,0
AAAAABAB,gating_g04,N,,,,2,6,2,6,1.0,0.5,lba_k01_d01,0
AAAAABAB,gating_g04,N,,,,2,6,2,6,1.0,0.5,abscount,-1
AAAAABAB,gating_g04,N,,,,2,6,2,6,1.0,0.5,likelihood_ration,0
AAAAABAB,relcount,A,0.833333333333,0.166666666667,6,2,6,2,6,1.0,0.5,information,1
AAAAABAB,relcount,A,0.833333333333,0.166666666667,6,2,6,2,6,1.0,0.5,snr,0
AAAAABAB,relcount,A,0.833333333333,0.166666666667,6,2,6,2,6,1.0,0.5,gating_g04,0
AAAAABAB,relcount,A,0.833333333333,0.166666666667,6,2,6,2,6,1.0,0.5,blca_l10_k01_wi01_leak01_beta01,0
AAAAABAB,relcount,A,0.833333333333,0.166666666667,6,2,6,2,6,1.0,0.5,naive,1
AAAAABAB,relcount,A,0.833333333333,0.166666666667,6,2,6,2,6,1.0,0.5,lba_k01_d01,1
AAAAABAB,relcount,A,0.833333333333,0.166666666667,6,2,6,2,6,1.0,0.5,abscount,0
AAAAABAB,relcount,A,0.833333333333,0.166666666667,6,2,6,2,6,1.0,0.5,likelihood_ration,1
AAAAABAB,likelihood_ration,A,1.47712125472,0,7,2,6,2,6,1.0,0.5,information,1
AAAAABAB,likelihood_ration,A,1.47712125472,0,7,2,6,2,6,1.0,0.5,relcount,1
AAAAABAB,likelihood_ration,A,1.47712125472,0,7,2,6,2,6,1.0,0.5,snr,0
AAAAABAB,likelihood_ration,A,1.47712125472,0,7,2,6,2,6,1.0,0.5,gating_g04,0
AAAAABAB,likelihood_ration,A,1.47712125472,0,7,2,6,2,6,1.0,0.5,blca_l10_k01_wi01_leak01_beta01,0
AAAAABAB,likelihood_ration,A,1.47712125472,0,7,2,6,2,6,1.0,0.5,naive,1
AAAAABAB,likelihood_ration,A,1.47712125472,0,7,2,6,2,6,1.0,0.5,lba_k01_d01,1
AAAAABAB,likelihood_ration,A,1.47712125472,0,7,2,6,2,6,1.0,0.5,abscount,0
AAAAABAA,information,A,0.75,0.0,4,3,7,1,7,1.0,0.75,relcount,1
AAAAABAA,information,A,0.75,0.0,4,3,7,1,7,1.0,0.75,snr,0
AAAAABAA,information,A,0.75,0.0,4,3,7,1,7,1.0,0.75,gating_g04,0
AAAAABAA,information,A,0.75,0.0,4,3,7,1,7,1.0,0.75,blca_l10_k01_wi01_leak01_beta01,0
AAAAABAA,information,A,0.75,0.0,4,3,7,1,7,1.0,0.75,naive,1
AAAAABAA,information,A,0.75,0.0,4,3,7,1,7,1.0,0.75,lba_k01_d01,1
AAAAABAA,information,A,0.75,0.0,4,3,7,1,7,1.0,0.75,abscount,1
AAAAABAA,information,A,0.75,0.0,4,3,7,1,7,1.0,0.75,likelihood_ration,1
AAAAABAA,naive,A,0.75,0,1,3,7,1,7,1.0,0.75,information,1
AAAAABAA,naive,A,0.75,0,1,3,7,1,7,1.0,0.75,snr,0
AAAAABAA,naive,A,0.75,0,1,3,7,1,7,1.0,0.75,relcount,1
AAAAABAA,naive,A,0.75,0,1,3,7,1,7,1.0,0.75,blca_l10_k01_wi01_leak01_beta01,0
AAAAABAA,naive,A,0.75,0,1,3,7,1,7,1.0,0.75,gating_g04,0
AAAAABAA,naive,A,0.75,0,1,3,7,1,7,1.0,0.75,lba_k01_d01,1
AAAAABAA,naive,A,0.75,0,1,3,7,1,7,1.0,0.75,abscount,1
AAAAABAA,naive,A,0.75,0,1,3,7,1,7,1.0,0.75,likelihood_ration,1
AAAAABAA,lba_k01_d01,A,0.8,0.1,7,3,7,1,7,1.0,0.75,information,1
AAAAABAA,lba_k01_d01,A,0.8,0.1,7,3,7,1,7,1.0,0.75,relcount,1
AAAAABAA,lba_k01_d01,A,0.8,0.1,7,3,7,1,7,1.0,0.75,snr,0
AAAAABAA,lba_k01_d01,A,0.8,0.1,7,3,7,1,7,1.0,0.75,gating_g04,0
AAAAABAA,lba_k01_d01,A,0.8,0.1,7,3,7,1,7,1.0,0.75,blca_l10_k01_wi01_leak01_beta01,0
AAAAABAA,lba_k01_d01,A,0.8,0.1,7,3,7,1,7,1.0,0.75,naive,1
AAAAABAA,lba_k01_d01,A,0.8,0.1,7,3,7,1,7,1.0,0.75,abscount,1
AAAAABAA,lba_k01_d01,A,0.8,0.1,7,3,7,1,7,1.0,0.75,likelihood_ration,1
AAAAABAA,abscount,A,0.875,0.125,8,3,7,1,7,1.0,0.75,information,1
AAAAABAA,abscount,A,0.875,0.125,8,3,7,1,7,1.0,0.75,snr,0
AAAAABAA,abscount,A,0.875,0.125,8,3,7,1,7,1.0,0.75,gating_g04,0
AAAAABAA,abscount,A,0.875,0.125,8,3,7,1,7,1.0,0.75,blca_l10_k01_wi01_leak01_beta01,0
AAAAABAA,abscount,A,0.875,0.125,8,3,7,1,7,1.0,0.75,naive,1
AAAAABAA,abscount,A,0.875,0.125,8,3,7,1,7,1.0,0.75,lba_k01_d01,1
AAAAABAA,abscount,A,0.875,0.125,8,3,7,1,7,1.0,0.75,relcount,1
AAAAABAA,abscount,A,0.875,0.125,8,3,7,1,7,1.0,0.75,likelihood_ration,1
AAAAABAA,snr,B,1.2,0.0,6,3,7,1,7,1.0,0.75,information,0
AAAAABAA,snr,B,1.2,0.0,6,3,7,1,7,1.0,0.75,gating_g04,0
AAAAABAA,snr,B,1.2,0.0,6,3,7,1,7,1.0,0.75,relcount,0
AAAAABAA,snr,B,1.2,0.0,6,3,7,1,7,1.0,0.75,blca_l10_k01_wi01_leak01_beta01,1
AAAAABAA,snr,B,1.2,0.0,6,3,7,1,7,1.0,0.75,naive,0
AAAAABAA,snr,B,1.2,0.0,6,3,7,1,7,1.0,0.75,lba_k01_d01,0
AAAAABAA,snr,B,1.2,0.0,6,3,7,1,7,1.0,0.75,abscount,0
AAAAABAA,snr,B,1.2,0.0,6,3,7,1,7,1.0,0.75,likelihood_ration,0
AAAAABAA,blca_l10_k01_wi01_leak01_beta01,B,1.98,-0.98,1,3,7,1,7,1.0,0.75,information,0
AAAAABAA,blca_l10_k01_wi01_leak01_beta01,B,1.98,-0.98,1,3,7,1,7,1.0,0.75,snr,1
AAAAABAA,blca_l10_k01_wi01_leak01_beta01,B,1.98,-0.98,1,3,7,1,7,1.0,0.75,relcount,0
AAAAABAA,blca_l10_k01_wi01_leak01_beta01,B,1.98,-0.98,1,3,7,1,7,1.0,0.75,gating_g04,0
AAAAABAA,blca_l10_k01_wi01_leak01_beta01,B,1.98,-0.98,1,3,7,1,7,1.0,0.75,naive,0
AAAAABAA,blca_l10_k01_wi01_leak01_beta01,B,1.98,-0.98,1,3,7,1,7,1.0,0.75,lba_k01_d01,0
AAAAABAA,blca_l10_k01_wi01_leak01_beta01,B,1.98,-0.98,1,3,7,1,7,1.0,0.75,abscount,0
AAAAABAA,blca_l10_k01_wi01_leak01_beta01,B,1.98,-0.98,1,3,7,1,7,1.0,0.75,likelihood_ration,0
AAAAABAA,gating_g04,N,,,,3,7,1,7,1.0,0.75,information,0
AAAAABAA,gating_g04,N,,,,3,7,1,7,1.0,0.75,snr,0
AAAAABAA,gating_g04,N,,,,3,7,1,7,1.0,0.75,relcount,0
AAAAABAA,gating_g04,N,,,,3,7,1,7,1.0,0.75,blca_l10_k01_wi01_leak01_beta01,0
AAAAABAA,gating_g04,N,,,,3,7,1,7,1.0,0.75,naive,0
AAAAABAA,gating_g04,N,,,,3,7,1,7,1.0,0.75,lba_k01_d01,0
AAAAABAA,gating_g04,N,,,,3,7,1,7,1.0,0.75,abscount,0
AAAAABAA,gating_g04,N,,,,3,7,1,7,1.0,0.75,likelihood_ration,0
AAAAABAA,relcount,A,0.833333333333,0.166666666667,6,3,7,1,7,1.0,0.75,information,1
AAAAABAA,relcount,A,0.833333333333,0.166666666667,6,3,7,1,7,1.0,0.75,snr,0
AAAAABAA,relcount,A,0.833333333333,0.166666666667,6,3,7,1,7,1.0,0.75,gating_g04,0
AAAAABAA,relcount,A,0.833333333333,0.166666666667,6,3,7,1,7,1.0,0.75,blca_l10_k01_wi01_leak01_beta01,0
AAAAABAA,relcount,A,0.833333333333,0.166666666667,6,3,7,1,7,1.0,0.75,naive,1
AAAAABAA,relcount,A,0.833333333333,0.166666666667,6,3,7,1,7,1.0,0.75,lba_k01_d01,1
AAAAABAA,relcount,A,0.833333333333,0.166666666667,6,3,7,1,7,1.0,0.75,abscount,1
AAAAABAA,relcount,A,0.833333333333,0.166666666667,6,3,7,1,7,1.0,0.75,likelihood_ration,1
AAAAABAA,likelihood_ration,A,1.47712125472,0,7,3,7,1,7,1.0,0.75,information,1
AAAAABAA,likelihood_ration,A,1.47712125472,0,7,3,7,1,7,1.0,0.75,relcount,1
AAAAABAA,likelihood_ration,A,1.47712125472,0,7,3,7,1,7,1.0,0.75,snr,0
AAAAABAA,likelihood_ration,A,1.47712125472,0,7,3,7,1,7,1.0,0.75,gating_g04,0
AAAAABAA,likelihood_ration,A,1.47712125472,0,7,3,7,1,7,1.0,0.75,blca_l10_k01_wi01_leak01_beta01,0
AAAAABAA,likelihood_ration,A,1.47712125472,0,7,3,7,1,7,1.0,0.75,naive,1
AAAAABAA,likelihood_ration,A,1.47712125472,0,7,3,7,1,7,1.0,0.75,lba_k01_d01,1
AAAAABAA,likelihood_ration,A,1.47712125472,0,7,3,7,1,7,1.0,0.75,abscount,1
AABABBAB,information,N,,,,4,4,4,4,0.75,0.75,relcount,-1
AABABBAB,information,N,,,,4,4,4,4,0.75,0.75,snr,0
AABABBAB,information,N,,,,4,4,4,4,0.75,0.75,gating_g04,-1
AABABBAB,information,N,,,,4,4,4,4,0.75,0.75,blca_l10_k01_wi01_leak01_beta01,0
AABABBAB,information,N,,,,4,4,4,4,0.75,0.75,naive,0
AABABBAB,information,N,,,,4,4,4,4,0.75,0.75,lba_k01_d01,0
AABABBAB,information,N,,,,4,4,4,4,0.75,0.75,abscount,-1
AABABBAB,information,N,,,,4,4,4,4,0.75,0.75,likelihood_ration,-1
AABABBAB,naive,A,0.75,0,1,4,4,4,4,0.75,0.75,information,0
AABABBAB,naive,A,0.75,0,1,4,4,4,4,0.75,0.75,snr,0
AABABBAB,naive,A,0.75,0,1,4,4,4,4,0.75,0.75,relcount,0
AABABBAB,naive,A,0.75,0,1,4,4,4,4,0.75,0.75,blca_l10_k01_wi01_leak01_beta01,0
AABABBAB,naive,A,0.75,0,1,4,4,4,4,0.75,0.75,gating_g04,0
AABABBAB,naive,A,0.75,0,1,4,4,4,4,0.75,0.75,lba_k01_d01,1
AABABBAB,naive,A,0.75,0,1,4,4,4,4,0.75,0.75,abscount,0
AABABBAB,naive,A,0.75,0,1,4,4,4,4,0.75,0.75,likelihood_ration,0
AABABBAB,lba_k01_d01,A,0.8,0.1,7,4,4,4,4,0.75,0.75,information,0
AABABBAB,lba_k01_d01,A,0.8,0.1,7,4,4,4,4,0.75,0.75,relcount,0
AABABBAB,lba_k01_d01,A,0.8,0.1,7,4,4,4,4,0.75,0.75,snr,0
AABABBAB,lba_k01_d01,A,0.8,0.1,7,4,4,4,4,0.75,0.75,gating_g04,0
AABABBAB,lba_k01_d01,A,0.8,0.1,7,4,4,4,4,0.75,0.75,blca_l10_k01_wi01_leak01_beta01,0
AABABBAB,lba_k01_d01,A,0.8,0.1,7,4,4,4,4,0.75,0.75,naive,1
AABABBAB,lba_k01_d01,A,0.8,0.1,7,4,4,4,4,0.75,0.75,abscount,0
AABABBAB,lba_k01_d01,A,0.8,0.1,7,4,4,4,4,0.75,0.75,likelihood_ration,0
AABABBAB,abscount,N,,,,4,4,4,4,0.75,0.75,information,-1
AABABBAB,abscount,N,,,,4,4,4,4,0.75,0.75,snr,0
AABABBAB,abscount,N,,,,4,4,4,4,0.75,0.75,gating_g04,-1
AABABBAB,abscount,N,,,,4,4,4,4,0.75,0.75,blca_l10_k01_wi01_leak01_beta01,0
AABABBAB,abscount,N,,,,4,4,4,4,0.75,0.75,naive,0
AABABBAB,abscount,N,,,,4,4,4,4,0.75,0.75,lba_k01_d01,0
AABABBAB,abscount,N,,,,4,4,4,4,0.75,0.75,relcount,-1
AABABBAB,abscount,N,,,,4,4,4,4,0.75,0.75,likelihood_ration,-1
AABABBAB,snr,B,1.5,0.0,3,4,4,4,4,0.75,0.75,information,0
AABABBAB,snr,B,1.5,0.0,3,4,4,4,4,0.75,0.75,gating_g04,0
AABABBAB,snr,B,1.5,0.0,3,4,4,4,4,0.75,0.75,relcount,0
AABABBAB,snr,B,1.5,0.0,3,4,4,4,4,0.75,0.75,blca_l10_k01_wi01_leak01_beta01,1
AABABBAB,snr,B,1.5,0.0,3,4,4,4,4,0.75,0.75,naive,0
AABABBAB,snr,B,1.5,0.0,3,4,4,4,4,0.75,0.75,lba_k01_d01,0
AABABBAB,snr,B,1.5,0.0,3,4,4,4,4,0.75,0.75,abscount,0
AABABBAB,snr,B,1.5,0.0,3,4,4,4,4,0.75,0.75,likelihood_ration,0
AABABBAB,blca_l10_k01_wi01_leak01_beta01,B,1.98,-0.98,1,4,4,4,4,0.75,0.75,information,0
AABABBAB,blca_l10_k01_wi01_leak01_beta01,B,1.98,-0.98,1,4,4,4,4,0.75,0.75,snr,1
AABABBAB,blca_l10_k01_wi01_leak01_beta01,B,1.98,-0.98,1,4,4,4,4,0.75,0.75,relcount,0
AABABBAB,blca_l10_k01_wi01_leak01_beta01,B,1.98,-0.98,1,4,4,4,4,0.75,0.75,gating_g04,0
AABABBAB,blca_l10_k01_wi01_leak01_beta01,B,1.98,-0.98,1,4,4,4,4,0.75,0.75,naive,0
AABABBAB,blca_l10_k01_wi01_leak01_beta01,B,1.98,-0.98,1,4,4,4,4,0.75,0.75,lba_k01_d01,0
AABABBAB,blca_l10_k01_wi01_leak01_beta01,B,1.98,-0.98,1,4,4,4,4,0.75,0.75,abscount,0
AABABBAB,blca_l10_k01_wi01_leak01_beta01,B,1.98,-0.98,1,4,4,4,4,0.75,0.75,likelihood_ration,0
AABABBAB,gating_g04,N,,,,4,4,4,4,0.75,0.75,information,-1
AABABBAB,gating_g04,N,,,,4,4,4,4,0.75,0.75,snr,0
AABABBAB,gating_g04,N,,,,4,4,4,4,0.75,0.75,relcount,-1
AABABBAB,gating_g04,N,,,,4,4,4,4,0.75,0.75,blca_l10_k01_wi01_leak01_beta01,0
AABABBAB,gating_g04,N,,,,4,4,4,4,0.75,0.75,naive,0
AABABBAB,gating_g04,N,,,,4,4,4,4,0.75,0.75,lba_k01_d01,0
AABABBAB,gating_g04,N,,,,4,4,4,4,0.75,0.75,abscount,-1
AABABBAB,gating_g04,N,,,,4,4,4,4,0.75,0.75,likelihood_ration,-1
AABABBAB,relcount,N,,,,4,4,4,4,0.75,0.75,information,-1
AABABBAB,relcount,N,,,,4,4,4,4,0.75,0.75,snr,0
AABABBAB,relcount,N,,,,4,4,4,4,0.75,0.75,gating_g04,-1
AABABBAB,relcount,N,,,,4,4,4,4,0.75,0.75,blca_l10_k01_wi01_leak01_beta01,0
AABABBAB,relcount,N,,,,4,4,4,4,0.75,0.75,naive,0
AABABBAB,relcount,N,,,,4,4,4,4,0.75,0.75,lba_k01_d01,0
AABABBAB,relcount,N,,,,4,4,4,4,0.75,0.75,abscount,-1
AABABBAB,relcount,N,,,,4,4,4,4,0.75,0.75,likelihood_ration,-1
AABABBAB,likelihood_ration,N,,,,4,4,4,4,0.75,0.75,information,-1
AABABBAB,likelihood_ration,N,,,,4,4,4,4,0.75,0.75,relcount,-1
AABABBAB,likelihood_ration,N,,,,4,4,4,4,0.75,0.75,snr,0
AABABBAB,likelihood_ration,N,,,,4,4,4,4,0.75,0.75,gating_g04,-1
AABABBAB,likelihood_ration,N,,,,4,4,4,4,0.75,0.75,blca_l10_k01_wi01_leak01_beta01,0
AABABBAB,likelihood_ration,N,,,,4,4,4,4,0.75,0.75,naive,0
AABABBAB,likelihood_ration,N,,,,4,4,4,4,0.75,0.75,lba_k01_d01,0
AABABBAB,likelihood_ration,N,,,,4,4,4,4,0.75,0.75,abscount,-1
AABABBAA,information,N,,,,3,5,3,5,0.75,0.5,relcount,-1
AABABBAA,information,N,,,,3,5,3,5,0.75,0.5,snr,0
AABABBAA,information,N,,,,3,5,3,5,0.75,0.5,gating_g04,-1
AABABBAA,information,N,,,,3,5,3,5,0.75,0.5,blca_l10_k01_wi01_leak01_beta01,0
AABABBAA,information,N,,,,3,5,3,5,0.75,0.5,naive,0
AABABBAA,information,N,,,,3,5,3,5,0.75,0.5,lba_k01_d01,0
AABABBAA,information,N,,,,3,5,3,5,0.75,0.5,abscount,-1
AABABBAA,information,N,,,,3,5,3,5,0.75,0.5,likelihood_ration,0
AABABBAA,naive,A,0.75,0,1,3,5,3,5,0.75,0.5,information,0
AABABBAA,naive,A,0.75,0,1,3,5,3,5,0.75,0.5,snr,0
AABABBAA,naive,A,0.75,0,1,3,5,3,5,0.75,0.5,relcount,0
AABABBAA,naive,A,0.75,0,1,3,5,3,5,0.75,0.5,blca_l10_k01_wi01_leak01_beta01,0
AABABBAA,naive,A,0.75,0,1,3,5,3,5,0.75,0.5,gating_g04,0
AABABBAA,naive,A,0.75,0,1,3,5,3,5,0.75,0.5,lba_k01_d01,1
AABABBAA,naive,A,0.75,0,1,3,5,3,5,0.75,0.5,abscount,0
AABABBAA,naive,A,0.75,0,1,3,5,3,5,0.75,0.5,likelihood_ration,1
AABABBAA,lba_k01_d01,A,0.8,0.1,7,3,5,3,5,0.75,0.5,information,0
AABABBAA,lba_k01_d01,A,0.8,0.1,7,3,5,3,5,0.75,0.5,relcount,0
AABABBAA,lba_k01_d01,A,0.8,0.1,7,3,5,3,5,0.75,0.5,snr,0
AABABBAA,lba_k01_d01,A,0.8,0.1,7,3,5,3,5,0.75,0.5,gating_g04,0
AABABBAA,lba_k01_d01,A,0.8,0.1,7,3,5,3,5,0.75,0.5,blca_l10_k01_wi01_leak01_beta01,0
AABABBAA,lba_k01_d01,A,0.8,0.1,7,3,5,3,5,0.75,0.5,naive,1
AABABBAA,lba_k01_d01,A,0.8,0.1,7,3,5,3,5,0.75,0.5,abscount,0
AABABBAA,lba_k01_d01,A,0.8,0.1,7,3,5,3,5,0.75,0.5,likelihood_ration,1
AABABBAA,abscount,N,,,,3,5,3,5,0.75,0.5,information,-1
AABABBAA,abscount,N,,,,3,5,3,5,0.75,0.5,snr,0
AABABBAA,abscount,N,,,,3,5,3,5,0.75,0.5,gating_g04,-1
AABABBAA,abscount,N,,,,3,5,3,5,0.75,0.5,blca_l10_k01_wi01_leak01_beta01,0
AABABBAA,abscount,N,,,,3,5,3,5,0.75,0.5,naive,0
AABABBAA,abscount,N,,,,3,5,3,5,0.75,0.5,lba_k01_d01,0
AABABBAA,abscount,N,,,,3,5,3,5,0.75,0.5,relcount,-1
AABABBAA,abscount,N,,,,3,5,3,5,0.75,0.5,likelihood_ration,0
AABABBAA,snr,B,1.5,0.0,3,3,5,3,5,0.75,0.5,information,0
AABABBAA,snr,B,1.5,0.0,3,3,5,3,5,0.75,0.5,gating_g04,0
AABABBAA,snr,B,1.5,0.0,3,3,5,3,5,0.75,0.5,relcount,0
AABABBAA,snr,B,1.5,0.0,3,3,5,3,5,0.75,0.5,blca_l10_k01_wi01_leak01_beta01,1
AABABBAA,snr,B,1.5,0.0,3,3,5,3,5,0.75,0.5,naive,0
AABABBAA,snr,B,1.5,0.0,3,3,5,3,5,0.75,0.5,lba_k01_d01,0
AABABBAA,snr,B,1.5,0.0,3,3,5,3,5,0.75,0.5,abscount,0
AABABBAA,snr,B,1.5,0.0,3,3,5,3,5,0.75,0.5,likelihood_ration,0
AABABBAA,blca_l10_k01_wi01_leak01_beta01,B,1.98,-0.98,1,3,5,3,5,0.75,0.5,information,0
AABABBAA,blca_l10_k01_wi01_leak01_beta01,B,1.98,-0.98,1,3,5,3,5,0.75,0.5,snr,1
AABABBAA,blca_l10_k01_wi01_leak01_beta01,B,1.98,-0.98,1,3,5,3,5,0.75,0.5,relcount,0
AABABBAA,blca_l10_k01_wi01_leak01_beta01,B,1.98,-0.98,1,3,5,3,5,0.75,0.5,gating_g04,0
AABABBAA,blca_l10_k01_wi01_leak01_beta01,B,1.98,-0.98,1,3,5,3,5,0.75,0.5,naive,0
AABABBAA,blca_l10_k01_wi01_leak01_beta01,B,1.98,-0.98,1,3,5,3,5,0.75,0.5,lba_k01_d01,0
AABABBAA,blca_l10_k01_wi01_leak01_beta01,B,1.98,-0.98,1,3,5,3,5,0.75,0.5,abscount,0
AABABBAA,blca_l10_k01_wi01_leak01_beta01,B,1.98,-0.98,1,3,5,3,5,0.75,0.5,likelihood_ration,0
AABABBAA,gating_g04,N,,,,3,5,3,5,0.75,0.5,information,-1
AABABBAA,gating_g04,N,,,,3,5,3,5,0.75,0.5,snr,0
AABABBAA,gating_g04,N,,,,3,5,3,5,0.75,0.5,relcount,-1
AABABBAA,gating_g04,N,,,,3,5,3,5,0.75,0.5,blca_l10_k01_wi01_leak01_beta01,0
AABABBAA,gating_g04,N,,,,3,5,3,5,0.75,0.5,naive,0
AABABBAA,gating_g04,N,,,,3,5,3,5,0.75,0.5,lba_k01_d01,0
AABABBAA,gating_g04,N,,,,3,5,3,5,0.75,0.5,abscount,-1
AABABBAA,gating_g04,N,,,,3,5,3,5,0.75,0.5,likelihood_ration,0
AABABBAA,relcount,N,,,,3,5,3,5,0.75,0.5,information,-1
AABABBAA,relcount,N,,,,3,5,3,5,0.75,0.5,snr,0
AABABBAA,relcount,N,,,,3,5,3,5,0.75,0.5,gating_g04,-1
AABABBAA,relcount,N,,,,3,5,3,5,0.75,0.5,blca_l10_k01_wi01_leak01_beta01,0
AABABBAA,relcount,N,,,,3,5,3,5,0.75,0.5,naive,0
AABABBAA,relcount,N,,,,3,5,3,5,0.75,0.5,lba_k01_d01,0
AABABBAA,relcount,N,,,,3,5,3,5,0.75,0.5,abscount,-1
AABABBAA,relcount,N,,,,3,5,3,5,0.75,0.5,likelihood_ration,0
AABABBAA,likelihood_ration,A,1.30102999566,0,8,3,5,3,5,0.75,0.5,information,0
AABABBAA,likelihood_ration,A,1.30102999566,0,8,3,5,3,5,0.75,0.5,relcount,0
AABABBAA,likelihood_ration,A,1.30102999566,0,8,3,5,3,5,0.75,0.5,snr,0
AABABBAA,likelihood_ration,A,1.30102999566,0,8,3,5,3,5,0.75,0.5,gating_g04,0
AABABBAA,likelihood_ration,A,1.30102999566,0,8,3,5,3,5,0.75,0.5,blca_l10_k01_wi01_leak01_beta01,0
AABABBAA,likelihood_ration,A,1.30102999566,0,8,3,5,3,5,0.75,0.5,naive,1
AABABBAA,likelihood_ration,A,1.30102999566,0,8,3,5,3,5,0.75,0.5,lba_k01_d01,1
AABABBAA,likelihood_ration,A,1.30102999566,0,8,3,5,3,5,0.75,0.5,abscount,0
ABABBBBB,information,B,1.125,0.375,8,2,2,6,6,0.5,1.0,relcount,0
ABABBBBB,information,B,1.125,0.375,8,2,2,6,6,0.5,1.0,snr,1
ABABBBBB,information,B,1.125,0.375,8,2,2,6,6,0.5,1.0,gating_g04,0
ABABBBBB,information,B,1.125,0.375,8,2,2,6,6,0.5,1.0,blca_l10_k01_wi01_leak01_beta01,1
ABABBBBB,information,B,1.125,0.375,8,2,2,6,6,0.5,1.0,naive,1
ABABBBBB,information,B,1.125,0.375,8,2,2,6,6,0.5,1.0,lba_k01_d01,0
ABABBBBB,information,B,1.125,0.375,8,2,2,6,6,0.5,1.0,abscount,0
ABABBBBB,information,B,1.125,0.375,8,2,2,6,6,0.5,1.0,likelihood_ration,0
ABABBBBB,naive,B,0.75,0,4,2,2,6,6,0.5,1.0,information,1
ABABBBBB,naive,B,0.75,0,4,2,2,6,6,0.5,1.0,snr,1
ABABBBBB,naive,B,0.75,0,4,2,2,6,6,0.5,1.0,relcount,0
ABABBBBB,naive,B,0.75,0,4,2,2,6,6,0.5,1.0,blca_l10_k01_wi01_leak01_beta01,1
ABABBBBB,naive,B,0.75,0,4,2,2,6,6,0.5,1.0,gating_g04,0
ABABBBBB,naive,B,0.75,0,4,2,2,6,6,0.5,1.0,lba_k01_d01,0
ABABBBBB,naive,B,0.75,0,4,2,2,6,6,0.5,1.0,abscount,0
ABABBBBB,naive,B,0.75,0,4,2,2,6,6,0.5,1.0,likelihood_ration,0
ABABBBBB,lba_k01_d01,A,0.8,0.1,7,2,2,6,6,0.5,1.0,information,0
ABABBBBB,lba_k01_d01,A,0.8,0.1,7,2,2,6,6,0.5,1.0,relcount,0
ABABBBBB,lba_k01_d01,A,0.8,0.1,7,2,2,6,6,0.5,1.0,snr,0
ABABBBBB,lba_k01_d01,A,0.8,0.1,7,2,2,6,6,0.5,1.0,gating_g04,0
ABABBBBB,lba_k01_d01,A,0.8,0.1,7,2,2,6,6,0.5,1.0,blca_l10_k01_wi01_leak01_beta01,0
ABABBBBB,lba_k01_d01,A,0.8,0.1,7,2,2,6,6,0.5,1.0,naive,0
ABABBBBB,lba_k01_d01,A,0.8,0.1,7,2,2,6,6,0.5,1.0,abscount,0
ABABBBBB,lba_k01_d01,A,0.8,0.1,7,2,2,6,6,0.5,1.0,likelihood_ration,0
ABABBBBB,abscount,N,,,,2,2,6,6,0.5,1.0,information,0
ABABBBBB,abscount,N,,,,2,2,6,6,0.5,1.0,snr,0
ABABBBBB,abscount,N,,,,2,2,6,6,0.5,1.0,gating_g04,-1
ABABBBBB,abscount,N,,,,2,2,6,6,0.5,1.0,blca_l10_k01_wi01_leak01_beta01,0
ABABBBBB,abscount,N,,,,2,2,6,6,0.5,1.0,naive,0
ABABBBBB,abscount,N,,,,2,2,6,6,0.5,1.0,lba_k01_d01,0
ABABBBBB,abscount,N,,,,2,2,6,6,0.5,1.0,relcount,-1
ABABBBBB,abscount,N,,,,2,2,6,6,0.5,1.0,likelihood_ration,-1
ABABBBBB,snr,B,2.0,0.0,2,2,2,6,6,0.5,1.0,information,1
ABABBBBB,snr,B,2.0,0.0,2,2,2,6,6,0.5,1.0,gating_g04,0
ABABBBBB,snr,B,2.0,0.0,2,2,2,6,6,0.5,1.0,relcount,0
ABABBBBB,snr,B,2.0,0.0,2,2,2,6,6,0.5,1.0,blca_l10_k01_wi01_leak01_beta01,1
ABABBBBB,snr,B,2.0,0.0,2,2,2,6,6,0.5,1.0,naive,1
ABABBBBB,snr,B,2.0,0.0,2,2,2,6,6,0.5,1.0,lba_k01_d01,0
ABABBBBB,snr,B,2.0,0.0,2,2,2,6,6,0.5,1.0,abscount,0
ABABBBBB,snr,B,2.0,0.0,2,2,2,6,6,0.5,1.0,likelihood_ration,0
ABABBBBB,blca_l10_k01_wi01_leak01_beta01,B,1.98,-0.98,1,2,2,6,6,0.5,1.0,information,1
ABABBBBB,blca_l10_k01_wi01_leak01_beta01,B,1.98,-0.98,1,2,2,6,6,0.5,1.0,snr,1
ABABBBBB,blca_l10_k01_wi01_leak01_beta01,B,1.98,-0.98,1,2,2,6,6,0.5,1.0,relcount,0
ABABBBBB,blca_l10_k01_wi01_leak01_beta01,B,1.98,-0.98,1,2,2,6,6,0.5,1.0,gating_g04,0
ABABBBBB,blca_l10_k01_wi01_leak01_beta01,B,1.98,-0.98,1,2,2,6,6,0.5,1.0,naive,1
ABABBBBB,blca_l10_k01_wi01_leak01_beta01,B,1.98,-0.98,1,2,2,6,6,0.5,1.0,lba_k01_d01,0
ABABBBBB,blca_l10_k01_wi01_leak01_beta01,B,1.98,-0.98,1,2,2,6,6,0.5,1.0,abscount,0
ABABBBBB,blca_l10_k01_wi01_leak01_beta01,B,1.98,-0.98,1,2,2,6,6,0.5,1.0,likelihood_ration,0
ABABBBBB,gating_g04,N,,,,2,2,6,6,0.5,1.0,information,0
ABABBBBB,gating_g04,N,,,,2,2,6,6,0.5,1.0,snr,0
ABABBBBB,gating_g04,N,,,,2,2,6,6,0.5,1.0,relcount,-1
ABABBBBB,gating_g04,N,,,,2,2,6,6,0.5,1.0,blca_l10_k01_wi01_leak01_beta01,0
ABABBBBB,gating_g04,N,,,,2,2,6,6,0.5,1.0,naive,0
ABABBBBB,gating_g04,N,,,,2,2,6,6,0.5,1.0,lba_k01_d01,0
ABABBBBB,gating_g04,N,,,,2,2,6,6,0.5,1.0,abscount,-1
ABABBBBB,gating_g04,N,,,,2,2,6,6,0.5,1.0,likelihood_ration,-1
ABABBBBB,relcount,N,,,,2,2,6,6,0.5,1.0,information,0
ABABBBBB,relcount,N,,,,2,2,6,6,0.5,1.0,snr,0
ABABBBBB,relcount,N,,,,2,2,6,6,0.5,1.0,gating_g04,-1
ABABBBBB,relcount,N,,,,2,2,6,6,0.5,1.0,blca_l10_k01_wi01_leak01_beta01,0
ABABBBBB,relcount,N,,,,2,2,6,6,0.5,1.0,naive,0
ABABBBBB,relcount,N,,,,2,2,6,6,0.5,1.0,lba_k01_d01,0
ABABBBBB,relcount,N,,,,2,2,6,6,0.5,1.0,abscount,-1
ABABBBBB,relcount,N,,,,2,2,6,6,0.5,1.0,likelihood_ration,-1
ABABBBBB,likelihood_ration,N,,,,2,2,6,6,0.5,1.0,information,0
ABABBBBB,likelihood_ration,N,,,,2,2,6,6,0.5,1.0,relcount,-1
ABABBBBB,likelihood_ration,N,,,,2,2,6,6,0.5,1.0,snr,0
ABABBBBB,likelihood_ration,N,,,,2,2,6,6,0.5,1.0,gating_g04,-1
ABABBBBB,likelihood_ration,N,,,,2,2,6,6,0.5,1.0,blca_l10_k01_wi01_leak01_beta01,0
ABABBBBB,likelihood_ration,N,,,,2,2,6,6,0.5,1.0,naive,0
ABABBBBB,likelihood_ration,N,,,,2,2,6,6,0.5,1.0,lba_k01_d01,0
ABABBBBB,likelihood_ration,N,,,,2,2,6,6,0.5,1.0,abscount,-1
ABABBBBA,information,N,,,,3,3,5,5,0.5,0.75,relcount,-1
ABABBBBA,information,N,,,,3,3,5,5,0.5,0.75,snr,0
ABABBBBA,information,N,,,,3,3,5,5,0.5,0.75,gating_g04,-1
ABABBBBA,information,N,,,,3,3,5,5,0.5,0.75,blca_l10_k01_wi01_leak01_beta01,0
ABABBBBA,information,N,,,,3,3,5,5,0.5,0.75,naive,0
ABABBBBA,information,N,,,,3,3,5,5,0.5,0.75,lba_k01_d01,0
ABABBBBA,information,N,,,,3,3,5,5,0.5,0.75,abscount,-1
ABABBBBA,information,N,,,,3,3,5,5,0.5,0.75,likelihood_ration,-1
ABABBBBA,naive,B,0.75,0,4,3,3,5,5,0.5,0.75,information,0
ABABBBBA,naive,B,0.75,0,4,3,3,5,5,0.5,0.75,snr,1
ABABBBBA,naive,B,0.75,0,4,3,3,5,5,0.5,0.75,relcount,0
ABABBBBA,naive,B,0.75,0,4,3,3,5,5,0.5,0.75,blca_l10_k01_wi01_leak01_beta01,1
ABABBBBA,naive,B,0.75,0,4,3,3,5,5,0.5,0.75,gating_g04,0
ABABBBBA,naive,B,0.75,0,4,3,3,5,5,0.5,0.75,lba_k01_d01,0
ABABBBBA,naive,B,0.75,0,4,3,3,5,5,0.5,0.75,abscount,0
ABABBBBA,naive,B,0.75,0,4,3,3,5,5,0.5,0.75,likelihood_ration,0
ABABBBBA,lba_k01_d01,A,0.8,0.1,7,3,3,5,5,0.5,0.75,information,0
ABABBBBA,lba_k01_d01,A,0.8,0.1,7,3,3,5,5,0.5,0.75,relcount,0
ABABBBBA,lba_k01_d01,A,0.8,0.1,7,3,3,5,5,0.5,0.75,snr,0
ABABBBBA,lba_k01_d01,A,0.8,0.1,7,3,3,5,5,0.5,0.75,gating_g04,0
ABABBBBA,lba_k01_d01,A,0.8,0.1,7,3,3,5,5,0.5,0.75,blca_l10_k01_wi01_leak01_beta01,0
ABABBBBA,lba_k01_d01,A,0.8,0.1,7,3,3,5,5,0.5,0.75,naive,0
ABABBBBA,lba_k01_d01,A,0.8,0.1,7,3,3,5,5,0.5,0.75,abscount,0
ABABBBBA,lba_k01_d01,A,0.8,0.1,7,3,3,5,5,0.5,0.75,likelihood_ration,0
ABABBBBA,abscount,N,,,,3,3,5,5,0.5,0.75,information,-1
ABABBBBA,abscount,N,,,,3,3,5,5,0.5,0.75,snr,0
ABABBBBA,abscount,N,,,,3,3,5,5,0.5,0.75,gating_g04,-1
ABABBBBA,abscount,N,,,,3,3,5,5,0.5,0.75,blca_l10_k01_wi01_leak01_beta01,0
ABABBBBA,abscount,N,,,,3,3,5,5,0.5,0.75,naive,0
ABABBBBA,abscount,N,,,,3,3,5,5,0.5,0.75,lba_k01_d01,0
ABABBBBA,abscount,N,,,,3,3,5,5,0.5,0.75,relcount,-1
ABABBBBA,abscount,N,,,,3,3,5,5,0.5,0.75,likelihood_ration,-1
ABABBBBA,snr,B,2.0,0.0,2,3,3,5,5,0.5,0.75,information,0
ABABBBBA,snr,B,2.0,0.0,2,3,3,5,5,0.5,0.75,gating_g04,0
ABABBBBA,snr,B,2.0,0.0,2,3,3,5,5,0.5,0.75,relcount,0
ABABBBBA,snr,B,2.0,0.0,2,3,3,5,5,0.5,0.75,blca_l10_k01_wi01_leak01_beta01,1
ABABBBBA,snr,B,2.0,0.0,2,3,3,5,5,0.5,0.75,naive,1
ABABBBBA,snr,B,2.0,0.0,2,3,3,5,5,0.5,0.75,lba_k01_d01,0
ABABBBBA,snr,B,2.0,0.0,2,3,3,5,5,0.5,0.75,abscount,0
ABABBBBA,snr,B,2.0,0.0,2,3,3,5,5,0.5,0.75,likelihood_ration,0
ABABBBBA,blca_l10_k01_wi01_leak01_beta01,B,1.98,-0.98,1,3,3,5,5,0.5,0.75,information,0
ABABBBBA,blca_l10_k01_wi01_leak01_beta01,B,1.98,-0.98,1,3,3,5,5,0.5,0.75,snr,1
ABABBBBA,blca_l10_k01_wi01_leak01_beta01,B,1.98,-0.98,1,3,3,5,5,0.5,0.75,relcount,0
ABABBBBA,blca_l10_k01_wi01_leak01_beta01,B,1.98,-0.98,1,3,3,5,5,0.5,0.75,gating_g04,0
ABABBBBA,blca_l10_k01_wi01_leak01_beta01,B,1.98,-0.98,1,3,3,5,5,0.5,0.75,naive,1
ABABBBBA,blca_l10_k01_wi01_leak01_beta01,B,1.98,-0.98,1,3,3,5,5,0.5,0.75,lba_k01_d01,0
ABABBBBA,blca_l10_k01_wi01_leak01_beta01,B,1.98,-0.98,1,3,3,5,5,0.5,0.75,abscount,0
ABABBBBA,blca_l10_k01_wi01_leak01_beta01,B,1.98,-0.98,1,3,3,5,5,0.5,0.75,likelihood_ration,0
ABABBBBA,gating_g04,N,,,,3,3,5,5,0.5,0.75,information,-1
ABABBBBA,gating_g04,N,,,,3,3,5,5,0.5,0.75,snr,0
ABABBBBA,gating_g04,N,,,,3,3,5,5,0.5,0.75,relcount,-1
ABABBBBA,gating_g04,N,,,,3,3,5,5,0.5,0.75,blca_l10_k01_wi01_leak01_beta01,0
ABABBBBA,gating_g04,N,,,,3,3,5,5,0.5,0.75,naive,0
ABABBBBA,gating_g04,N,,,,3,3,5,5,0.5,0.75,lba_k01_d01,0
ABABBBBA,gating_g04,N,,,,3,3,5,5,0.5,0.75,abscount,-1
ABABBBBA,gating_g04,N,,,,3,3,5,5,0.5,0.75,likelihood_ration,-1
ABABBBBA,relcount,N,,,,3,3,5,5,0.5,0.75,information,-1
ABABBBBA,relcount,N,,,,3,3,5,5,0.5,0.75,snr,0
ABABBBBA,relcount,N,,,,3,3,5,5,0.5,0.75,gating_g04,-1
ABABBBBA,relcount,N,,,,3,3,5,5,0.5,0.75,blca_l10_k01_wi01_leak01_beta01,0
ABABBBBA,relcount,N,,,,3,3,5,5,0.5,0.75,naive,0
ABABBBBA,relcount,N,,,,3,3,5,5,0.5,0.75,lba_k01_d01,0
ABABBBBA,relcount,N,,,,3,3,5,5,0.5,0.75,abscount,-1
ABABBBBA,relcount,N,,,,3,3,5,5,0.5,0.75,likelihood_ration,-1
ABABBBBA,likelihood_ration,N,,,,3,3,5,5,0.5,0.75,information,-1
ABABBBBA,likelihood_ration,N,,,,3,3,5,5,0.5,0.75,relcount,-1
ABABBBBA,likelihood_ration,N,,,,3,3,5,5,0.5,0.75,snr,0
ABABBBBA,likelihood_ration,N,,,,3,3,5,5,0.5,0.75,gating_g04,-1
ABABBBBA,likelihood_ration,N,,,,3,3,5,5,0.5,0.75,blca_l10_k01_wi01_leak01_beta01,0
ABABBBBA,likelihood_ration,N,,,,3,3,5,5,0.5,0.75,naive,0
ABABBBBA,likelihood_ration,N,,,,3,3,5,5,0.5,0.75,lba_k01_d01,0
ABABBBBA,likelihood_ration,N,,,,3,3,5,5,0.5,0.75,abscount,-1
ABABBAAB,information,N,,,,2,4,4,4,0.5,0.5,relcount,-1
ABABBAAB,information,N,,,,2,4,4,4,0.5,0.5,snr,0
ABABBAAB,information,N,,,,2,4,4,4,0.5,0.5,gating_g04,-1
ABABBAAB,information,N,,,,2,4,4,4,0.5,0.5,blca_l10_k01_wi01_leak01_beta01,0
ABABBAAB,information,N,,,,2,4,4,4,0.5,0.5,naive,0
ABABBAAB,information,N,,,,2,4,4,4,0.5,0.5,lba_k01_d01,0
ABABBAAB,information,N,,,,2,4,4,4,0.5,0.5,abscount,-1
ABABBAAB,information,N,,,,2,4,4,4,0.5,0.5,likelihood_ration,-1
ABABBAAB,naive,B,0.75,0,4,2,4,4,4,0.5,0.5,information,0
ABABBAAB,naive,B,0.75,0,4,2,4,4,4,0.5,0.5,snr,1
ABABBAAB,naive,B,0.75,0,4,2,4,4,4,0.5,0.5,relcount,0
ABABBAAB,naive,B,0.75,0,4,2,4,4,4,0.5,0.5,blca_l10_k01_wi01_leak01_beta01,1
ABABBAAB,naive,B,0.75,0,4,2,4,4,4,0.5,0.5,gating_g04,0
ABABBAAB,naive,B,0.75,0,4,2,4,4,4,0.5,0.5,lba_k01_d01,0
ABABBAAB,naive,B,0.75,0,4,2,4,4,4,0.5,0.5,abscount,0
ABABBAAB,naive,B,0.75,0,4,2,4,4,4,0.5,0.5,likelihood_ration,0
ABABBAAB,lba_k01_d01,A,0.8,0.1,7,2,4,4,4,0.5,0.5,information,0
ABABBAAB,lba_k01_d01,A,0.8,0.1,7,2,4,4,4,0.5,0.5,relcount,0
ABABBAAB,lba_k01_d01,A,0.8,0.1,7,2,4,4,4,0.5,0.5,snr,0
ABABBAAB,lba_k01_d01,A,0.8,0.1,7,2,4,4,4,0.5,0.5,gating_g04,0
ABABBAAB,lba_k01_d01,A,0.8,0.1,7,2,4,4,4,0.5,0.5,blca_l10_k01_wi01_leak01_beta01,0
ABABBAAB,lba_k01_d01,A,0.8,0.1,7,2,4,4,4,0.5,0.5,naive,0
ABABBAAB,lba_k01_d01,A,0.8,0.1,7,2,4,4,4,0.5,0.5,abscount,0
ABABBAAB,lba_k01_d01,A,0.8,0.1,7,2,4,4,4,0.5,0.5,likelihood_ration,0
ABABBAAB,abscount,N,,,,2,4,4,4,0.5,0.5,information,-1
ABABBAAB,abscount,N,,,,2,4,4,4,0.5,0.5,snr,0
ABABBAAB,abscount,N,,,,2,4,4,4,0.5,0.5,gating_g04,-1
ABABBAAB,abscount,N,,,,2,4,4,4,0.5,0.5,blca_l10_k01_wi01_leak01_beta01,0
ABABBAAB,abscount,N,,,,2,4,4,4,0.5,0.5,naive,0
ABABBAAB,abscount,N,,,,2,4,4,4,0.5,0.5,lba_k01_d01,0
ABABBAAB,abscount,N,,,,2,4,4,4,0.5,0.5,relcount,-1
ABABBAAB,abscount,N,,,,2,4,4,4,0.5,0.5,likelihood_ration,-1
ABABBAAB,snr,B,2.0,0.0,2,2,4,4,4,0.5,0.5,information,0
ABABBAAB,snr,B,2.0,0.0,2,2,4,4,4,0.5,0.5,gating_g04,0
ABABBAAB,snr,B,2.0,0.0,2,2,4,4,4,0.5,0.5,relcount,0
ABABBAAB,snr,B,2.0,0.0,2,2,4,4,4,0.5,0.5,blca_l10_k01_wi01_leak01_beta01,1
ABABBAAB,snr,B,2.0,0.0,2,2,4,4,4,0.5,0.5,naive,1
ABABBAAB,snr,B,2.0,0.0,2,2,4,4,4,0.5,0.5,lba_k01_d01,0
ABABBAAB,snr,B,2.0,0.0,2,2,4,4,4,0.5,0.5,abscount,0
ABABBAAB,snr,B,2.0,0.0,2,2,4,4,4,0.5,0.5,likelihood_ration,0
ABABBAAB,blca_l10_k01_wi01_leak01_beta01,B,1.98,-0.98,1,2,4,4,4,0.5,0.5,information,0
ABABBAAB,blca_l10_k01_wi01_leak01_beta01,B,1.98,-0.98,1,2,4,4,4,0.5,0.5,snr,1
ABABBAAB,blca_l10_k01_wi01_leak01_beta01,B,1.98,-0.98,1,2,4,4,4,0.5,0.5,relcount,0
ABABBAAB,blca_l10_k01_wi01_leak01_beta01,B,1.98,-0.98,1,2,4,4,4,0.5,0.5,gating_g04,0
ABABBAAB,blca_l10_k01_wi01_leak01_beta01,B,1.98,-0.98,1,2,4,4,4,0.5,0.5,naive,1
ABABBAAB,blca_l10_k01_wi01_leak01_beta01,B,1.98,-0.98,1,2,4,4,4,0.5,0.5,lba_k01_d01,0
ABABBAAB,blca_l10_k01_wi01_leak01_beta01,B,1.98,-0.98,1,2,4,4,4,0.5,0.5,abscount,0
ABABBAAB,blca_l10_k01_wi01_leak01_beta01,B,1.98,-0.98,1,2,4,4,4,0.5,0.5,likelihood_ration,0
ABABBAAB,gating_g04,N,,,,2,4,4,4,0.5,0.5,information,-1
ABABBAAB,gating_g04,N,,,,2,4,4,4,0.5,0.5,snr,0
ABABBAAB,gating_g04,N,,,,2,4,4,4,0.5,0.5,relcount,-1
ABABBAAB,gating_g04,N,,,,2,4,4,4,0.5,0.5,blca_l10_k01_wi01_leak01_beta01,0
ABABBAAB,gating_g04,N,,,,2,4,4,4,0.5,0.5,naive,0
ABABBAAB,gating_g04,N,,,,2,4,4,4,0.5,0.5,lba_k01_d01,0
ABABBAAB,gating_g04,N,,,,2,4,4,4,0.5,0.5,abscount,-1
ABABBAAB,gating_g04,N,,,,2,4,4,4,0.5,0.5,likelihood_ration,-1
ABABBAAB,relcount,N,,,,2,4,4,4,0.5,0.5,information,-1
ABABBAAB,relcount,N,,,,2,4,4,4,0.5,0.5,snr,0
ABABBAAB,relcount,N,,,,2,4,4,4,0.5,0.5,gating_g04,-1
ABABBAAB,relcount,N,,,,2,4,4,4,0.5,0.5,blca_l10_k01_wi01_leak01_beta01,0
ABABBAAB,relcount,N,,,,2,4,4,4,0.5,0.5,naive,0
ABABBAAB,relcount,N,,,,2,4,4,4,0.5,0.5,lba_k01_d01,0
ABABBAAB,relcount,N,,,,2,4,4,4,0.5,0.5,abscount,-1
ABABBAAB,relcount,N,,,,2,4,4,4,0.5,0.5,likelihood_ration,-1
ABABBAAB,likelihood_ration,N,,,,2,4,4,4,0.5,0.5,information,-1
ABABBAAB,likelihood_ration,N,,,,2,4,4,4,0.5,0.5,relcount,-1
ABABBAAB,likelihood_ration,N,,,,2,4,4,4,0.5,0.5,snr,0
ABABBAAB,likelihood_ration,N,,,,2,4,4,4,0.5,0.5,gating_g04,-1
ABABBAAB,likelihood_ration,N,,,,2,4,4,4,0.5,0.5,blca_l10_k01_wi01_leak01_beta01,0
ABABBAAB,likelihood_ration,N,,,,2,4,4,4,0.5,0.5,naive,0
ABABBAAB,likelihood_ration,N,,,,2,4,4,4,0.5,0.5,lba_k01_d01,0
ABABBAAB,likelihood_ration,N,,,,2,4,4,4,0.5,0.5,abscount,-1
AABBBABB,information,N,,,,3,3,5,5,0.5,0.75,relcount,-1
AABBBABB,information,N,,,,3,3,5,5,0.5,0.75,snr,0
AABBBABB,information,N,,,,3,3,5,5,0.5,0.75,gating_g04,-1
AABBBABB,information,N,,,,3,3,5,5,0.5,0.75,blca_l10_k01_wi01_leak01_beta01,0
AABBBABB,information,N,,,,3,3,5,5,0.5,0.75,naive,0
AABBBABB,information,N,,,,3,3,5,5,0.5,0.75,lba_k01_d01,0
AABBBABB,information,N,,,,3,3,5,5,0.5,0.75,abscount,-1
AABBBABB,information,N,,,,3,3,5,5,0.5,0.75,likelihood_ration,-1
AABBBABB,naive,A,0.75,0,1,3,3,5,5,0.5,0.75,information,0
AABBBABB,naive,A,0.75,0,1,3,3,5,5,0.5,0.75,snr,0
AABBBABB,naive,A,0.75,0,1,3,3,5,5,0.5,0.75,relcount,0
AABBBABB,naive,A,0.75,0,1,3,3,5,5,0.5,0.75,blca_l10_k01_wi01_leak01_beta01,0
AABBBABB,naive,A,0.75,0,1,3,3,5,5,0.5,0.75,gating_g04,0
AABBBABB,naive,A,0.75,0,1,3,3,5,5,0.5,0.75,lba_k01_d01,1
AABBBABB,naive,A,0.75,0,1,3,3,5,5,0.5,0.75,abscount,0
AABBBABB,naive,A,0.75,0,1,3,3,5,5,0.5,0.75,likelihood_ration,0
AABBBABB,lba_k01_d01,A,0.8,0.1,7,3,3,5,5,0.5,0.75,information,0
AABBBABB,lba_k01_d01,A,0.8,0.1,7,3,3,5,5,0.5,0.75,relcount,0
AABBBABB,lba_k01_d01,A,0.8,0.1,7,3,3,5,5,0.5,0.75,snr,0
AABBBABB,lba_k01_d01,A,0.8,0.1,7,3,3,5,5,0.5,0.75,gating_g04,0
AABBBABB,lba_k01_d01,A,0.8,0.1,7,3,3,5,5,0.5,0.75,blca_l10_k01_wi01_leak01_beta01,0
AABBBABB,lba_k01_d01,A,0.8,0.1,7,3,3,5,5,0.5,0.75,naive,1
AABBBABB,lba_k01_d01,A,0.8,0.1,7,3,3,5,5,0.5,0.75,abscount,0
AABBBABB,lba_k01_d01,A,0.8,0.1,7,3,3,5,5,0.5,0.75,likelihood_ration,0
AABBBABB,abscount,N,,,,3,3,5,5,0.5,0.75,information,-1
AABBBABB,abscount,N,,,,3,3,5,5,0.5,0.75,snr,0
AABBBABB,abscount,N,,,,3,3,5,5,0.5,0.75,gating_g04,-1
AABBBABB,abscount,N,,,,3,3,5,5,0.5,0.75,blca_l10_k01_wi01_leak01_beta01,0
AABBBABB,abscount,N,,,,3,3,5,5,0.5,0.75,naive,0
AABBBABB,abscount,N,,,,3,3,5,5,0.5,0.75,lba_k01_d01,0
AABBBABB,abscount,N,,,,3,3,5,5,0.5,0.75,relcount,-1
AABBBABB,abscount,N,,,,3,3,5,5,0.5,0.75,likelihood_ration,-1
AABBBABB,snr,B,1.5,0.0,3,3,3,5,5,0.5,0.75,information,0
AABBBABB,snr,B,1.5,0.0,3,3,3,5,5,0.5,0.75,gating_g04,0
AABBBABB,snr,B,1.5,0.0,3,3,3,5,5,0.5,0.75,relcount,0
AABBBABB,snr,B,1.5,0.0,3,3,3,5,5,0.5,0.75,blca_l10_k01_wi01_leak01_beta01,1
AABBBABB,snr,B,1.5,0.0,3,3,3,5,5,0.5,0.75,naive,0
AABBBABB,snr,B,1.5,0.0,3,3,3,5,5,0.5,0.75,lba_k01_d01,0
AABBBABB,snr,B,1.5,0.0,3,3,3,5,5,0.5,0.75,abscount,0
AABBBABB,snr,B,1.5,0.0,3,3,3,5,5,0.5,0.75,likelihood_ration,0
AABBBABB,blca_l10_k01_wi01_leak01_beta01,B,1.98,-0.98,1,3,3,5,5,0.5,0.75,information,0
AABBBABB,blca_l10_k01_wi01_leak01_beta01,B,1.98,-0.98,1,3,3,5,5,0.5,0.75,snr,1
AABBBABB,blca_l10_k01_wi01_leak01_beta01,B,1.98,-0.98,1,3,3,5,5,0.5,0.75,relcount,0
AABBBABB,blca_l10_k01_wi01_leak01_beta01,B,1.98,-0.98,1,3,3,5,5,0.5,0.75,gating_g04,0
AABBBABB,blca_l10_k01_wi01_leak01_beta01,B,1.98,-0.98,1,3,3,5,5,0.5,0.75,naive,0
AABBBABB,blca_l10_k01_wi01_leak01_beta01,B,1.98,-0.98,1,3,3,5,5,0.5,0.75,lba_k01_d01,0
AABBBABB,blca_l10_k01_wi01_leak01_beta01,B,1.98,-0.98,1,3,3,5,5,0.5,0.75,abscount,0
AABBBABB,blca_l10_k01_wi01_leak01_beta01,B,1.98,-0.98,1,3,3,5,5,0.5,0.75,likelihood_ration,0
AABBBABB,gating_g04,N,,,,3,3,5,5,0.5,0.75,information,-1
AABBBABB,gating_g04,N,,,,3,3,5,5,0.5,0.75,snr,0
AABBBABB,gating_g04,N,,,,3,3,5,5,0.5,0.75,relcount,-1
AABBBABB,gating_g04,N,,,,3,3,5,5,0.5,0.75,blca_l10_k01_wi01_leak01_beta01,0
AABBBABB,gating_g04,N,,,,3,3,5,5,0.5,0.75,naive,0
AABBBABB,gating_g04,N,,,,3,3,5,5,0.5,0.75,lba_k01_d01,0
AABBBABB,gating_g04,N,,,,3,3,5,5,0.5,0.75,abscount,-1
AABBBABB,gating_g04,N,,,,3,3,5,5,0.5,0.75,likelihood_ration,-1
AABBBABB,relcount,N,,,,3,3,5,5,0.5,0.75,information,-1
AABBBABB,relcount,N,,,,3,3,5,5,0.5,0.75,snr,0
AABBBABB,relcount,N,,,,3,3,5,5,0.5,0.75,gating_g04,-1
AABBBABB,relcount,N,,,,3,3,5,5,0.5,0.75,blca_l10_k01_wi01_leak01_beta01,0
AABBBABB,relcount,N,,,,3,3,5,5,0.5,0.75,naive,0
AABBBABB,relcount,N,,,,3,3,5,5,0.5,0.75,lba_k01_d01,0
AABBBABB,relcount,N,,,,3,3,5,5,0.5,0.75,abscount,-1
AABBBABB,relcount,N,,,,3,3,5,5,0.5,0.75,likelihood_ration,-1
AABBBABB,likelihood_ration,N,,,,3,3,5,5,0.5,0.75,information,-1
AABBBABB,likelihood_ration,N,,,,3,3,5,5,0.5,0.75,relcount,-1
AABBBABB,likelihood_ration,N,,,,3,3,5,5,0.5,0.75,snr,0
AABBBABB,likelihood_ration,N,,,,3,3,5,5,0.5,0.75,gating_g04,-1
AABBBABB,likelihood_ration,N,,,,3,3,5,5,0.5,0.75,blca_l10_k01_wi01_leak01_beta01,0
AABBBABB,likelihood_ration,N,,,,3,3,5,5,0.5,0.75,naive,0
AABBBABB,likelihood_ration,N,,,,3,3,5,5,0.5,0.75,lba_k01_d01,0
AABBBABB,likelihood_ration,N,,,,3,3,5,5,0.5,0.75,abscount,-1
AABBBABA,information,N,,,,2,4,4,4,0.5,0.5,relcount,-1
AABBBABA,information,N,,,,2,4,4,4,0.5,0.5,snr,0
AABBBABA,information,N,,,,2,4,4,4,0.5,0.5,gating_g04,-1
AABBBABA,information,N,,,,2,4,4,4,0.5,0.5,blca_l10_k01_wi01_leak01_beta01,0
AABBBABA,information,N,,,,2,4,4,4,0.5,0.5,naive,0
AABBBABA,information,N,,,,2,4,4,4,0.5,0.5,lba_k01_d01,0
AABBBABA,information,N,,,,2,4,4,4,0.5,0.5,abscount,-1
AABBBABA,information,N,,,,2,4,4,4,0.5,0.5,likelihood_ration,-1
AABBBABA,naive,A,0.75,0,1,2,4,4,4,0.5,0.5,information,0
AABBBABA,naive,A,0.75,0,1,2,4,4,4,0.5,0.5,snr,0
AABBBABA,naive,A,0.75,0,1,2,4,4,4,0.5,0.5,relcount,0
AABBBABA,naive,A,0.75,0,1,2,4,4,4,0.5,0.5,blca_l10_k01_wi01_leak01_beta01,0
AABBBABA,naive,A,0.75,0,1,2,4,4,4,0.5,0.5,gating_g04,0
AABBBABA,naive,A,0.75,0,1,2,4,4,4,0.5,0.5,lba_k01_d01,1
AABBBABA,naive,A,0.75,0,1,2,4,4,4,0.5,0.5,abscount,0
AABBBABA,naive,A,0.75,0,1,2,4,4,4,0.5,0.5,likelihood_ration,0
AABBBABA,lba_k01_d01,A,0.8,0.1,7,2,4,4,4,0.5,0.5,information,0
AABBBABA,lba_k01_d01,A,0.8,0.1,7,2,4,4,4,0.5,0.5,relcount,0
AABBBABA,lba_k01_d01,A,0.8,0.1,7,2,4,4,4,0.5,0.5,snr,0
AABBBABA,lba_k01_d01,A,0.8,0.1,7,2,4,4,4,0.5,0.5,gating_g04,0
AABBBABA,lba_k01_d01,A,0.8,0.1,7,2,4,4,4,0.5,0.5,blca_l10_k01_wi01_leak01_beta01,0
AABBBABA,lba_k01_d01,A,0.8,0.1,7,2,4,4,4,0.5,0.5,naive,1
AABBBABA,lba_k01_d01,A,0.8,0.1,7,2,4,4,4,0.5,0.5,abscount,0
AABBBABA,lba_k01_d01,A,0.8,0.1,7,2,4,4,4,0.5,0.5,likelihood_ration,0
AABBBABA,abscount,N,,,,2,4,4,4,0.5,0.5,information,-1
AABBBABA,abscount,N,,,,2,4,4,4,0.5,0.5,snr,0
AABBBABA,abscount,N,,,,2,4,4,4,0.5,0.5,gating_g04,-1
AABBBABA,abscount,N,,,,2,4,4,4,0.5,0.5,blca_l10_k01_wi01_leak01_beta01,0
AABBBABA,abscount,N,,,,2,4,4,4,0.5,0.5,naive,0
AABBBABA,abscount,N,,,,2,4,4,4,0.5,0.5,lba_k01_d01,0
AABBBABA,abscount,N,,,,2,4,4,4,0.5,0.5,relcount,-1
AABBBABA,abscount,N,,,,2,4,4,4,0.5,0.5,likelihood_ration,-1
AABBBABA,snr,B,1.5,0.0,3,2,4,4,4,0.5,0.5,information,0
AABBBABA,snr,B,1.5,0.0,3,2,4,4,4,0.5,0.5,gating_g04,0
AABBBABA,snr,B,1.5,0.0,3,2,4,4,4,0.5,0.5,relcount,0
AABBBABA,snr,B,1.5,0.0,3,2,4,4,4,0.5,0.5,blca_l10_k01_wi01_leak01_beta01,1
AABBBABA,snr,B,1.5,0.0,3,2,4,4,4,0.5,0.5,naive,0
AABBBABA,snr,B,1.5,0.0,3,2,4,4,4,0.5,0.5,lba_k01_d01,0
AABBBABA,snr,B,1.5,0.0,3,2,4,4,4,0.5,0.5,abscount,0
AABBBABA,snr,B,1.5,0.0,3,2,4,4,4,0.5,0.5,likelihood_ration,0
AABBBABA,blca_l10_k01_wi01_leak01_beta01,B,1.98,-0.98,1,2,4,4,4,0.5,0.5,information,0
AABBBABA,blca_l10_k01_wi01_leak01_beta01,B,1.98,-0.98,1,2,4,4,4,0.5,0.5,snr,1
AABBBABA,blca_l10_k01_wi01_leak01_beta01,B,1.98,-0.98,1,2,4,4,4,0.5,0.5,relcount,0
AABBBABA,blca_l10_k01_wi01_leak01_beta01,B,1.98,-0.98,1,2,4,4,4,0.5,0.5,gating_g04,0
AABBBABA,blca_l10_k01_wi01_leak01_beta01,B,1.98,-0.98,1,2,4,4,4,0.5,0.5,naive,0
AABBBABA,blca_l10_k01_wi01_leak01_beta01,B,1.98,-0.98,1,2,4,4,4,0.5,0.5,lba_k01_d01,0
AABBBABA,blca_l10_k01_wi01_leak01_beta01,B,1.98,-0.98,1,2,4,4,4,0.5,0.5,abscount,0
AABBBABA,blca_l10_k01_wi01_leak01_beta01,B,1.98,-0.98,1,2,4,4,4,0.5,0.5,likelihood_ration,0
AABBBABA,gating_g04,N,,,,2,4,4,4,0.5,0.5,information,-1
AABBBABA,gating_g04,N,,,,2,4,4,4,0.5,0.5,snr,0
AABBBABA,gating_g04,N,,,,2,4,4,4,0.5,0.5,relcount,-1
AABBBABA,gating_g04,N,,,,2,4,4,4,0.5,0.5,blca_l10_k01_wi01_leak01_beta01,0
AABBBABA,gating_g04,N,,,,2,4,4,4,0.5,0.5,naive,0
AABBBABA,gating_g04,N,,,,2,4,4,4,0.5,0.5,lba_k01_d01,0
AABBBABA,gating_g04,N,,,,2,4,4,4,0.5,0.5,abscount,-1
AABBBABA,gating_g04,N,,,,2,4,4,4,0.5,0.5,likelihood_ration,-1
AABBBABA,relcount,N,,,,2,4,4,4,0.5,0.5,information,-1
AABBBABA,relcount,N,,,,2,4,4,4,0.5,0.5,snr,0
AABBBABA,relcount,N,,,,2,4,4,4,0.5,0.5,gating_g04,-1
AABBBABA,relcount,N,,,,2,4,4,4,0.5,0.5,blca_l10_k01_wi01_leak01_beta01,0
AABBBABA,relcount,N,,,,2,4,4,4,0.5,0.5,naive,0
AABBBABA,relcount,N,,,,2,4,4,4,0.5,0.5,lba_k01_d01,0
AABBBABA,relcount,N,,,,2,4,4,4,0.5,0.5,abscount,-1
AABBBABA,relcount,N,,,,2,4,4,4,0.5,0.5,likelihood_ration,-1
AABBBABA,likelihood_ration,N,,,,2,4,4,4,0.5,0.5,information,-1
AABBBABA,likelihood_ration,N,,,,2,4,4,4,0.5,0.5,relcount,-1
AABBBABA,likelihood_ration,N,,,,2,4,4,4,0.5,0.5,snr,0
AABBBABA,likelihood_ration,N,,,,2,4,4,4,0.5,0.5,gating_g04,-1
AABBBABA,likelihood_ration,N,,,,2,4,4,4,0.5,0.5,blca_l10_k01_wi01_leak01_beta01,0
AABBBABA,likelihood_ration,N,,,,2,4,4,4,0.5,0.5,naive,0
AABBBABA,likelihood_ration,N,,,,2,4,4,4,0.5,0.5,lba_k01_d01,0
AABBBABA,likelihood_ration,N,,,,2,4,4,4,0.5,0.5,abscount,-1
AABAABBB,information,N,,,,4,4,4,4,0.75,0.75,relcount,-1
AABAABBB,information,N,,,,4,4,4,4,0.75,0.75,snr,0
AABAABBB,information,N,,,,4,4,4,4,0.75,0.75,gating_g04,-1
AABAABBB,information,N,,,,4,4,4,4,0.75,0.75,blca_l10_k01_wi01_leak01_beta01,0
AABAABBB,information,N,,,,4,4,4,4,0.75,0.75,naive,0
AABAABBB,information,N,,,,4,4,4,4,0.75,0.75,lba_k01_d01,0
AABAABBB,information,N,,,,4,4,4,4,0.75,0.75,abscount,-1
AABAABBB,information,N,,,,4,4,4,4,0.75,0.75,likelihood_ration,0
AABAABBB,naive,A,0.75,0,1,4,4,4,4,0.75,0.75,information,0
AABAABBB,naive,A,0.75,0,1,4,4,4,4,0.75,0.75,snr,0
AABAABBB,naive,A,0.75,0,1,4,4,4,4,0.75,0.75,relcount,0
AABAABBB,naive,A,0.75,0,1,4,4,4,4,0.75,0.75,blca_l10_k01_wi01_leak01_beta01,0
AABAABBB,naive,A,0.75,0,1,4,4,4,4,0.75,0.75,gating_g04,0
AABAABBB,naive,A,0.75,0,1,4,4,4,4,0.75,0.75,lba_k01_d01,1
AABAABBB,naive,A,0.75,0,1,4,4,4,4,0.75,0.75,abscount,0
AABAABBB,naive,A,0.75,0,1,4,4,4,4,0.75,0.75,likelihood_ration,1
AABAABBB,lba_k01_d01,A,0.8,0.1,7,4,4,4,4,0.75,0.75,information,0
AABAABBB,lba_k01_d01,A,0.8,0.1,7,4,4,4,4,0.75,0.75,relcount,0
AABAABBB,lba_k01_d01,A,0.8,0.1,7,4,4,4,4,0.75,0.75,snr,0
AABAABBB,lba_k01_d01,A,0.8,0.1,7,4,4,4,4,0.75,0.75,gating_g04,0
AABAABBB,lba_k01_d01,A,0.8,0.1,7,4,4,4,4,0.75,0.75,blca_l10_k01_wi01_leak01_beta01,0
AABAABBB,lba_k01_d01,A,0.8,0.1,7,4,4,4,4,0.75,0.75,naive,1
AABAABBB,lba_k01_d01,A,0.8,0.1,7,4,4,4,4,0.75,0.75,abscount,0
AABAABBB,lba_k01_d01,A,0.8,0.1,7,4,4,4,4,0.75,0.75,likelihood_ration,1
AABAABBB,abscount,N,,,,4,4,4,4,0.75,0.75,information,-1
AABAABBB,abscount,N,,,,4,4,4,4,0.75,0.75,snr,0
AABAABBB,abscount,N,,,,4,4,4,4,0.75,0.75,gating_g04,-1
AABAABBB,abscount,N,,,,4,4,4,4,0.75,0.75,blca_l10_k01_wi01_leak01_beta01,0
AABAABBB,abscount,N,,,,4,4,4,4,0.75,0.75,naive,0
AABAABBB,abscount,N,,,,4,4,4,4,0.75,0.75,lba_k01_d01,0
AABAABBB,abscount,N,,,,4,4,4,4,0.75,0.75,relcount,-1
AABAABBB,abscount,N,,,,4,4,4,4,0.75,0.75,likelihood_ration,0
AABAABBB,snr,B,1.5,0.0,3,4,4,4,4,0.75,0.75,information,0
AABAABBB,snr,B,1.5,0.0,3,4,4,4,4,0.75,0.75,gating_g04,0
AABAABBB,snr,B,1.5,0.0,3,4,4,4,4,0.75,0.75,relcount,0
AABAABBB,snr,B,1.5,0.0,3,4,4,4,4,0.75,0.75,blca_l10_k01_wi01_leak01_beta01,1
AABAABBB,snr,B,1.5,0.0,3,4,4,4,4,0.75,0.75,naive,0
AABAABBB,snr,B,1.5,0.0,3,4,4,4,4,0.75,0.75,lba_k01_d01,0
AABAABBB,snr,B,1.5,0.0,3,4,4,4,4,0.75,0.75,abscount,0
AABAABBB,snr,B,1.5,0.0,3,4,4,4,4,0.75,0.75,likelihood_ration,0
AABAABBB,blca_l10_k01_wi01_leak01_beta01,B,1.98,-0.98,1,4,4,4,4,0.75,0.75,information,0
AABAABBB,blca_l10_k01_wi01_leak01_beta01,B,1.98,-0.98,1,4,4,4,4,0.75,0.75,snr,1
AABAABBB,blca_l10_k01_wi01_leak01_beta01,B,1.98,-0.98,1,4,4,4,4,0.75,0.75,relcount,0
AABAABBB,blca_l10_k01_wi01_leak01_beta01,B,1.98,-0.98,1,4,4,4,4,0.75,0.75,gating_g04,0
AABAABBB,blca_l10_k01_wi01_leak01_beta01,B,1.98,-0.98,1,4,4,4,4,0.75,0.75,naive,0
AABAABBB,blca_l10_k01_wi01_leak01_beta01,B,1.98,-0.98,1,4,4,4,4,0.75,0.75,lba_k01_d01,0
AABAABBB,blca_l10_k01_wi01_leak01_beta01,B,1.98,-0.98,1,4,4,4,4,0.75,0.75,abscount,0
AABAABBB,blca_l10_k01_wi01_leak01_beta01,B,1.98,-0.98,1,4,4,4,4,0.75,0.75,likelihood_ration,0
AABAABBB,gating_g04,N,,,,4,4,4,4,0.75,0.75,information,-1
AABAABBB,gating_g04,N,,,,4,4,4,4,0.75,0.75,snr,0
AABAABBB,gating_g04,N,,,,4,4,4,4,0.75,0.75,relcount,-1
AABAABBB,gating_g04,N,,,,4,4,4,4,0.75,0.75,blca_l10_k01_wi01_leak01_beta01,0
AABAABBB,gating_g04,N,,,,4,4,4,4,0.75,0.75,naive,0
AABAABBB,gating_g04,N,,,,4,4,4,4,0.75,0.75,lba_k01_d01,0
AABAABBB,gating_g04,N,,,,4,4,4,4,0.75,0.75,abscount,-1
AABAABBB,gating_g04,N,,,,4,4,4,4,0.75,0.75,likelihood_ration,0
AABAABBB,relcount,N,,,,4,4,4,4,0.75,0.75,information,-1
AABAABBB,relcount,N,,,,4,4,4,4,0.75,0.75,snr,0
AABAABBB,relcount,N,,,,4,4,4,4,0.75,0.75,gating_g04,-1
AABAABBB,relcount,N,,,,4,4,4,4,0.75,0.75,blca_l10_k01_wi01_leak01_beta01,0
AABAABBB,relcount,N,,,,4,4,4,4,0.75,0.75,naive,0
AABAABBB,relcount,N,,,,4,4,4,4,0.75,0.75,lba_k01_d01,0
AABAABBB,relcount,N,,,,4,4,4,4,0.75,0.75,abscount,-1
AABAABBB,relcount,N,,,,4,4,4,4,0.75,0.75,likelihood_ration,0
AABAABBB,likelihood_ration,A,1.38021124171,0,5,4,4,4,4,0.75,0.75,information,0
AABAABBB,likelihood_ration,A,1.38021124171,0,5,4,4,4,4,0.75,0.75,relcount,0
AABAABBB,likelihood_ration,A,1.38021124171,0,5,4,4,4,4,0.75,0.75,snr,0
AABAABBB,likelihood_ration,A,1.38021124171,0,5,4,4,4,4,0.75,0.75,gating_g04,0
AABAABBB,likelihood_ration,A,1.38021124171,0,5,4,4,4,4,0.75,0.75,blca_l10_k01_wi01_leak01_beta01,0
AABAABBB,likelihood_ration,A,1.38021124171,0,5,4,4,4,4,0.75,0.75,naive,1
AABAABBB,likelihood_ration,A,1.38021124171,0,5,4,4,4,4,0.75,0.75,lba_k01_d01,1
AABAABBB,likelihood_ration,A,1.38021124171,0,5,4,4,4,4,0.75,0.75,abscount,0
ABBAAAAB,information,N,,,,3,5,3,5,0.5,0.75,relcount,-1
ABBAAAAB,information,N,,,,3,5,3,5,0.5,0.75,snr,0
ABBAAAAB,information,N,,,,3,5,3,5,0.5,0.75,gating_g04,-1
ABBAAAAB,information,N,,,,3,5,3,5,0.5,0.75,blca_l10_k01_wi01_leak01_beta01,0
ABBAAAAB,information,N,,,,3,5,3,5,0.5,0.75,naive,0
ABBAAAAB,information,N,,,,3,5,3,5,0.5,0.75,lba_k01_d01,0
ABBAAAAB,information,N,,,,3,5,3,5,0.5,0.75,abscount,-1
ABBAAAAB,information,N,,,,3,5,3,5,0.5,0.75,likelihood_ration,-1
ABBAAAAB,naive,B,0.75,0,2,3,5,3,5,0.5,0.75,information,0
ABBAAAAB,naive,B,0.75,0,2,3,5,3,5,0.5,0.75,snr,1
ABBAAAAB,naive,B,0.75,0,2,3,5,3,5,0.5,0.75,relcount,0
ABBAAAAB,naive,B,0.75,0,2,3,5,3,5,0.5,0.75,blca_l10_k01_wi01_leak01_beta01,1
ABBAAAAB,naive,B,0.75,0,2,3,5,3,5,0.5,0.75,gating_g04,0
ABBAAAAB,naive,B,0.75,0,2,3,5,3,5,0.5,0.75,lba_k01_d01,0
ABBAAAAB,naive,B,0.75,0,2,3,5,3,5,0.5,0.75,abscount,0
ABBAAAAB,naive,B,0.75,0,2,3,5,3,5,0.5,0.75,likelihood_ration,0
ABBAAAAB,lba_k01_d01,A,0.8,0.1,7,3,5,3,5,0.5,0.75,information,0
ABBAAAAB,lba_k01_d01,A,0.8,0.1,7,3,5,3,5,0.5,0.75,relcount,0
ABBAAAAB,lba_k01_d01,A,0.8,0.1,7,3,5,3,5,0.5,0.75,snr,0
ABBAAAAB,lba_k01_d01,A,0.8,0.1,7,3,5,3,5,0.5,0.75,gating_g04,0
ABBAAAAB,lba_k01_d01,A,0.8,0.1,7,3,5,3,5,0.5,0.75,blca_l10_k01_wi01_leak01_beta01,0
ABBAAAAB,lba_k01_d01,A,0.8,0.1,7,3,5,3,5,0.5,0.75,naive,0
ABBAAAAB,lba_k01_d01,A,0.8,0.1,7,3,5,3,5,0.5,0.75,abscount,0
ABBAAAAB,lba_k01_d01,A,0.8,0.1,7,3,5,3,5,0.5,0.75,likelihood_ration,0
ABBAAAAB,abscount,N,,,,3,5,3,5,0.5,0.75,information,-1
ABBAAAAB,abscount,N,,,,3,5,3,5,0.5,0.75,snr,0
ABBAAAAB,abscount,N,,,,3,5,3,5,0.5,0.75,gating_g04,-1
ABBAAAAB,abscount,N,,,,3,5,3,5,0.5,0.75,blca_l10_k01_wi01_leak01_beta01,0
ABBAAAAB,abscount,N,,,,3,5,3,5,0.5,0.75,naive,0
ABBAAAAB,abscount,N,,,,3,5,3,5,0.5,0.75,lba_k01_d01,0
ABBAAAAB,abscount,N,,,,3,5,3,5,0.5,0.75,relcount,-1
ABBAAAAB,abscount,N,,,,3,5,3,5,0.5,0.75,likelihood_ration,-1
ABBAAAAB,snr,B,2.0,0.0,2,3,5,3,5,0.5,0.75,information,0
ABBAAAAB,snr,B,2.0,0.0,2,3,5,3,5,0.5,0.75,gating_g04,0
ABBAAAAB,snr,B,2.0,0.0,2,3,5,3,5,0.5,0.75,relcount,0
ABBAAAAB,snr,B,2.0,0.0,2,3,5,3,5,0.5,0.75,blca_l10_k01_wi01_leak01_beta01,1
ABBAAAAB,snr,B,2.0,0.0,2,3,5,3,5,0.5,0.75,naive,1
ABBAAAAB,snr,B,2.0,0.0,2,3,5,3,5,0.5,0.75,lba_k01_d01,0
ABBAAAAB,snr,B,2.0,0.0,2,3,5,3,5,0.5,0.75,abscount,0
ABBAAAAB,snr,B,2.0,0.0,2,3,5,3,5,0.5,0.75,likelihood_ration,0
ABBAAAAB,blca_l10_k01_wi01_leak01_beta01,B,1.98,-0.98,1,3,5,3,5,0.5,0.75,information,0
ABBAAAAB,blca_l10_k01_wi01_leak01_beta01,B,1.98,-0.98,1,3,5,3,5,0.5,0.75,snr,1
ABBAAAAB,blca_l10_k01_wi01_leak01_beta01,B,1.98,-0.98,1,3,5,3,5,0.5,0.75,relcount,0
ABBAAAAB,blca_l10_k01_wi01_leak01_beta01,B,1.98,-0.98,1,3,5,3,5,0.5,0.75,gating_g04,0
ABBAAAAB,blca_l10_k01_wi01_leak01_beta01,B,1.98,-0.98,1,3,5,3,5,0.5,0.75,naive,1
ABBAAAAB,blca_l10_k01_wi01_leak01_beta01,B,1.98,-0.98,1,3,5,3,5,0.5,0.75,lba_k01_d01,0
ABBAAAAB,blca_l10_k01_wi01_leak01_beta01,B,1.98,-0.98,1,3,5,3,5,0.5,0.75,abscount,0
ABBAAAAB,blca_l10_k01_wi01_leak01_beta01,B,1.98,-0.98,1,3,5,3,5,0.5,0.75,likelihood_ration,0
ABBAAAAB,gating_g04,N,,,,3,5,3,5,0.5,0.75,information,-1
ABBAAAAB,gating_g04,N,,,,3,5,3,5,0.5,0.75,snr,0
ABBAAAAB,gating_g04,N,,,,3,5,3,5,0.5,0.75,relcount,-1
ABBAAAAB,gating_g04,N,,,,3,5,3,5,0.5,0.75,blca_l10_k01_wi01_leak01_beta01,0
ABBAAAAB,gating_g04,N,,,,3,5,3,5,0.5,0.75,naive,0
ABBAAAAB,gating_g04,N,,,,3,5,3,5,0.5,0.75,lba_k01_d01,0
ABBAAAAB,gating_g04,N,,,,3,5,3,5,0.5,0.75,abscount,-1
ABBAAAAB,gating_g04,N,,,,3,5,3,5,0.5,0.75,likelihood_ration,-1
ABBAAAAB,relcount,N,,,,3,5,3,5,0.5,0.75,information,-1
ABBAAAAB,relcount,N,,,,3,5,3,5,0.5,0.75,snr,0
ABBAAAAB,relcount,N,,,,3,5,3,5,0.5,0.75,gating_g04,-1
ABBAAAAB,relcount,N,,,,3,5,3,5,0.5,0.75,blca_l10_k01_wi01_leak01_beta01,0
ABBAAAAB,relcount,N,,,,3,5,3,5,0.5,0.75,naive,0
ABBAAAAB,relcount,N,,,,3,5,3,5,0.5,0.75,lba_k01_d01,0
ABBAAAAB,relcount,N,,,,3,5,3,5,0.5,0.75,abscount,-1
ABBAAAAB,relcount,N,,,,3,5,3,5,0.5,0.75,likelihood_ration,-1
ABBAAAAB,likelihood_ration,N,,,,3,5,3,5,0.5,0.75,information,-1
ABBAAAAB,likelihood_ration,N,,,,3,5,3,5,0.5,0.75,relcount,-1
ABBAAAAB,likelihood_ration,N,,,,3,5,3,5,0.5,0.75,snr,0
ABBAAAAB,likelihood_ration,N,,,,3,5,3,5,0.5,0.75,gating_g04,-1
ABBAAAAB,likelihood_ration,N,,,,3,5,3,5,0.5,0.75,blca_l10_k01_wi01_leak01_beta01,0
ABBAAAAB,likelihood_ration,N,,,,3,5,3,5,0.5,0.75,naive,0
ABBAAAAB,likelihood_ration,N,,,,3,5,3,5,0.5,0.75,lba_k01_d01,0
ABBAAAAB,likelihood_ration,N,,,,3,5,3,5,0.5,0.75,abscount,-1
ABBAAAAA,information,A,1.125,0.375,8,4,6,2,6,0.5,1.0,relcount,0
ABBAAAAA,information,A,1.125,0.375,8,4,6,2,6,0.5,1.0,snr,0
ABBAAAAA,information,A,1.125,0.375,8,4,6,2,6,0.5,1.0,gating_g04,0
ABBAAAAA,information,A,1.125,0.375,8,4,6,2,6,0.5,1.0,blca_l10_k01_wi01_leak01_beta01,0
ABBAAAAA,information,A,1.125,0.375,8,4,6,2,6,0.5,1.0,naive,0
ABBAAAAA,information,A,1.125,0.375,8,4,6,2,6,0.5,1.0,lba_k01_d01,1
ABBAAAAA,information,A,1.125,0.375,8,4,6,2,6,0.5,1.0,abscount,0
ABBAAAAA,information,A,1.125,0.375,8,4,6,2,6,0.5,1.0,likelihood_ration,0
ABBAAAAA,naive,B,0.75,0,2,4,6,2,6,0.5,1.0,information,0
ABBAAAAA,naive,B,0.75,0,2,4,6,2,6,0.5,1.0,snr,1
ABBAAAAA,naive,B,0.75,0,2,4,6,2,6,0.5,1.0,relcount,0
ABBAAAAA,naive,B,0.75,0,2,4,6,2,6,0.5,1.0,blca_l10_k01_wi01_leak01_beta01,1
ABBAAAAA,naive,B,0.75,0,2,4,6,2,6,0.5,1.0,gating_g04,0
ABBAAAAA,naive,B,0.75,0,2,4,6,2,6,0.5,1.0,lba_k01_d01,0
ABBAAAAA,naive,B,0.75,0,2,4,6,2,6,0.5,1.0,abscount,0
ABBAAAAA,naive,B,0.75,0,2,4,6,2,6,0.5,1.0,likelihood_ration,0
ABBAAAAA,lba_k01_d01,A,0.8,0.1,7,4,6,2,6,0.5,1.0,information,1
ABBAAAAA,lba_k01_d01,A,0.8,0.1,7,4,6,2,6,0.5,1.0,relcount,0
ABBAAAAA,lba_k01_d01,A,0.8,0.1,7,4,6,2,6,0.5,1.0,snr,0
ABBAAAAA,lba_k01_d01,A,0.8,0.1,7,4,6,2,6,0.5,1.0,gating_g04,0
ABBAAAAA,lba_k01_d01,A,0.8,0.1,7,4,6,2,6,0.5,1.0,blca_l10_k01_wi01_leak01_beta01,0
ABBAAAAA,lba_k01_d01,A,0.8,0.1,7,4,6,2,6,0.5,1.0,naive,0
ABBAAAAA,lba_k01_d01,A,0.8,0.1,7,4,6,2,6,0.5,1.0,abscount,0
ABBAAAAA,lba_k01_d01,A,0.8,0.1,7,4,6,2,6,0.5,1.0,likelihood_ration,0
ABBAAAAA,abscount,N,,,,4,6,2,6,0.5,1.0,information,0
ABBAAAAA,abscount,N,,,,4,6,2,6,0.5,1.0,snr,0
ABBAAAAA,abscount,N,,,,4,6,2,6,0.5,1.0,gating_g04,-1
ABBAAAAA,abscount,N,,,,4,6,2,6,0.5,1.0,blca_l10_k01_wi01_leak01_beta01,0
ABBAAAAA,abscount,N,,,,4,6,2,6,0.5,1.0,naive,0
ABBAAAAA,abscount,N,,,,4,6,2,6,0.5,1.0,lba_k01_d01,0
ABBAAAAA,abscount,N,,,,4,6,2,6,0.5,1.0,relcount,-1
ABBAAAAA,abscount,N,,,,4,6,2,6,0.5,1.0,likelihood_ration,-1
ABBAAAAA,snr,B,2.0,0.0,2,4,6,2,6,0.5,1.0,information,0
ABBAAAAA,snr,B,2.0,0.0,2,4,6,2,6,0.5,1.0,gating_g04,0
ABBAAAAA,snr,B,2.0,0.0,2,4,6,2,6,0.5,1.0,relcount,0
ABBAAAAA,snr,B,2.0,0.0,2,4,6,2,6,0.5,1.0,blca_l10_k01_wi01_leak01_beta01,1
ABBAAAAA,snr,B,2.0,0.0,2,4,6,2,6,0.5,1.0,naive,1
ABBAAAAA,snr,B,2.0,0.0,2,4,6,2,6,0.5,1.0,lba_k01_d01,0
ABBAAAAA,snr,B,2.0,0.0,2,4,6,2,6,0.5,1.0,abscount,0
ABBAAAAA,snr,B,2.0,0.0,2,4,6,2,6,0.5,1.0,likelihood_ration,0
ABBAAAAA,blca_l10_k01_wi01_leak01_beta01,B,1.98,-0.98,1,4,6,2,6,0.5,1.0,information,0
ABBAAAAA,blca_l10_k01_wi01_leak01_beta01,B,1.98,-0.98,1,4,6,2,6,0.5,1.0,snr,1
ABBAAAAA,blca_l10_k01_wi01_leak01_beta01,B,1.98,-0.98,1,4,6,2,6,0.5,1.0,relcount,0
ABBAAAAA,blca_l10_k01_wi01_leak01_beta01,B,1.98,-0.98,1,4,6,2,6,0.5,1.0,gating_g04,0
ABBAAAAA,blca_l10_k01_wi01_leak01_beta01,B,1.98,-0.98,1,4,6,2,6,0.5,1.0,naive,1
ABBAAAAA,blca_l10_k01_wi01_leak01_beta01,B,1.98,-0.98,1,4,6,2,6,0.5,1.0,lba_k01_d01,0
ABBAAAAA,blca_l10_k01_wi01_leak01_beta01,B,1.98,-0.98,1,4,6,2,6,0.5,1.0,abscount,0
ABBAAAAA,blca_l10_k01_wi01_leak01_beta01,B,1.98,-0.98,1,4,6,2,6,0.5,1.0,likelihood_ration,0
ABBAAAAA,gating_g04,N,,,,4,6,2,6,0.5,1.0,information,0
ABBAAAAA,gating_g04,N,,,,4,6,2,6,0.5,1.0,snr,0
ABBAAAAA,gating_g04,N,,,,4,6,2,6,0.5,1.0,relcount,-1
ABBAAAAA,gating_g04,N,,,,4,6,2,6,0.5,1.0,blca_l10_k01_wi01_leak01_beta01,0
ABBAAAAA,gating_g04,N,,,,4,6,2,6,0.5,1.0,naive,0
ABBAAAAA,gating_g04,N,,,,4,6,2,6,0.5,1.0,lba_k01_d01,0
ABBAAAAA,gating_g04,N,,,,4,6,2,6,0.5,1.0,abscount,-1
ABBAAAAA,gating_g04,N,,,,4,6,2,6,0.5,1.0,likelihood_ration,-1
ABBAAAAA,relcount,N,,,,4,6,2,6,0.5,1.0,information,0
ABBAAAAA,relcount,N,,,,4,6,2,6,0.5,1.0,snr,0
ABBAAAAA,relcount,N,,,,4,6,2,6,0.5,1.0,gating_g04,-1
ABBAAAAA,relcount,N,,,,4,6,2,6,0.5,1.0,blca_l10_k01_wi01_leak01_beta01,0
ABBAAAAA,relcount,N,,,,4,6,2,6,0.5,1.0,naive,0
ABBAAAAA,relcount,N,,,,4,6,2,6,0.5,1.0,lba_k01_d01,0
ABBAAAAA,relcount,N,,,,4,6,2,6,0.5,1.0,abscount,-1
ABBAAAAA,relcount,N,,,,4,6,2,6,0.5,1.0,likelihood_ration,-1
ABBAAAAA,likelihood_ration,N,,,,4,6,2,6,0.5,1.0,information,0
ABBAAAAA,likelihood_ration,N,,,,4,6,2,6,0.5,1.0,relcount,-1
ABBAAAAA,likelihood_ration,N,,,,4,6,2,6,0.5,1.0,snr,0
ABBAAAAA,likelihood_ration,N,,,,4,6,2,6,0.5,1.0,gating_g04,-1
ABBAAAAA,likelihood_ration,N,,,,4,6,2,6,0.5,1.0,blca_l10_k01_wi01_leak01_beta01,0
ABBAAAAA,likelihood_ration,N,,,,4,6,2,6,0.5,1.0,naive,0
ABBAAAAA,likelihood_ration,N,,,,4,6,2,6,0.5,1.0,lba_k01_d01,0
ABBAAAAA,likelihood_ration,N,,,,4,6,2,6,0.5,1.0,abscount,-1
AABAABBA,information,N,,,,3,5,3,5,0.75,0.5,relcount,-1
AABAABBA,information,N,,,,3,5,3,5,0.75,0.5,snr,0
AABAABBA,information,N,,,,3,5,3,5,0.75,0.5,gating_g04,-1
AABAABBA,information,N,,,,3,5,3,5,0.75,0.5,blca_l10_k01_wi01_leak01_beta01,0
AABAABBA,information,N,,,,3,5,3,5,0.75,0.5,naive,0
AABAABBA,information,N,,,,3,5,3,5,0.75,0.5,lba_k01_d01,0
AABAABBA,information,N,,,,3,5,3,5,0.75,0.5,abscount,-1
AABAABBA,information,N,,,,3,5,3,5,0.75,0.5,likelihood_ration,0
AABAABBA,naive,A,0.75,0,1,3,5,3,5,0.75,0.5,information,0
AABAABBA,naive,A,0.75,0,1,3,5,3,5,0.75,0.5,snr,0
AABAABBA,naive,A,0.75,0,1,3,5,3,5,0.75,0.5,relcount,0
AABAABBA,naive,A,0.75,0,1,3,5,3,5,0.75,0.5,blca_l10_k01_wi01_leak01_beta01,0
AABAABBA,naive,A,0.75,0,1,3,5,3,5,0.75,0.5,gating_g04,0
AABAABBA,naive,A,0.75,0,1,3,5,3,5,0.75,0.5,lba_k01_d01,1
AABAABBA,naive,A,0.75,0,1,3,5,3,5,0.75,0.5,abscount,0
AABAABBA,naive,A,0.75,0,1,3,5,3,5,0.75,0.5,likelihood_ration,1
AABAABBA,lba_k01_d01,A,0.8,0.1,7,3,5,3,5,0.75,0.5,information,0
AABAABBA,lba_k01_d01,A,0.8,0.1,7,3,5,3,5,0.75,0.5,relcount,0
AABAABBA,lba_k01_d01,A,0.8,0.1,7,3,5,3,5,0.75,0.5,snr,0
AABAABBA,lba_k01_d01,A,0.8,0.1,7,3,5,3,5,0.75,0.5,gating_g04,0
AABAABBA,lba_k01_d01,A,0.8,0.1,7,3,5,3,5,0.75,0.5,blca_l10_k01_wi01_leak01_beta01,0
AABAABBA,lba_k01_d01,A,0.8,0.1,7,3,5,3,5,0.75,0.5,naive,1
AABAABBA,lba_k01_d01,A,0.8,0.1,7,3,5,3,5,0.75,0.5,abscount,0
AABAABBA,lba_k01_d01,A,0.8,0.1,7,3,5,3,5,0.75,0.5,likelihood_ration,1
AABAABBA,abscount,N,,,,3,5,3,5,0.75,0.5,information,-1
AABAABBA,abscount,N,,,,3,5,3,5,0.75,0.5,snr,0
AABAABBA,abscount,N,,,,3,5,3,5,0.75,0.5,gating_g04,-1
AABAABBA,abscount,N,,,,3,5,3,5,0.75,0.5,blca_l10_k01_wi01_leak01_beta01,0
AABAABBA,abscount,N,,,,3,5,3,5,0.75,0.5,naive,0
AABAABBA,abscount,N,,,,3,5,3,5,0.75,0.5,lba_k01_d01,0
AABAABBA,abscount,N,,,,3,5,3,5,0.75,0.5,relcount,-1
AABAABBA,abscount,N,,,,3,5,3,5,0.75,0.5,likelihood_ration,0
AABAABBA,snr,B,1.5,0.0,3,3,5,3,5,0.75,0.5,information,0
AABAABBA,snr,B,1.5,0.0,3,3,5,3,5,0.75,0.5,gating_g04,0
AABAABBA,snr,B,1.5,0.0,3,3,5,3,5,0.75,0.5,relcount,0
AABAABBA,snr,B,1.5,0.0,3,3,5,3,5,0.75,0.5,blca_l10_k01_wi01_leak01_beta01,1
AABAABBA,snr,B,1.5,0.0,3,3,5,3,5,0.75,0.5,naive,0
AABAABBA,snr,B,1.5,0.0,3,3,5,3,5,0.75,0.5,lba_k01_d01,0
AABAABBA,snr,B,1.5,0.0,3,3,5,3,5,0.75,0.5,abscount,0
AABAABBA,snr,B,1.5,0.0,3,3,5,3,5,0.75,0.5,likelihood_ration,0
AABAABBA,blca_l10_k01_wi01_leak01_beta01,B,1.98,-0.98,1,3,5,3,5,0.75,0.5,information,0
AABAABBA,blca_l10_k01_wi01_leak01_beta01,B,1.98,-0.98,1,3,5,3,5,0.75,0.5,snr,1
AABAABBA,blca_l10_k01_wi01_leak01_beta01,B,1.98,-0.98,1,3,5,3,5,0.75,0.5,relcount,0
AABAABBA,blca_l10_k01_wi01_leak01_beta01,B,1.98,-0.98,1,3,5,3,5,0.75,0.5,gating_g04,0
AABAABBA,blca_l10_k01_wi01_leak01_beta01,B,1.98,-0.98,1,3,5,3,5,0.75,0.5,naive,0
AABAABBA,blca_l10_k01_wi01_leak01_beta01,B,1.98,-0.98,1,3,5,3,5,0.75,0.5,lba_k01_d01,0
AABAABBA,blca_l10_k01_wi01_leak01_beta01,B,1.98,-0.98,1,3,5,3,5,0.75,0.5,abscount,0
AABAABBA,blca_l10_k01_wi01_leak01_beta01,B,1.98,-0.98,1,3,5,3,5,0.75,0.5,likelihood_ration,0
AABAABBA,gating_g04,N,,,,3,5,3,5,0.75,0.5,information,-1
AABAABBA,gating_g04,N,,,,3,5,3,5,0.75,0.5,snr,0
AABAABBA,gating_g04,N,,,,3,5,3,5,0.75,0.5,relcount,-1
AABAABBA,gating_g04,N,,,,3,5,3,5,0.75,0.5,blca_l10_k01_wi01_leak01_beta01,0
AABAABBA,gating_g04,N,,,,3,5,3,5,0.75,0.5,naive,0
AABAABBA,gating_g04,N,,,,3,5,3,5,0.75,0.5,lba_k01_d01,0
AABAABBA,gating_g04,N,,,,3,5,3,5,0.75,0.5,abscount,-1
AABAABBA,gating_g04,N,,,,3,5,3,5,0.75,0.5,likelihood_ration,0
AABAABBA,relcount,N,,,,3,5,3,5,0.75,0.5,information,-1
AABAABBA,relcount,N,,,,3,5,3,5,0.75,0.5,snr,0
AABAABBA,relcount,N,,,,3,5,3,5,0.75,0.5,gating_g04,-1
AABAABBA,relcount,N,,,,3,5,3,5,0.75,0.5,blca_l10_k01_wi01_leak01_beta01,0
AABAABBA,relcount,N,,,,3,5,3,5,0.75,0.5,naive,0
AABAABBA,relcount,N,,,,3,5,3,5,0.75,0.5,lba_k01_d01,0
AABAABBA,relcount,N,,,,3,5,3,5,0.75,0.5,abscount,-1
AABAABBA,relcount,N,,,,3,5,3,5,0.75,0.5,likelihood_ration,0
AABAABBA,likelihood_ration,A,1.38021124171,0,5,3,5,3,5,0.75,0.5,information,0
AABAABBA,likelihood_ration,A,1.38021124171,0,5,3,5,3,5,0.75,0.5,relcount,0
AABAABBA,likelihood_ration,A,1.38021124171,0,5,3,5,3,5,0.75,0.5,snr,0
AABAABBA,likelihood_ration,A,1.38021124171,0,5,3,5,3,5,0.75,0.5,gating_g04,0
AABAABBA,likelihood_ration,A,1.38021124171,0,5,3,5,3,5,0.75,0.5,blca_l10_k01_wi01_leak01_beta01,0
AABAABBA,likelihood_ration,A,1.38021124171,0,5,3,5,3,5,0.75,0.5,naive,1
AABAABBA,likelihood_ration,A,1.38021124171,0,5,3,5,3,5,0.75,0.5,lba_k01_d01,1
AABAABBA,likelihood_ration,A,1.38021124171,0,5,3,5,3,5,0.75,0.5,abscount,0
